-3.840000e+02 -2.900000e+01 -3.500000e+01 -6.400000e+01
-3.840000e+02 -2.900000e+01 -3.500000e+01  6.400000e+01
-3.840000e+02 -2.900000e+01  9.300000e+01 -6.400000e+01
-3.840000e+02 -2.900000e+01  9.300000e+01  6.400000e+01
-3.840000e+02  9.900000e+01 -3.500000e+01 -6.400000e+01
-3.840000e+02  9.900000e+01 -3.500000e+01  6.400000e+01
-3.200000e+02 -2.210000e+02 -9.900000e+01  0.000000e+00
-3.200000e+02 -2.210000e+02  2.900000e+01  0.000000e+00
-3.200000e+02 -9.300000e+01 -2.270000e+02  0.000000e+00
-3.200000e+02 -9.300000e+01 -9.900000e+01 -1.280000e+02
-3.200000e+02 -9.300000e+01 -9.900000e+01  0.000000e+00
-3.200000e+02 -9.300000e+01 -9.900000e+01  1.280000e+02
-3.200000e+02 -9.300000e+01  2.900000e+01 -1.280000e+02
-3.200000e+02 -9.300000e+01  2.900000e+01  0.000000e+00
-3.200000e+02 -9.300000e+01  2.900000e+01  1.280000e+02
-3.200000e+02 -9.300000e+01  1.570000e+02 -1.280000e+02
-3.200000e+02 -9.300000e+01  1.570000e+02  0.000000e+00
-3.200000e+02 -9.300000e+01  1.570000e+02  1.280000e+02
-3.200000e+02  3.500000e+01 -2.270000e+02  0.000000e+00
-3.200000e+02  3.500000e+01 -9.900000e+01 -1.280000e+02
-3.200000e+02  3.500000e+01 -9.900000e+01  0.000000e+00
-3.200000e+02  3.500000e+01 -9.900000e+01  1.280000e+02
-3.200000e+02  3.500000e+01  2.900000e+01 -1.280000e+02
-3.200000e+02  3.500000e+01  2.900000e+01  0.000000e+00
-3.200000e+02  3.500000e+01  2.900000e+01  1.280000e+02
-3.200000e+02  3.500000e+01  1.570000e+02 -1.280000e+02
-3.200000e+02  3.500000e+01  1.570000e+02  0.000000e+00
-3.200000e+02  3.500000e+01  1.570000e+02  1.280000e+02
-3.200000e+02  1.630000e+02 -9.900000e+01 -1.280000e+02
-3.200000e+02  1.630000e+02 -9.900000e+01  0.000000e+00
-3.200000e+02  1.630000e+02 -9.900000e+01  1.280000e+02
-3.200000e+02  1.630000e+02  2.900000e+01 -1.280000e+02
-3.200000e+02  1.630000e+02  2.900000e+01  0.000000e+00
-3.200000e+02  1.630000e+02  2.900000e+01  1.280000e+02
-3.200000e+02  1.630000e+02  1.570000e+02  0.000000e+00
-2.560000e+02 -2.850000e+02 -3.500000e+01 -6.400000e+01
-2.560000e+02 -2.850000e+02 -3.500000e+01  6.400000e+01
-2.560000e+02 -2.850000e+02  9.300000e+01 -6.400000e+01
-2.560000e+02 -2.850000e+02  9.300000e+01  6.400000e+01
-2.560000e+02 -1.570000e+02 -1.630000e+02 -1.920000e+02
-2.560000e+02 -1.570000e+02 -1.630000e+02 -6.400000e+01
-2.560000e+02 -1.570000e+02 -1.630000e+02  6.400000e+01
-2.560000e+02 -1.570000e+02 -1.630000e+02  1.920000e+02
-2.560000e+02 -1.570000e+02 -3.500000e+01 -1.920000e+02
-2.560000e+02 -1.570000e+02 -3.500000e+01 -6.400000e+01
-2.560000e+02 -1.570000e+02 -3.500000e+01  6.400000e+01
-2.560000e+02 -1.570000e+02 -3.500000e+01  1.920000e+02
-2.560000e+02 -1.570000e+02  9.300000e+01 -1.920000e+02
-2.560000e+02 -1.570000e+02  9.300000e+01 -6.400000e+01
-2.560000e+02 -1.570000e+02  9.300000e+01  6.400000e+01
-2.560000e+02 -1.570000e+02  9.300000e+01  1.920000e+02
-2.560000e+02 -1.570000e+02  2.210000e+02 -6.400000e+01
-2.560000e+02 -1.570000e+02  2.210000e+02  6.400000e+01
-2.560000e+02 -2.900000e+01 -2.910000e+02 -6.400000e+01
-2.560000e+02 -2.900000e+01 -2.910000e+02  6.400000e+01
-2.560000e+02 -2.900000e+01 -1.630000e+02 -1.920000e+02
-2.560000e+02 -2.900000e+01 -1.630000e+02 -6.400000e+01
-2.560000e+02 -2.900000e+01 -1.630000e+02  6.400000e+01
-2.560000e+02 -2.900000e+01 -1.630000e+02  1.920000e+02
-2.560000e+02 -2.900000e+01 -3.500000e+01 -1.920000e+02
-2.560000e+02 -2.900000e+01 -3.500000e+01 -6.400000e+01
-2.560000e+02 -2.900000e+01 -3.500000e+01  6.400000e+01
-2.560000e+02 -2.900000e+01 -3.500000e+01  1.920000e+02
-2.560000e+02 -2.900000e+01  9.300000e+01 -1.920000e+02
-2.560000e+02 -2.900000e+01  9.300000e+01 -6.400000e+01
-2.560000e+02 -2.900000e+01  9.300000e+01  6.400000e+01
-2.560000e+02 -2.900000e+01  9.300000e+01  1.920000e+02
-2.560000e+02 -2.900000e+01  2.210000e+02 -1.920000e+02
-2.560000e+02 -2.900000e+01  2.210000e+02 -6.400000e+01
-2.560000e+02 -2.900000e+01  2.210000e+02  6.400000e+01
-2.560000e+02 -2.900000e+01  2.210000e+02  1.920000e+02
-2.560000e+02  9.900000e+01 -2.910000e+02 -6.400000e+01
-2.560000e+02  9.900000e+01 -2.910000e+02  6.400000e+01
-2.560000e+02  9.900000e+01 -1.630000e+02 -1.920000e+02
-2.560000e+02  9.900000e+01 -1.630000e+02 -6.400000e+01
-2.560000e+02  9.900000e+01 -1.630000e+02  6.400000e+01
-2.560000e+02  9.900000e+01 -1.630000e+02  1.920000e+02
-2.560000e+02  9.900000e+01 -3.500000e+01 -1.920000e+02
-2.560000e+02  9.900000e+01 -3.500000e+01 -6.400000e+01
-2.560000e+02  9.900000e+01 -3.500000e+01  6.400000e+01
-2.560000e+02  9.900000e+01 -3.500000e+01  1.920000e+02
-2.560000e+02  9.900000e+01  9.300000e+01 -1.920000e+02
-2.560000e+02  9.900000e+01  9.300000e+01 -6.400000e+01
-2.560000e+02  9.900000e+01  9.300000e+01  6.400000e+01
-2.560000e+02  9.900000e+01  9.300000e+01  1.920000e+02
-2.560000e+02  9.900000e+01  2.210000e+02 -1.920000e+02
-2.560000e+02  9.900000e+01  2.210000e+02 -6.400000e+01
-2.560000e+02  9.900000e+01  2.210000e+02  6.400000e+01
-2.560000e+02  9.900000e+01  2.210000e+02  1.920000e+02
-2.560000e+02  2.270000e+02 -1.630000e+02 -6.400000e+01
-2.560000e+02  2.270000e+02 -1.630000e+02  6.400000e+01
-2.560000e+02  2.270000e+02 -3.500000e+01 -1.920000e+02
-2.560000e+02  2.270000e+02 -3.500000e+01 -6.400000e+01
-2.560000e+02  2.270000e+02 -3.500000e+01  6.400000e+01
-2.560000e+02  2.270000e+02 -3.500000e+01  1.920000e+02
-2.560000e+02  2.270000e+02  9.300000e+01 -1.920000e+02
-2.560000e+02  2.270000e+02  9.300000e+01 -6.400000e+01
-2.560000e+02  2.270000e+02  9.300000e+01  6.400000e+01
-2.560000e+02  2.270000e+02  9.300000e+01  1.920000e+02
-1.920000e+02 -3.490000e+02  2.900000e+01  0.000000e+00
-1.920000e+02 -2.210000e+02 -2.270000e+02 -1.280000e+02
-1.920000e+02 -2.210000e+02 -2.270000e+02  0.000000e+00
-1.920000e+02 -2.210000e+02 -2.270000e+02  1.280000e+02
-1.920000e+02 -2.210000e+02 -9.900000e+01 -2.560000e+02
-1.920000e+02 -2.210000e+02 -9.900000e+01 -1.280000e+02
-1.920000e+02 -2.210000e+02 -9.900000e+01  0.000000e+00
-1.920000e+02 -2.210000e+02 -9.900000e+01  1.280000e+02
-1.920000e+02 -2.210000e+02 -9.900000e+01  2.560000e+02
-1.920000e+02 -2.210000e+02  2.900000e+01 -2.560000e+02
-1.920000e+02 -2.210000e+02  2.900000e+01 -1.280000e+02
-1.920000e+02 -2.210000e+02  2.900000e+01  0.000000e+00
-1.920000e+02 -2.210000e+02  2.900000e+01  1.280000e+02
-1.920000e+02 -2.210000e+02  2.900000e+01  2.560000e+02
-1.920000e+02 -2.210000e+02  1.570000e+02 -1.280000e+02
-1.920000e+02 -2.210000e+02  1.570000e+02  0.000000e+00
-1.920000e+02 -2.210000e+02  1.570000e+02  1.280000e+02
-1.920000e+02 -2.210000e+02  2.850000e+02  0.000000e+00
-1.920000e+02 -9.300000e+01 -2.270000e+02 -2.560000e+02
-1.920000e+02 -9.300000e+01 -2.270000e+02 -1.280000e+02
-1.920000e+02 -9.300000e+01 -2.270000e+02  0.000000e+00
-1.920000e+02 -9.300000e+01 -2.270000e+02  1.280000e+02
-1.920000e+02 -9.300000e+01 -2.270000e+02  2.560000e+02
-1.920000e+02 -9.300000e+01 -9.900000e+01 -2.560000e+02
-1.920000e+02 -9.300000e+01 -9.900000e+01 -1.280000e+02
-1.920000e+02 -9.300000e+01 -9.900000e+01  0.000000e+00
-1.920000e+02 -9.300000e+01 -9.900000e+01  1.280000e+02
-1.920000e+02 -9.300000e+01 -9.900000e+01  2.560000e+02
-1.920000e+02 -9.300000e+01  2.900000e+01 -2.560000e+02
-1.920000e+02 -9.300000e+01  2.900000e+01 -1.280000e+02
-1.920000e+02 -9.300000e+01  2.900000e+01  0.000000e+00
-1.920000e+02 -9.300000e+01  2.900000e+01  1.280000e+02
-1.920000e+02 -9.300000e+01  2.900000e+01  2.560000e+02
-1.920000e+02 -9.300000e+01  1.570000e+02 -2.560000e+02
-1.920000e+02 -9.300000e+01  1.570000e+02 -1.280000e+02
-1.920000e+02 -9.300000e+01  1.570000e+02  0.000000e+00
-1.920000e+02 -9.300000e+01  1.570000e+02  1.280000e+02
-1.920000e+02 -9.300000e+01  1.570000e+02  2.560000e+02
-1.920000e+02 -9.300000e+01  2.850000e+02 -1.280000e+02
-1.920000e+02 -9.300000e+01  2.850000e+02  0.000000e+00
-1.920000e+02 -9.300000e+01  2.850000e+02  1.280000e+02
-1.920000e+02  3.500000e+01 -3.550000e+02  0.000000e+00
-1.920000e+02  3.500000e+01 -2.270000e+02 -2.560000e+02
-1.920000e+02  3.500000e+01 -2.270000e+02 -1.280000e+02
-1.920000e+02  3.500000e+01 -2.270000e+02  0.000000e+00
-1.920000e+02  3.500000e+01 -2.270000e+02  1.280000e+02
-1.920000e+02  3.500000e+01 -2.270000e+02  2.560000e+02
-1.920000e+02  3.500000e+01 -9.900000e+01 -2.560000e+02
-1.920000e+02  3.500000e+01 -9.900000e+01 -1.280000e+02
-1.920000e+02  3.500000e+01 -9.900000e+01  0.000000e+00
-1.920000e+02  3.500000e+01 -9.900000e+01  1.280000e+02
-1.920000e+02  3.500000e+01 -9.900000e+01  2.560000e+02
-1.920000e+02  3.500000e+01  2.900000e+01 -2.560000e+02
-1.920000e+02  3.500000e+01  2.900000e+01 -1.280000e+02
-1.920000e+02  3.500000e+01  2.900000e+01  0.000000e+00
-1.920000e+02  3.500000e+01  2.900000e+01  1.280000e+02
-1.920000e+02  3.500000e+01  2.900000e+01  2.560000e+02
-1.920000e+02  3.500000e+01  1.570000e+02 -2.560000e+02
-1.920000e+02  3.500000e+01  1.570000e+02 -1.280000e+02
-1.920000e+02  3.500000e+01  1.570000e+02  0.000000e+00
-1.920000e+02  3.500000e+01  1.570000e+02  1.280000e+02
-1.920000e+02  3.500000e+01  1.570000e+02  2.560000e+02
-1.920000e+02  3.500000e+01  2.850000e+02 -1.280000e+02
-1.920000e+02  3.500000e+01  2.850000e+02  0.000000e+00
-1.920000e+02  3.500000e+01  2.850000e+02  1.280000e+02
-1.920000e+02  1.630000e+02 -2.270000e+02 -1.280000e+02
-1.920000e+02  1.630000e+02 -2.270000e+02  0.000000e+00
-1.920000e+02  1.630000e+02 -2.270000e+02  1.280000e+02
-1.920000e+02  1.630000e+02 -9.900000e+01 -2.560000e+02
-1.920000e+02  1.630000e+02 -9.900000e+01 -1.280000e+02
-1.920000e+02  1.630000e+02 -9.900000e+01  0.000000e+00
-1.920000e+02  1.630000e+02 -9.900000e+01  1.280000e+02
-1.920000e+02  1.630000e+02 -9.900000e+01  2.560000e+02
-1.920000e+02  1.630000e+02  2.900000e+01 -2.560000e+02
-1.920000e+02  1.630000e+02  2.900000e+01 -1.280000e+02
-1.920000e+02  1.630000e+02  2.900000e+01  0.000000e+00
-1.920000e+02  1.630000e+02  2.900000e+01  1.280000e+02
-1.920000e+02  1.630000e+02  2.900000e+01  2.560000e+02
-1.920000e+02  1.630000e+02  1.570000e+02 -2.560000e+02
-1.920000e+02  1.630000e+02  1.570000e+02 -1.280000e+02
-1.920000e+02  1.630000e+02  1.570000e+02  0.000000e+00
-1.920000e+02  1.630000e+02  1.570000e+02  1.280000e+02
-1.920000e+02  1.630000e+02  1.570000e+02  2.560000e+02
-1.920000e+02  1.630000e+02  2.850000e+02 -1.280000e+02
-1.920000e+02  1.630000e+02  2.850000e+02  0.000000e+00
-1.920000e+02  1.630000e+02  2.850000e+02  1.280000e+02
-1.920000e+02  2.910000e+02 -9.900000e+01 -1.280000e+02
-1.920000e+02  2.910000e+02 -9.900000e+01  0.000000e+00
-1.920000e+02  2.910000e+02 -9.900000e+01  1.280000e+02
-1.920000e+02  2.910000e+02  2.900000e+01 -1.280000e+02
-1.920000e+02  2.910000e+02  2.900000e+01  0.000000e+00
-1.920000e+02  2.910000e+02  2.900000e+01  1.280000e+02
-1.920000e+02  2.910000e+02  1.570000e+02 -1.280000e+02
-1.920000e+02  2.910000e+02  1.570000e+02  0.000000e+00
-1.920000e+02  2.910000e+02  1.570000e+02  1.280000e+02
-1.280000e+02 -2.850000e+02 -1.630000e+02 -1.920000e+02
-1.280000e+02 -2.850000e+02 -1.630000e+02 -6.400000e+01
-1.280000e+02 -2.850000e+02 -1.630000e+02  6.400000e+01
-1.280000e+02 -2.850000e+02 -1.630000e+02  1.920000e+02
-1.280000e+02 -2.850000e+02 -3.500000e+01 -1.920000e+02
-1.280000e+02 -2.850000e+02 -3.500000e+01 -6.400000e+01
-1.280000e+02 -2.850000e+02 -3.500000e+01  6.400000e+01
-1.280000e+02 -2.850000e+02 -3.500000e+01  1.920000e+02
-1.280000e+02 -2.850000e+02  9.300000e+01 -1.920000e+02
-1.280000e+02 -2.850000e+02  9.300000e+01 -6.400000e+01
-1.280000e+02 -2.850000e+02  9.300000e+01  6.400000e+01
-1.280000e+02 -2.850000e+02  9.300000e+01  1.920000e+02
-1.280000e+02 -2.850000e+02  2.210000e+02 -6.400000e+01
-1.280000e+02 -2.850000e+02  2.210000e+02  6.400000e+01
-1.280000e+02 -1.570000e+02 -2.910000e+02 -1.920000e+02
-1.280000e+02 -1.570000e+02 -2.910000e+02 -6.400000e+01
-1.280000e+02 -1.570000e+02 -2.910000e+02  6.400000e+01
-1.280000e+02 -1.570000e+02 -2.910000e+02  1.920000e+02
-1.280000e+02 -1.570000e+02 -1.630000e+02 -1.920000e+02
-1.280000e+02 -1.570000e+02 -1.630000e+02 -6.400000e+01
-1.280000e+02 -1.570000e+02 -1.630000e+02  6.400000e+01
-1.280000e+02 -1.570000e+02 -1.630000e+02  1.920000e+02
-1.280000e+02 -1.570000e+02 -3.500000e+01 -3.200000e+02
-1.280000e+02 -1.570000e+02 -3.500000e+01 -1.920000e+02
-1.280000e+02 -1.570000e+02 -3.500000e+01 -6.400000e+01
-1.280000e+02 -1.570000e+02 -3.500000e+01  6.400000e+01
-1.280000e+02 -1.570000e+02 -3.500000e+01  1.920000e+02
-1.280000e+02 -1.570000e+02 -3.500000e+01  3.200000e+02
-1.280000e+02 -1.570000e+02  9.300000e+01 -3.200000e+02
-1.280000e+02 -1.570000e+02  9.300000e+01 -1.920000e+02
-1.280000e+02 -1.570000e+02  9.300000e+01 -6.400000e+01
-1.280000e+02 -1.570000e+02  9.300000e+01  6.400000e+01
-1.280000e+02 -1.570000e+02  9.300000e+01  1.920000e+02
-1.280000e+02 -1.570000e+02  9.300000e+01  3.200000e+02
-1.280000e+02 -1.570000e+02  2.210000e+02 -1.920000e+02
-1.280000e+02 -1.570000e+02  2.210000e+02 -6.400000e+01
-1.280000e+02 -1.570000e+02  2.210000e+02  6.400000e+01
-1.280000e+02 -1.570000e+02  2.210000e+02  1.920000e+02
-1.280000e+02 -1.570000e+02  3.490000e+02 -6.400000e+01
-1.280000e+02 -1.570000e+02  3.490000e+02  6.400000e+01
-1.280000e+02 -2.900000e+01 -2.910000e+02 -1.920000e+02
-1.280000e+02 -2.900000e+01 -2.910000e+02 -6.400000e+01
-1.280000e+02 -2.900000e+01 -2.910000e+02  6.400000e+01
-1.280000e+02 -2.900000e+01 -2.910000e+02  1.920000e+02
-1.280000e+02 -2.900000e+01 -1.630000e+02 -3.200000e+02
-1.280000e+02 -2.900000e+01 -1.630000e+02 -1.920000e+02
-1.280000e+02 -2.900000e+01 -1.630000e+02 -6.400000e+01
-1.280000e+02 -2.900000e+01 -1.630000e+02  6.400000e+01
-1.280000e+02 -2.900000e+01 -1.630000e+02  1.920000e+02
-1.280000e+02 -2.900000e+01 -1.630000e+02  3.200000e+02
-1.280000e+02 -2.900000e+01 -3.500000e+01 -3.200000e+02
-1.280000e+02 -2.900000e+01 -3.500000e+01 -1.920000e+02
-1.280000e+02 -2.900000e+01 -3.500000e+01 -6.400000e+01
-1.280000e+02 -2.900000e+01 -3.500000e+01  6.400000e+01
-1.280000e+02 -2.900000e+01 -3.500000e+01  1.920000e+02
-1.280000e+02 -2.900000e+01 -3.500000e+01  3.200000e+02
-1.280000e+02 -2.900000e+01  9.300000e+01 -3.200000e+02
-1.280000e+02 -2.900000e+01  9.300000e+01 -1.920000e+02
-1.280000e+02 -2.900000e+01  9.300000e+01 -6.400000e+01
-1.280000e+02 -2.900000e+01  9.300000e+01  6.400000e+01
-1.280000e+02 -2.900000e+01  9.300000e+01  1.920000e+02
-1.280000e+02 -2.900000e+01  9.300000e+01  3.200000e+02
-1.280000e+02 -2.900000e+01  2.210000e+02 -1.920000e+02
-1.280000e+02 -2.900000e+01  2.210000e+02 -6.400000e+01
-1.280000e+02 -2.900000e+01  2.210000e+02  6.400000e+01
-1.280000e+02 -2.900000e+01  2.210000e+02  1.920000e+02
-1.280000e+02 -2.900000e+01  3.490000e+02 -6.400000e+01
-1.280000e+02 -2.900000e+01  3.490000e+02  6.400000e+01
-1.280000e+02  9.900000e+01 -2.910000e+02 -1.920000e+02
-1.280000e+02  9.900000e+01 -2.910000e+02 -6.400000e+01
-1.280000e+02  9.900000e+01 -2.910000e+02  6.400000e+01
-1.280000e+02  9.900000e+01 -2.910000e+02  1.920000e+02
-1.280000e+02  9.900000e+01 -1.630000e+02 -3.200000e+02
-1.280000e+02  9.900000e+01 -1.630000e+02 -1.920000e+02
-1.280000e+02  9.900000e+01 -1.630000e+02 -6.400000e+01
-1.280000e+02  9.900000e+01 -1.630000e+02  6.400000e+01
-1.280000e+02  9.900000e+01 -1.630000e+02  1.920000e+02
-1.280000e+02  9.900000e+01 -1.630000e+02  3.200000e+02
-1.280000e+02  9.900000e+01 -3.500000e+01 -3.200000e+02
-1.280000e+02  9.900000e+01 -3.500000e+01 -1.920000e+02
-1.280000e+02  9.900000e+01 -3.500000e+01 -6.400000e+01
-1.280000e+02  9.900000e+01 -3.500000e+01  6.400000e+01
-1.280000e+02  9.900000e+01 -3.500000e+01  1.920000e+02
-1.280000e+02  9.900000e+01 -3.500000e+01  3.200000e+02
-1.280000e+02  9.900000e+01  9.300000e+01 -3.200000e+02
-1.280000e+02  9.900000e+01  9.300000e+01 -1.920000e+02
-1.280000e+02  9.900000e+01  9.300000e+01 -6.400000e+01
-1.280000e+02  9.900000e+01  9.300000e+01  6.400000e+01
-1.280000e+02  9.900000e+01  9.300000e+01  1.920000e+02
-1.280000e+02  9.900000e+01  9.300000e+01  3.200000e+02
-1.280000e+02  9.900000e+01  2.210000e+02 -1.920000e+02
-1.280000e+02  9.900000e+01  2.210000e+02 -6.400000e+01
-1.280000e+02  9.900000e+01  2.210000e+02  6.400000e+01
-1.280000e+02  9.900000e+01  2.210000e+02  1.920000e+02
-1.280000e+02  9.900000e+01  3.490000e+02 -6.400000e+01
-1.280000e+02  9.900000e+01  3.490000e+02  6.400000e+01
-1.280000e+02  2.270000e+02 -2.910000e+02 -6.400000e+01
-1.280000e+02  2.270000e+02 -2.910000e+02  6.400000e+01
-1.280000e+02  2.270000e+02 -1.630000e+02 -1.920000e+02
-1.280000e+02  2.270000e+02 -1.630000e+02 -6.400000e+01
-1.280000e+02  2.270000e+02 -1.630000e+02  6.400000e+01
-1.280000e+02  2.270000e+02 -1.630000e+02  1.920000e+02
-1.280000e+02  2.270000e+02 -3.500000e+01 -1.920000e+02
-1.280000e+02  2.270000e+02 -3.500000e+01 -6.400000e+01
-1.280000e+02  2.270000e+02 -3.500000e+01  6.400000e+01
-1.280000e+02  2.270000e+02 -3.500000e+01  1.920000e+02
-1.280000e+02  2.270000e+02  9.300000e+01 -1.920000e+02
-1.280000e+02  2.270000e+02  9.300000e+01 -6.400000e+01
-1.280000e+02  2.270000e+02  9.300000e+01  6.400000e+01
-1.280000e+02  2.270000e+02  9.300000e+01  1.920000e+02
-1.280000e+02  2.270000e+02  2.210000e+02 -1.920000e+02
-1.280000e+02  2.270000e+02  2.210000e+02 -6.400000e+01
-1.280000e+02  2.270000e+02  2.210000e+02  6.400000e+01
-1.280000e+02  2.270000e+02  2.210000e+02  1.920000e+02
-1.280000e+02  3.550000e+02 -3.500000e+01 -6.400000e+01
-1.280000e+02  3.550000e+02 -3.500000e+01  6.400000e+01
-1.280000e+02  3.550000e+02  9.300000e+01 -6.400000e+01
-1.280000e+02  3.550000e+02  9.300000e+01  6.400000e+01
-6.400000e+01 -3.490000e+02 -9.900000e+01 -1.280000e+02
-6.400000e+01 -3.490000e+02 -9.900000e+01  0.000000e+00
-6.400000e+01 -3.490000e+02 -9.900000e+01  1.280000e+02
-6.400000e+01 -3.490000e+02  2.900000e+01 -1.280000e+02
-6.400000e+01 -3.490000e+02  2.900000e+01  0.000000e+00
-6.400000e+01 -3.490000e+02  2.900000e+01  1.280000e+02
-6.400000e+01 -3.490000e+02  1.570000e+02 -1.280000e+02
-6.400000e+01 -3.490000e+02  1.570000e+02  0.000000e+00
-6.400000e+01 -3.490000e+02  1.570000e+02  1.280000e+02
-6.400000e+01 -2.210000e+02 -2.270000e+02 -1.280000e+02
-6.400000e+01 -2.210000e+02 -2.270000e+02  0.000000e+00
-6.400000e+01 -2.210000e+02 -2.270000e+02  1.280000e+02
-6.400000e+01 -2.210000e+02 -9.900000e+01 -2.560000e+02
-6.400000e+01 -2.210000e+02 -9.900000e+01 -1.280000e+02
-6.400000e+01 -2.210000e+02 -9.900000e+01  0.000000e+00
-6.400000e+01 -2.210000e+02 -9.900000e+01  1.280000e+02
-6.400000e+01 -2.210000e+02 -9.900000e+01  2.560000e+02
-6.400000e+01 -2.210000e+02  2.900000e+01 -2.560000e+02
-6.400000e+01 -2.210000e+02  2.900000e+01 -1.280000e+02
-6.400000e+01 -2.210000e+02  2.900000e+01  0.000000e+00
-6.400000e+01 -2.210000e+02  2.900000e+01  1.280000e+02
-6.400000e+01 -2.210000e+02  2.900000e+01  2.560000e+02
-6.400000e+01 -2.210000e+02  1.570000e+02 -2.560000e+02
-6.400000e+01 -2.210000e+02  1.570000e+02 -1.280000e+02
-6.400000e+01 -2.210000e+02  1.570000e+02  0.000000e+00
-6.400000e+01 -2.210000e+02  1.570000e+02  1.280000e+02
-6.400000e+01 -2.210000e+02  1.570000e+02  2.560000e+02
-6.400000e+01 -2.210000e+02  2.850000e+02 -1.280000e+02
-6.400000e+01 -2.210000e+02  2.850000e+02  0.000000e+00
-6.400000e+01 -2.210000e+02  2.850000e+02  1.280000e+02
-6.400000e+01 -9.300000e+01 -3.550000e+02 -1.280000e+02
-6.400000e+01 -9.300000e+01 -3.550000e+02  0.000000e+00
-6.400000e+01 -9.300000e+01 -3.550000e+02  1.280000e+02
-6.400000e+01 -9.300000e+01 -2.270000e+02 -2.560000e+02
-6.400000e+01 -9.300000e+01 -2.270000e+02 -1.280000e+02
-6.400000e+01 -9.300000e+01 -2.270000e+02  0.000000e+00
-6.400000e+01 -9.300000e+01 -2.270000e+02  1.280000e+02
-6.400000e+01 -9.300000e+01 -2.270000e+02  2.560000e+02
-6.400000e+01 -9.300000e+01 -9.900000e+01 -2.560000e+02
-6.400000e+01 -9.300000e+01 -9.900000e+01 -1.280000e+02
-6.400000e+01 -9.300000e+01 -9.900000e+01  0.000000e+00
-6.400000e+01 -9.300000e+01 -9.900000e+01  1.280000e+02
-6.400000e+01 -9.300000e+01 -9.900000e+01  2.560000e+02
-6.400000e+01 -9.300000e+01  2.900000e+01 -3.840000e+02
-6.400000e+01 -9.300000e+01  2.900000e+01 -2.560000e+02
-6.400000e+01 -9.300000e+01  2.900000e+01 -1.280000e+02
-6.400000e+01 -9.300000e+01  2.900000e+01  0.000000e+00
-6.400000e+01 -9.300000e+01  2.900000e+01  1.280000e+02
-6.400000e+01 -9.300000e+01  2.900000e+01  2.560000e+02
-6.400000e+01 -9.300000e+01  2.900000e+01  3.840000e+02
-6.400000e+01 -9.300000e+01  1.570000e+02 -2.560000e+02
-6.400000e+01 -9.300000e+01  1.570000e+02 -1.280000e+02
-6.400000e+01 -9.300000e+01  1.570000e+02  0.000000e+00
-6.400000e+01 -9.300000e+01  1.570000e+02  1.280000e+02
-6.400000e+01 -9.300000e+01  1.570000e+02  2.560000e+02
-6.400000e+01 -9.300000e+01  2.850000e+02 -2.560000e+02
-6.400000e+01 -9.300000e+01  2.850000e+02 -1.280000e+02
-6.400000e+01 -9.300000e+01  2.850000e+02  0.000000e+00
-6.400000e+01 -9.300000e+01  2.850000e+02  1.280000e+02
-6.400000e+01 -9.300000e+01  2.850000e+02  2.560000e+02
-6.400000e+01  3.500000e+01 -3.550000e+02 -1.280000e+02
-6.400000e+01  3.500000e+01 -3.550000e+02  0.000000e+00
-6.400000e+01  3.500000e+01 -3.550000e+02  1.280000e+02
-6.400000e+01  3.500000e+01 -2.270000e+02 -2.560000e+02
-6.400000e+01  3.500000e+01 -2.270000e+02 -1.280000e+02
-6.400000e+01  3.500000e+01 -2.270000e+02  0.000000e+00
-6.400000e+01  3.500000e+01 -2.270000e+02  1.280000e+02
-6.400000e+01  3.500000e+01 -2.270000e+02  2.560000e+02
-6.400000e+01  3.500000e+01 -9.900000e+01 -3.840000e+02
-6.400000e+01  3.500000e+01 -9.900000e+01 -2.560000e+02
-6.400000e+01  3.500000e+01 -9.900000e+01 -1.280000e+02
-6.400000e+01  3.500000e+01 -9.900000e+01  0.000000e+00
-6.400000e+01  3.500000e+01 -9.900000e+01  1.280000e+02
-6.400000e+01  3.500000e+01 -9.900000e+01  2.560000e+02
-6.400000e+01  3.500000e+01 -9.900000e+01  3.840000e+02
-6.400000e+01  3.500000e+01  2.900000e+01 -3.840000e+02
-6.400000e+01  3.500000e+01  2.900000e+01 -2.560000e+02
-6.400000e+01  3.500000e+01  2.900000e+01 -1.280000e+02
-6.400000e+01  3.500000e+01  2.900000e+01  0.000000e+00
-6.400000e+01  3.500000e+01  2.900000e+01  1.280000e+02
-6.400000e+01  3.500000e+01  2.900000e+01  2.560000e+02
-6.400000e+01  3.500000e+01  2.900000e+01  3.840000e+02
-6.400000e+01  3.500000e+01  1.570000e+02 -2.560000e+02
-6.400000e+01  3.500000e+01  1.570000e+02 -1.280000e+02
-6.400000e+01  3.500000e+01  1.570000e+02  0.000000e+00
-6.400000e+01  3.500000e+01  1.570000e+02  1.280000e+02
-6.400000e+01  3.500000e+01  1.570000e+02  2.560000e+02
-6.400000e+01  3.500000e+01  2.850000e+02 -2.560000e+02
-6.400000e+01  3.500000e+01  2.850000e+02 -1.280000e+02
-6.400000e+01  3.500000e+01  2.850000e+02  0.000000e+00
-6.400000e+01  3.500000e+01  2.850000e+02  1.280000e+02
-6.400000e+01  3.500000e+01  2.850000e+02  2.560000e+02
-6.400000e+01  1.630000e+02 -3.550000e+02  0.000000e+00
-6.400000e+01  1.630000e+02 -2.270000e+02 -2.560000e+02
-6.400000e+01  1.630000e+02 -2.270000e+02 -1.280000e+02
-6.400000e+01  1.630000e+02 -2.270000e+02  0.000000e+00
-6.400000e+01  1.630000e+02 -2.270000e+02  1.280000e+02
-6.400000e+01  1.630000e+02 -2.270000e+02  2.560000e+02
-6.400000e+01  1.630000e+02 -9.900000e+01 -2.560000e+02
-6.400000e+01  1.630000e+02 -9.900000e+01 -1.280000e+02
-6.400000e+01  1.630000e+02 -9.900000e+01  0.000000e+00
-6.400000e+01  1.630000e+02 -9.900000e+01  1.280000e+02
-6.400000e+01  1.630000e+02 -9.900000e+01  2.560000e+02
-6.400000e+01  1.630000e+02  2.900000e+01 -2.560000e+02
-6.400000e+01  1.630000e+02  2.900000e+01 -1.280000e+02
-6.400000e+01  1.630000e+02  2.900000e+01  0.000000e+00
-6.400000e+01  1.630000e+02  2.900000e+01  1.280000e+02
-6.400000e+01  1.630000e+02  2.900000e+01  2.560000e+02
-6.400000e+01  1.630000e+02  1.570000e+02 -2.560000e+02
-6.400000e+01  1.630000e+02  1.570000e+02 -1.280000e+02
-6.400000e+01  1.630000e+02  1.570000e+02  0.000000e+00
-6.400000e+01  1.630000e+02  1.570000e+02  1.280000e+02
-6.400000e+01  1.630000e+02  1.570000e+02  2.560000e+02
-6.400000e+01  1.630000e+02  2.850000e+02 -1.280000e+02
-6.400000e+01  1.630000e+02  2.850000e+02  0.000000e+00
-6.400000e+01  1.630000e+02  2.850000e+02  1.280000e+02
-6.400000e+01  2.910000e+02 -2.270000e+02 -1.280000e+02
-6.400000e+01  2.910000e+02 -2.270000e+02  0.000000e+00
-6.400000e+01  2.910000e+02 -2.270000e+02  1.280000e+02
-6.400000e+01  2.910000e+02 -9.900000e+01 -2.560000e+02
-6.400000e+01  2.910000e+02 -9.900000e+01 -1.280000e+02
-6.400000e+01  2.910000e+02 -9.900000e+01  0.000000e+00
-6.400000e+01  2.910000e+02 -9.900000e+01  1.280000e+02
-6.400000e+01  2.910000e+02 -9.900000e+01  2.560000e+02
-6.400000e+01  2.910000e+02  2.900000e+01 -2.560000e+02
-6.400000e+01  2.910000e+02  2.900000e+01 -1.280000e+02
-6.400000e+01  2.910000e+02  2.900000e+01  0.000000e+00
-6.400000e+01  2.910000e+02  2.900000e+01  1.280000e+02
-6.400000e+01  2.910000e+02  2.900000e+01  2.560000e+02
-6.400000e+01  2.910000e+02  1.570000e+02 -1.280000e+02
-6.400000e+01  2.910000e+02  1.570000e+02  0.000000e+00
-6.400000e+01  2.910000e+02  1.570000e+02  1.280000e+02
 0.000000e+00 -2.850000e+02 -1.630000e+02 -1.920000e+02
 0.000000e+00 -2.850000e+02 -1.630000e+02 -6.400000e+01
 0.000000e+00 -2.850000e+02 -1.630000e+02  6.400000e+01
 0.000000e+00 -2.850000e+02 -1.630000e+02  1.920000e+02
 0.000000e+00 -2.850000e+02 -3.500000e+01 -1.920000e+02
 0.000000e+00 -2.850000e+02 -3.500000e+01 -6.400000e+01
 0.000000e+00 -2.850000e+02 -3.500000e+01  6.400000e+01
 0.000000e+00 -2.850000e+02 -3.500000e+01  1.920000e+02
 0.000000e+00 -2.850000e+02  9.300000e+01 -1.920000e+02
 0.000000e+00 -2.850000e+02  9.300000e+01 -6.400000e+01
 0.000000e+00 -2.850000e+02  9.300000e+01  6.400000e+01
 0.000000e+00 -2.850000e+02  9.300000e+01  1.920000e+02
 0.000000e+00 -2.850000e+02  2.210000e+02 -1.920000e+02
 0.000000e+00 -2.850000e+02  2.210000e+02 -6.400000e+01
 0.000000e+00 -2.850000e+02  2.210000e+02  6.400000e+01
 0.000000e+00 -2.850000e+02  2.210000e+02  1.920000e+02
 0.000000e+00 -1.570000e+02 -2.910000e+02 -1.920000e+02
 0.000000e+00 -1.570000e+02 -2.910000e+02 -6.400000e+01
 0.000000e+00 -1.570000e+02 -2.910000e+02  6.400000e+01
 0.000000e+00 -1.570000e+02 -2.910000e+02  1.920000e+02
 0.000000e+00 -1.570000e+02 -1.630000e+02 -3.200000e+02
 0.000000e+00 -1.570000e+02 -1.630000e+02 -1.920000e+02
 0.000000e+00 -1.570000e+02 -1.630000e+02 -6.400000e+01
 0.000000e+00 -1.570000e+02 -1.630000e+02  6.400000e+01
 0.000000e+00 -1.570000e+02 -1.630000e+02  1.920000e+02
 0.000000e+00 -1.570000e+02 -1.630000e+02  3.200000e+02
 0.000000e+00 -1.570000e+02 -3.500000e+01 -3.200000e+02
 0.000000e+00 -1.570000e+02 -3.500000e+01 -1.920000e+02
 0.000000e+00 -1.570000e+02 -3.500000e+01 -6.400000e+01
 0.000000e+00 -1.570000e+02 -3.500000e+01  6.400000e+01
 0.000000e+00 -1.570000e+02 -3.500000e+01  1.920000e+02
 0.000000e+00 -1.570000e+02 -3.500000e+01  3.200000e+02
 0.000000e+00 -1.570000e+02  9.300000e+01 -3.200000e+02
 0.000000e+00 -1.570000e+02  9.300000e+01 -1.920000e+02
 0.000000e+00 -1.570000e+02  9.300000e+01 -6.400000e+01
 0.000000e+00 -1.570000e+02  9.300000e+01  6.400000e+01
 0.000000e+00 -1.570000e+02  9.300000e+01  1.920000e+02
 0.000000e+00 -1.570000e+02  9.300000e+01  3.200000e+02
 0.000000e+00 -1.570000e+02  2.210000e+02 -1.920000e+02
 0.000000e+00 -1.570000e+02  2.210000e+02 -6.400000e+01
 0.000000e+00 -1.570000e+02  2.210000e+02  6.400000e+01
 0.000000e+00 -1.570000e+02  2.210000e+02  1.920000e+02
 0.000000e+00 -1.570000e+02  3.490000e+02 -6.400000e+01
 0.000000e+00 -1.570000e+02  3.490000e+02  6.400000e+01
 0.000000e+00 -2.900000e+01 -2.910000e+02 -1.920000e+02
 0.000000e+00 -2.900000e+01 -2.910000e+02 -6.400000e+01
 0.000000e+00 -2.900000e+01 -2.910000e+02  6.400000e+01
 0.000000e+00 -2.900000e+01 -2.910000e+02  1.920000e+02
 0.000000e+00 -2.900000e+01 -1.630000e+02 -3.200000e+02
 0.000000e+00 -2.900000e+01 -1.630000e+02 -1.920000e+02
 0.000000e+00 -2.900000e+01 -1.630000e+02 -6.400000e+01
 0.000000e+00 -2.900000e+01 -1.630000e+02  6.400000e+01
 0.000000e+00 -2.900000e+01 -1.630000e+02  1.920000e+02
 0.000000e+00 -2.900000e+01 -1.630000e+02  3.200000e+02
 0.000000e+00 -2.900000e+01 -3.500000e+01 -3.200000e+02
 0.000000e+00 -2.900000e+01 -3.500000e+01 -1.920000e+02
 0.000000e+00 -2.900000e+01 -3.500000e+01 -6.400000e+01
 0.000000e+00 -2.900000e+01 -3.500000e+01  6.400000e+01
 0.000000e+00 -2.900000e+01 -3.500000e+01  1.920000e+02
 0.000000e+00 -2.900000e+01 -3.500000e+01  3.200000e+02
 0.000000e+00 -2.900000e+01  9.300000e+01 -3.200000e+02
 0.000000e+00 -2.900000e+01  9.300000e+01 -1.920000e+02
 0.000000e+00 -2.900000e+01  9.300000e+01 -6.400000e+01
 0.000000e+00 -2.900000e+01  9.300000e+01  6.400000e+01
 0.000000e+00 -2.900000e+01  9.300000e+01  1.920000e+02
 0.000000e+00 -2.900000e+01  9.300000e+01  3.200000e+02
 0.000000e+00 -2.900000e+01  2.210000e+02 -3.200000e+02
 0.000000e+00 -2.900000e+01  2.210000e+02 -1.920000e+02
 0.000000e+00 -2.900000e+01  2.210000e+02 -6.400000e+01
 0.000000e+00 -2.900000e+01  2.210000e+02  6.400000e+01
 0.000000e+00 -2.900000e+01  2.210000e+02  1.920000e+02
 0.000000e+00 -2.900000e+01  2.210000e+02  3.200000e+02
 0.000000e+00 -2.900000e+01  3.490000e+02 -1.920000e+02
 0.000000e+00 -2.900000e+01  3.490000e+02 -6.400000e+01
 0.000000e+00 -2.900000e+01  3.490000e+02  6.400000e+01
 0.000000e+00 -2.900000e+01  3.490000e+02  1.920000e+02
 0.000000e+00  9.900000e+01 -2.910000e+02 -1.920000e+02
 0.000000e+00  9.900000e+01 -2.910000e+02 -6.400000e+01
 0.000000e+00  9.900000e+01 -2.910000e+02  6.400000e+01
 0.000000e+00  9.900000e+01 -2.910000e+02  1.920000e+02
 0.000000e+00  9.900000e+01 -1.630000e+02 -3.200000e+02
 0.000000e+00  9.900000e+01 -1.630000e+02 -1.920000e+02
 0.000000e+00  9.900000e+01 -1.630000e+02 -6.400000e+01
 0.000000e+00  9.900000e+01 -1.630000e+02  6.400000e+01
 0.000000e+00  9.900000e+01 -1.630000e+02  1.920000e+02
 0.000000e+00  9.900000e+01 -1.630000e+02  3.200000e+02
 0.000000e+00  9.900000e+01 -3.500000e+01 -3.200000e+02
 0.000000e+00  9.900000e+01 -3.500000e+01 -1.920000e+02
 0.000000e+00  9.900000e+01 -3.500000e+01 -6.400000e+01
 0.000000e+00  9.900000e+01 -3.500000e+01  6.400000e+01
 0.000000e+00  9.900000e+01 -3.500000e+01  1.920000e+02
 0.000000e+00  9.900000e+01 -3.500000e+01  3.200000e+02
 0.000000e+00  9.900000e+01  9.300000e+01 -3.200000e+02
 0.000000e+00  9.900000e+01  9.300000e+01 -1.920000e+02
 0.000000e+00  9.900000e+01  9.300000e+01 -6.400000e+01
 0.000000e+00  9.900000e+01  9.300000e+01  6.400000e+01
 0.000000e+00  9.900000e+01  9.300000e+01  1.920000e+02
 0.000000e+00  9.900000e+01  9.300000e+01  3.200000e+02
 0.000000e+00  9.900000e+01  2.210000e+02 -3.200000e+02
 0.000000e+00  9.900000e+01  2.210000e+02 -1.920000e+02
 0.000000e+00  9.900000e+01  2.210000e+02 -6.400000e+01
 0.000000e+00  9.900000e+01  2.210000e+02  6.400000e+01
 0.000000e+00  9.900000e+01  2.210000e+02  1.920000e+02
 0.000000e+00  9.900000e+01  2.210000e+02  3.200000e+02
 0.000000e+00  9.900000e+01  3.490000e+02 -6.400000e+01
 0.000000e+00  9.900000e+01  3.490000e+02  6.400000e+01
 0.000000e+00  2.270000e+02 -2.910000e+02 -6.400000e+01
 0.000000e+00  2.270000e+02 -2.910000e+02  6.400000e+01
 0.000000e+00  2.270000e+02 -1.630000e+02 -1.920000e+02
 0.000000e+00  2.270000e+02 -1.630000e+02 -6.400000e+01
 0.000000e+00  2.270000e+02 -1.630000e+02  6.400000e+01
 0.000000e+00  2.270000e+02 -1.630000e+02  1.920000e+02
 0.000000e+00  2.270000e+02 -3.500000e+01 -3.200000e+02
 0.000000e+00  2.270000e+02 -3.500000e+01 -1.920000e+02
 0.000000e+00  2.270000e+02 -3.500000e+01 -6.400000e+01
 0.000000e+00  2.270000e+02 -3.500000e+01  6.400000e+01
 0.000000e+00  2.270000e+02 -3.500000e+01  1.920000e+02
 0.000000e+00  2.270000e+02 -3.500000e+01  3.200000e+02
 0.000000e+00  2.270000e+02  9.300000e+01 -3.200000e+02
 0.000000e+00  2.270000e+02  9.300000e+01 -1.920000e+02
 0.000000e+00  2.270000e+02  9.300000e+01 -6.400000e+01
 0.000000e+00  2.270000e+02  9.300000e+01  6.400000e+01
 0.000000e+00  2.270000e+02  9.300000e+01  1.920000e+02
 0.000000e+00  2.270000e+02  9.300000e+01  3.200000e+02
 0.000000e+00  2.270000e+02  2.210000e+02 -1.920000e+02
 0.000000e+00  2.270000e+02  2.210000e+02 -6.400000e+01
 0.000000e+00  2.270000e+02  2.210000e+02  6.400000e+01
 0.000000e+00  2.270000e+02  2.210000e+02  1.920000e+02
 0.000000e+00  3.550000e+02 -1.630000e+02 -6.400000e+01
 0.000000e+00  3.550000e+02 -1.630000e+02  6.400000e+01
 0.000000e+00  3.550000e+02 -3.500000e+01 -1.920000e+02
 0.000000e+00  3.550000e+02 -3.500000e+01 -6.400000e+01
 0.000000e+00  3.550000e+02 -3.500000e+01  6.400000e+01
 0.000000e+00  3.550000e+02 -3.500000e+01  1.920000e+02
 0.000000e+00  3.550000e+02  9.300000e+01 -6.400000e+01
 0.000000e+00  3.550000e+02  9.300000e+01  6.400000e+01
 6.400000e+01 -3.490000e+02 -9.900000e+01 -1.280000e+02
 6.400000e+01 -3.490000e+02 -9.900000e+01  0.000000e+00
 6.400000e+01 -3.490000e+02 -9.900000e+01  1.280000e+02
 6.400000e+01 -3.490000e+02  2.900000e+01 -1.280000e+02
 6.400000e+01 -3.490000e+02  2.900000e+01  0.000000e+00
 6.400000e+01 -3.490000e+02  2.900000e+01  1.280000e+02
 6.400000e+01 -3.490000e+02  1.570000e+02 -1.280000e+02
 6.400000e+01 -3.490000e+02  1.570000e+02  0.000000e+00
 6.400000e+01 -3.490000e+02  1.570000e+02  1.280000e+02
 6.400000e+01 -2.210000e+02 -2.270000e+02 -1.280000e+02
 6.400000e+01 -2.210000e+02 -2.270000e+02  0.000000e+00
 6.400000e+01 -2.210000e+02 -2.270000e+02  1.280000e+02
 6.400000e+01 -2.210000e+02 -9.900000e+01 -2.560000e+02
 6.400000e+01 -2.210000e+02 -9.900000e+01 -1.280000e+02
 6.400000e+01 -2.210000e+02 -9.900000e+01  0.000000e+00
 6.400000e+01 -2.210000e+02 -9.900000e+01  1.280000e+02
 6.400000e+01 -2.210000e+02 -9.900000e+01  2.560000e+02
 6.400000e+01 -2.210000e+02  2.900000e+01 -2.560000e+02
 6.400000e+01 -2.210000e+02  2.900000e+01 -1.280000e+02
 6.400000e+01 -2.210000e+02  2.900000e+01  0.000000e+00
 6.400000e+01 -2.210000e+02  2.900000e+01  1.280000e+02
 6.400000e+01 -2.210000e+02  2.900000e+01  2.560000e+02
 6.400000e+01 -2.210000e+02  1.570000e+02 -2.560000e+02
 6.400000e+01 -2.210000e+02  1.570000e+02 -1.280000e+02
 6.400000e+01 -2.210000e+02  1.570000e+02  0.000000e+00
 6.400000e+01 -2.210000e+02  1.570000e+02  1.280000e+02
 6.400000e+01 -2.210000e+02  1.570000e+02  2.560000e+02
 6.400000e+01 -2.210000e+02  2.850000e+02 -1.280000e+02
 6.400000e+01 -2.210000e+02  2.850000e+02  0.000000e+00
 6.400000e+01 -2.210000e+02  2.850000e+02  1.280000e+02
 6.400000e+01 -9.300000e+01 -3.550000e+02 -1.280000e+02
 6.400000e+01 -9.300000e+01 -3.550000e+02  0.000000e+00
 6.400000e+01 -9.300000e+01 -3.550000e+02  1.280000e+02
 6.400000e+01 -9.300000e+01 -2.270000e+02 -2.560000e+02
 6.400000e+01 -9.300000e+01 -2.270000e+02 -1.280000e+02
 6.400000e+01 -9.300000e+01 -2.270000e+02  0.000000e+00
 6.400000e+01 -9.300000e+01 -2.270000e+02  1.280000e+02
 6.400000e+01 -9.300000e+01 -2.270000e+02  2.560000e+02
 6.400000e+01 -9.300000e+01 -9.900000e+01 -2.560000e+02
 6.400000e+01 -9.300000e+01 -9.900000e+01 -1.280000e+02
 6.400000e+01 -9.300000e+01 -9.900000e+01  0.000000e+00
 6.400000e+01 -9.300000e+01 -9.900000e+01  1.280000e+02
 6.400000e+01 -9.300000e+01 -9.900000e+01  2.560000e+02
 6.400000e+01 -9.300000e+01  2.900000e+01 -3.840000e+02
 6.400000e+01 -9.300000e+01  2.900000e+01 -2.560000e+02
 6.400000e+01 -9.300000e+01  2.900000e+01 -1.280000e+02
 6.400000e+01 -9.300000e+01  2.900000e+01  0.000000e+00
 6.400000e+01 -9.300000e+01  2.900000e+01  1.280000e+02
 6.400000e+01 -9.300000e+01  2.900000e+01  2.560000e+02
 6.400000e+01 -9.300000e+01  2.900000e+01  3.840000e+02
 6.400000e+01 -9.300000e+01  1.570000e+02 -2.560000e+02
 6.400000e+01 -9.300000e+01  1.570000e+02 -1.280000e+02
 6.400000e+01 -9.300000e+01  1.570000e+02  0.000000e+00
 6.400000e+01 -9.300000e+01  1.570000e+02  1.280000e+02
 6.400000e+01 -9.300000e+01  1.570000e+02  2.560000e+02
 6.400000e+01 -9.300000e+01  2.850000e+02 -2.560000e+02
 6.400000e+01 -9.300000e+01  2.850000e+02 -1.280000e+02
 6.400000e+01 -9.300000e+01  2.850000e+02  0.000000e+00
 6.400000e+01 -9.300000e+01  2.850000e+02  1.280000e+02
 6.400000e+01 -9.300000e+01  2.850000e+02  2.560000e+02
 6.400000e+01  3.500000e+01 -3.550000e+02 -1.280000e+02
 6.400000e+01  3.500000e+01 -3.550000e+02  0.000000e+00
 6.400000e+01  3.500000e+01 -3.550000e+02  1.280000e+02
 6.400000e+01  3.500000e+01 -2.270000e+02 -2.560000e+02
 6.400000e+01  3.500000e+01 -2.270000e+02 -1.280000e+02
 6.400000e+01  3.500000e+01 -2.270000e+02  0.000000e+00
 6.400000e+01  3.500000e+01 -2.270000e+02  1.280000e+02
 6.400000e+01  3.500000e+01 -2.270000e+02  2.560000e+02
 6.400000e+01  3.500000e+01 -9.900000e+01 -3.840000e+02
 6.400000e+01  3.500000e+01 -9.900000e+01 -2.560000e+02
 6.400000e+01  3.500000e+01 -9.900000e+01 -1.280000e+02
 6.400000e+01  3.500000e+01 -9.900000e+01  0.000000e+00
 6.400000e+01  3.500000e+01 -9.900000e+01  1.280000e+02
 6.400000e+01  3.500000e+01 -9.900000e+01  2.560000e+02
 6.400000e+01  3.500000e+01 -9.900000e+01  3.840000e+02
 6.400000e+01  3.500000e+01  2.900000e+01 -3.840000e+02
 6.400000e+01  3.500000e+01  2.900000e+01 -2.560000e+02
 6.400000e+01  3.500000e+01  2.900000e+01 -1.280000e+02
 6.400000e+01  3.500000e+01  2.900000e+01  0.000000e+00
 6.400000e+01  3.500000e+01  2.900000e+01  1.280000e+02
 6.400000e+01  3.500000e+01  2.900000e+01  2.560000e+02
 6.400000e+01  3.500000e+01  2.900000e+01  3.840000e+02
 6.400000e+01  3.500000e+01  1.570000e+02 -2.560000e+02
 6.400000e+01  3.500000e+01  1.570000e+02 -1.280000e+02
 6.400000e+01  3.500000e+01  1.570000e+02  0.000000e+00
 6.400000e+01  3.500000e+01  1.570000e+02  1.280000e+02
 6.400000e+01  3.500000e+01  1.570000e+02  2.560000e+02
 6.400000e+01  3.500000e+01  2.850000e+02 -2.560000e+02
 6.400000e+01  3.500000e+01  2.850000e+02 -1.280000e+02
 6.400000e+01  3.500000e+01  2.850000e+02  0.000000e+00
 6.400000e+01  3.500000e+01  2.850000e+02  1.280000e+02
 6.400000e+01  3.500000e+01  2.850000e+02  2.560000e+02
 6.400000e+01  1.630000e+02 -3.550000e+02  0.000000e+00
 6.400000e+01  1.630000e+02 -2.270000e+02 -2.560000e+02
 6.400000e+01  1.630000e+02 -2.270000e+02 -1.280000e+02
 6.400000e+01  1.630000e+02 -2.270000e+02  0.000000e+00
 6.400000e+01  1.630000e+02 -2.270000e+02  1.280000e+02
 6.400000e+01  1.630000e+02 -2.270000e+02  2.560000e+02
 6.400000e+01  1.630000e+02 -9.900000e+01 -2.560000e+02
 6.400000e+01  1.630000e+02 -9.900000e+01 -1.280000e+02
 6.400000e+01  1.630000e+02 -9.900000e+01  0.000000e+00
 6.400000e+01  1.630000e+02 -9.900000e+01  1.280000e+02
 6.400000e+01  1.630000e+02 -9.900000e+01  2.560000e+02
 6.400000e+01  1.630000e+02  2.900000e+01 -2.560000e+02
 6.400000e+01  1.630000e+02  2.900000e+01 -1.280000e+02
 6.400000e+01  1.630000e+02  2.900000e+01  0.000000e+00
 6.400000e+01  1.630000e+02  2.900000e+01  1.280000e+02
 6.400000e+01  1.630000e+02  2.900000e+01  2.560000e+02
 6.400000e+01  1.630000e+02  1.570000e+02 -2.560000e+02
 6.400000e+01  1.630000e+02  1.570000e+02 -1.280000e+02
 6.400000e+01  1.630000e+02  1.570000e+02  0.000000e+00
 6.400000e+01  1.630000e+02  1.570000e+02  1.280000e+02
 6.400000e+01  1.630000e+02  1.570000e+02  2.560000e+02
 6.400000e+01  1.630000e+02  2.850000e+02 -1.280000e+02
 6.400000e+01  1.630000e+02  2.850000e+02  0.000000e+00
 6.400000e+01  1.630000e+02  2.850000e+02  1.280000e+02
 6.400000e+01  2.910000e+02 -2.270000e+02 -1.280000e+02
 6.400000e+01  2.910000e+02 -2.270000e+02  0.000000e+00
 6.400000e+01  2.910000e+02 -2.270000e+02  1.280000e+02
 6.400000e+01  2.910000e+02 -9.900000e+01 -2.560000e+02
 6.400000e+01  2.910000e+02 -9.900000e+01 -1.280000e+02
 6.400000e+01  2.910000e+02 -9.900000e+01  0.000000e+00
 6.400000e+01  2.910000e+02 -9.900000e+01  1.280000e+02
 6.400000e+01  2.910000e+02 -9.900000e+01  2.560000e+02
 6.400000e+01  2.910000e+02  2.900000e+01 -2.560000e+02
 6.400000e+01  2.910000e+02  2.900000e+01 -1.280000e+02
 6.400000e+01  2.910000e+02  2.900000e+01  0.000000e+00
 6.400000e+01  2.910000e+02  2.900000e+01  1.280000e+02
 6.400000e+01  2.910000e+02  2.900000e+01  2.560000e+02
 6.400000e+01  2.910000e+02  1.570000e+02 -1.280000e+02
 6.400000e+01  2.910000e+02  1.570000e+02  0.000000e+00
 6.400000e+01  2.910000e+02  1.570000e+02  1.280000e+02
 1.280000e+02 -2.850000e+02 -1.630000e+02 -1.920000e+02
 1.280000e+02 -2.850000e+02 -1.630000e+02 -6.400000e+01
 1.280000e+02 -2.850000e+02 -1.630000e+02  6.400000e+01
 1.280000e+02 -2.850000e+02 -1.630000e+02  1.920000e+02
 1.280000e+02 -2.850000e+02 -3.500000e+01 -1.920000e+02
 1.280000e+02 -2.850000e+02 -3.500000e+01 -6.400000e+01
 1.280000e+02 -2.850000e+02 -3.500000e+01  6.400000e+01
 1.280000e+02 -2.850000e+02 -3.500000e+01  1.920000e+02
 1.280000e+02 -2.850000e+02  9.300000e+01 -1.920000e+02
 1.280000e+02 -2.850000e+02  9.300000e+01 -6.400000e+01
 1.280000e+02 -2.850000e+02  9.300000e+01  6.400000e+01
 1.280000e+02 -2.850000e+02  9.300000e+01  1.920000e+02
 1.280000e+02 -2.850000e+02  2.210000e+02 -6.400000e+01
 1.280000e+02 -2.850000e+02  2.210000e+02  6.400000e+01
 1.280000e+02 -1.570000e+02 -2.910000e+02 -1.920000e+02
 1.280000e+02 -1.570000e+02 -2.910000e+02 -6.400000e+01
 1.280000e+02 -1.570000e+02 -2.910000e+02  6.400000e+01
 1.280000e+02 -1.570000e+02 -2.910000e+02  1.920000e+02
 1.280000e+02 -1.570000e+02 -1.630000e+02 -1.920000e+02
 1.280000e+02 -1.570000e+02 -1.630000e+02 -6.400000e+01
 1.280000e+02 -1.570000e+02 -1.630000e+02  6.400000e+01
 1.280000e+02 -1.570000e+02 -1.630000e+02  1.920000e+02
 1.280000e+02 -1.570000e+02 -3.500000e+01 -3.200000e+02
 1.280000e+02 -1.570000e+02 -3.500000e+01 -1.920000e+02
 1.280000e+02 -1.570000e+02 -3.500000e+01 -6.400000e+01
 1.280000e+02 -1.570000e+02 -3.500000e+01  6.400000e+01
 1.280000e+02 -1.570000e+02 -3.500000e+01  1.920000e+02
 1.280000e+02 -1.570000e+02 -3.500000e+01  3.200000e+02
 1.280000e+02 -1.570000e+02  9.300000e+01 -3.200000e+02
 1.280000e+02 -1.570000e+02  9.300000e+01 -1.920000e+02
 1.280000e+02 -1.570000e+02  9.300000e+01 -6.400000e+01
 1.280000e+02 -1.570000e+02  9.300000e+01  6.400000e+01
 1.280000e+02 -1.570000e+02  9.300000e+01  1.920000e+02
 1.280000e+02 -1.570000e+02  9.300000e+01  3.200000e+02
 1.280000e+02 -1.570000e+02  2.210000e+02 -1.920000e+02
 1.280000e+02 -1.570000e+02  2.210000e+02 -6.400000e+01
 1.280000e+02 -1.570000e+02  2.210000e+02  6.400000e+01
 1.280000e+02 -1.570000e+02  2.210000e+02  1.920000e+02
 1.280000e+02 -1.570000e+02  3.490000e+02 -6.400000e+01
 1.280000e+02 -1.570000e+02  3.490000e+02  6.400000e+01
 1.280000e+02 -2.900000e+01 -2.910000e+02 -1.920000e+02
 1.280000e+02 -2.900000e+01 -2.910000e+02 -6.400000e+01
 1.280000e+02 -2.900000e+01 -2.910000e+02  6.400000e+01
 1.280000e+02 -2.900000e+01 -2.910000e+02  1.920000e+02
 1.280000e+02 -2.900000e+01 -1.630000e+02 -3.200000e+02
 1.280000e+02 -2.900000e+01 -1.630000e+02 -1.920000e+02
 1.280000e+02 -2.900000e+01 -1.630000e+02 -6.400000e+01
 1.280000e+02 -2.900000e+01 -1.630000e+02  6.400000e+01
 1.280000e+02 -2.900000e+01 -1.630000e+02  1.920000e+02
 1.280000e+02 -2.900000e+01 -1.630000e+02  3.200000e+02
 1.280000e+02 -2.900000e+01 -3.500000e+01 -3.200000e+02
 1.280000e+02 -2.900000e+01 -3.500000e+01 -1.920000e+02
 1.280000e+02 -2.900000e+01 -3.500000e+01 -6.400000e+01
 1.280000e+02 -2.900000e+01 -3.500000e+01  6.400000e+01
 1.280000e+02 -2.900000e+01 -3.500000e+01  1.920000e+02
 1.280000e+02 -2.900000e+01 -3.500000e+01  3.200000e+02
 1.280000e+02 -2.900000e+01  9.300000e+01 -3.200000e+02
 1.280000e+02 -2.900000e+01  9.300000e+01 -1.920000e+02
 1.280000e+02 -2.900000e+01  9.300000e+01 -6.400000e+01
 1.280000e+02 -2.900000e+01  9.300000e+01  6.400000e+01
 1.280000e+02 -2.900000e+01  9.300000e+01  1.920000e+02
 1.280000e+02 -2.900000e+01  9.300000e+01  3.200000e+02
 1.280000e+02 -2.900000e+01  2.210000e+02 -1.920000e+02
 1.280000e+02 -2.900000e+01  2.210000e+02 -6.400000e+01
 1.280000e+02 -2.900000e+01  2.210000e+02  6.400000e+01
 1.280000e+02 -2.900000e+01  2.210000e+02  1.920000e+02
 1.280000e+02 -2.900000e+01  3.490000e+02 -6.400000e+01
 1.280000e+02 -2.900000e+01  3.490000e+02  6.400000e+01
 1.280000e+02  9.900000e+01 -2.910000e+02 -1.920000e+02
 1.280000e+02  9.900000e+01 -2.910000e+02 -6.400000e+01
 1.280000e+02  9.900000e+01 -2.910000e+02  6.400000e+01
 1.280000e+02  9.900000e+01 -2.910000e+02  1.920000e+02
 1.280000e+02  9.900000e+01 -1.630000e+02 -3.200000e+02
 1.280000e+02  9.900000e+01 -1.630000e+02 -1.920000e+02
 1.280000e+02  9.900000e+01 -1.630000e+02 -6.400000e+01
 1.280000e+02  9.900000e+01 -1.630000e+02  6.400000e+01
 1.280000e+02  9.900000e+01 -1.630000e+02  1.920000e+02
 1.280000e+02  9.900000e+01 -1.630000e+02  3.200000e+02
 1.280000e+02  9.900000e+01 -3.500000e+01 -3.200000e+02
 1.280000e+02  9.900000e+01 -3.500000e+01 -1.920000e+02
 1.280000e+02  9.900000e+01 -3.500000e+01 -6.400000e+01
 1.280000e+02  9.900000e+01 -3.500000e+01  6.400000e+01
 1.280000e+02  9.900000e+01 -3.500000e+01  1.920000e+02
 1.280000e+02  9.900000e+01 -3.500000e+01  3.200000e+02
 1.280000e+02  9.900000e+01  9.300000e+01 -3.200000e+02
 1.280000e+02  9.900000e+01  9.300000e+01 -1.920000e+02
 1.280000e+02  9.900000e+01  9.300000e+01 -6.400000e+01
 1.280000e+02  9.900000e+01  9.300000e+01  6.400000e+01
 1.280000e+02  9.900000e+01  9.300000e+01  1.920000e+02
 1.280000e+02  9.900000e+01  9.300000e+01  3.200000e+02
 1.280000e+02  9.900000e+01  2.210000e+02 -1.920000e+02
 1.280000e+02  9.900000e+01  2.210000e+02 -6.400000e+01
 1.280000e+02  9.900000e+01  2.210000e+02  6.400000e+01
 1.280000e+02  9.900000e+01  2.210000e+02  1.920000e+02
 1.280000e+02  9.900000e+01  3.490000e+02 -6.400000e+01
 1.280000e+02  9.900000e+01  3.490000e+02  6.400000e+01
 1.280000e+02  2.270000e+02 -2.910000e+02 -6.400000e+01
 1.280000e+02  2.270000e+02 -2.910000e+02  6.400000e+01
 1.280000e+02  2.270000e+02 -1.630000e+02 -1.920000e+02
 1.280000e+02  2.270000e+02 -1.630000e+02 -6.400000e+01
 1.280000e+02  2.270000e+02 -1.630000e+02  6.400000e+01
 1.280000e+02  2.270000e+02 -1.630000e+02  1.920000e+02
 1.280000e+02  2.270000e+02 -3.500000e+01 -1.920000e+02
 1.280000e+02  2.270000e+02 -3.500000e+01 -6.400000e+01
 1.280000e+02  2.270000e+02 -3.500000e+01  6.400000e+01
 1.280000e+02  2.270000e+02 -3.500000e+01  1.920000e+02
 1.280000e+02  2.270000e+02  9.300000e+01 -1.920000e+02
 1.280000e+02  2.270000e+02  9.300000e+01 -6.400000e+01
 1.280000e+02  2.270000e+02  9.300000e+01  6.400000e+01
 1.280000e+02  2.270000e+02  9.300000e+01  1.920000e+02
 1.280000e+02  2.270000e+02  2.210000e+02 -1.920000e+02
 1.280000e+02  2.270000e+02  2.210000e+02 -6.400000e+01
 1.280000e+02  2.270000e+02  2.210000e+02  6.400000e+01
 1.280000e+02  2.270000e+02  2.210000e+02  1.920000e+02
 1.280000e+02  3.550000e+02 -3.500000e+01 -6.400000e+01
 1.280000e+02  3.550000e+02 -3.500000e+01  6.400000e+01
 1.280000e+02  3.550000e+02  9.300000e+01 -6.400000e+01
 1.280000e+02  3.550000e+02  9.300000e+01  6.400000e+01
 1.920000e+02 -3.490000e+02  2.900000e+01  0.000000e+00
 1.920000e+02 -2.210000e+02 -2.270000e+02 -1.280000e+02
 1.920000e+02 -2.210000e+02 -2.270000e+02  0.000000e+00
 1.920000e+02 -2.210000e+02 -2.270000e+02  1.280000e+02
 1.920000e+02 -2.210000e+02 -9.900000e+01 -2.560000e+02
 1.920000e+02 -2.210000e+02 -9.900000e+01 -1.280000e+02
 1.920000e+02 -2.210000e+02 -9.900000e+01  0.000000e+00
 1.920000e+02 -2.210000e+02 -9.900000e+01  1.280000e+02
 1.920000e+02 -2.210000e+02 -9.900000e+01  2.560000e+02
 1.920000e+02 -2.210000e+02  2.900000e+01 -2.560000e+02
 1.920000e+02 -2.210000e+02  2.900000e+01 -1.280000e+02
 1.920000e+02 -2.210000e+02  2.900000e+01  0.000000e+00
 1.920000e+02 -2.210000e+02  2.900000e+01  1.280000e+02
 1.920000e+02 -2.210000e+02  2.900000e+01  2.560000e+02
 1.920000e+02 -2.210000e+02  1.570000e+02 -1.280000e+02
 1.920000e+02 -2.210000e+02  1.570000e+02  0.000000e+00
 1.920000e+02 -2.210000e+02  1.570000e+02  1.280000e+02
 1.920000e+02 -2.210000e+02  2.850000e+02  0.000000e+00
 1.920000e+02 -9.300000e+01 -2.270000e+02 -2.560000e+02
 1.920000e+02 -9.300000e+01 -2.270000e+02 -1.280000e+02
 1.920000e+02 -9.300000e+01 -2.270000e+02  0.000000e+00
 1.920000e+02 -9.300000e+01 -2.270000e+02  1.280000e+02
 1.920000e+02 -9.300000e+01 -2.270000e+02  2.560000e+02
 1.920000e+02 -9.300000e+01 -9.900000e+01 -2.560000e+02
 1.920000e+02 -9.300000e+01 -9.900000e+01 -1.280000e+02
 1.920000e+02 -9.300000e+01 -9.900000e+01  0.000000e+00
 1.920000e+02 -9.300000e+01 -9.900000e+01  1.280000e+02
 1.920000e+02 -9.300000e+01 -9.900000e+01  2.560000e+02
 1.920000e+02 -9.300000e+01  2.900000e+01 -2.560000e+02
 1.920000e+02 -9.300000e+01  2.900000e+01 -1.280000e+02
 1.920000e+02 -9.300000e+01  2.900000e+01  0.000000e+00
 1.920000e+02 -9.300000e+01  2.900000e+01  1.280000e+02
 1.920000e+02 -9.300000e+01  2.900000e+01  2.560000e+02
 1.920000e+02 -9.300000e+01  1.570000e+02 -2.560000e+02
 1.920000e+02 -9.300000e+01  1.570000e+02 -1.280000e+02
 1.920000e+02 -9.300000e+01  1.570000e+02  0.000000e+00
 1.920000e+02 -9.300000e+01  1.570000e+02  1.280000e+02
 1.920000e+02 -9.300000e+01  1.570000e+02  2.560000e+02
 1.920000e+02 -9.300000e+01  2.850000e+02 -1.280000e+02
 1.920000e+02 -9.300000e+01  2.850000e+02  0.000000e+00
 1.920000e+02 -9.300000e+01  2.850000e+02  1.280000e+02
 1.920000e+02  3.500000e+01 -3.550000e+02  0.000000e+00
 1.920000e+02  3.500000e+01 -2.270000e+02 -2.560000e+02
 1.920000e+02  3.500000e+01 -2.270000e+02 -1.280000e+02
 1.920000e+02  3.500000e+01 -2.270000e+02  0.000000e+00
 1.920000e+02  3.500000e+01 -2.270000e+02  1.280000e+02
 1.920000e+02  3.500000e+01 -2.270000e+02  2.560000e+02
 1.920000e+02  3.500000e+01 -9.900000e+01 -2.560000e+02
 1.920000e+02  3.500000e+01 -9.900000e+01 -1.280000e+02
 1.920000e+02  3.500000e+01 -9.900000e+01  0.000000e+00
 1.920000e+02  3.500000e+01 -9.900000e+01  1.280000e+02
 1.920000e+02  3.500000e+01 -9.900000e+01  2.560000e+02
 1.920000e+02  3.500000e+01  2.900000e+01 -2.560000e+02
 1.920000e+02  3.500000e+01  2.900000e+01 -1.280000e+02
 1.920000e+02  3.500000e+01  2.900000e+01  0.000000e+00
 1.920000e+02  3.500000e+01  2.900000e+01  1.280000e+02
 1.920000e+02  3.500000e+01  2.900000e+01  2.560000e+02
 1.920000e+02  3.500000e+01  1.570000e+02 -2.560000e+02
 1.920000e+02  3.500000e+01  1.570000e+02 -1.280000e+02
 1.920000e+02  3.500000e+01  1.570000e+02  0.000000e+00
 1.920000e+02  3.500000e+01  1.570000e+02  1.280000e+02
 1.920000e+02  3.500000e+01  1.570000e+02  2.560000e+02
 1.920000e+02  3.500000e+01  2.850000e+02 -1.280000e+02
 1.920000e+02  3.500000e+01  2.850000e+02  0.000000e+00
 1.920000e+02  3.500000e+01  2.850000e+02  1.280000e+02
 1.920000e+02  1.630000e+02 -2.270000e+02 -1.280000e+02
 1.920000e+02  1.630000e+02 -2.270000e+02  0.000000e+00
 1.920000e+02  1.630000e+02 -2.270000e+02  1.280000e+02
 1.920000e+02  1.630000e+02 -9.900000e+01 -2.560000e+02
 1.920000e+02  1.630000e+02 -9.900000e+01 -1.280000e+02
 1.920000e+02  1.630000e+02 -9.900000e+01  0.000000e+00
 1.920000e+02  1.630000e+02 -9.900000e+01  1.280000e+02
 1.920000e+02  1.630000e+02 -9.900000e+01  2.560000e+02
 1.920000e+02  1.630000e+02  2.900000e+01 -2.560000e+02
 1.920000e+02  1.630000e+02  2.900000e+01 -1.280000e+02
 1.920000e+02  1.630000e+02  2.900000e+01  0.000000e+00
 1.920000e+02  1.630000e+02  2.900000e+01  1.280000e+02
 1.920000e+02  1.630000e+02  2.900000e+01  2.560000e+02
 1.920000e+02  1.630000e+02  1.570000e+02 -2.560000e+02
 1.920000e+02  1.630000e+02  1.570000e+02 -1.280000e+02
 1.920000e+02  1.630000e+02  1.570000e+02  0.000000e+00
 1.920000e+02  1.630000e+02  1.570000e+02  1.280000e+02
 1.920000e+02  1.630000e+02  1.570000e+02  2.560000e+02
 1.920000e+02  1.630000e+02  2.850000e+02 -1.280000e+02
 1.920000e+02  1.630000e+02  2.850000e+02  0.000000e+00
 1.920000e+02  1.630000e+02  2.850000e+02  1.280000e+02
 1.920000e+02  2.910000e+02 -9.900000e+01 -1.280000e+02
 1.920000e+02  2.910000e+02 -9.900000e+01  0.000000e+00
 1.920000e+02  2.910000e+02 -9.900000e+01  1.280000e+02
 1.920000e+02  2.910000e+02  2.900000e+01 -1.280000e+02
 1.920000e+02  2.910000e+02  2.900000e+01  0.000000e+00
 1.920000e+02  2.910000e+02  2.900000e+01  1.280000e+02
 1.920000e+02  2.910000e+02  1.570000e+02 -1.280000e+02
 1.920000e+02  2.910000e+02  1.570000e+02  0.000000e+00
 1.920000e+02  2.910000e+02  1.570000e+02  1.280000e+02
 2.560000e+02 -2.850000e+02 -3.500000e+01 -6.400000e+01
 2.560000e+02 -2.850000e+02 -3.500000e+01  6.400000e+01
 2.560000e+02 -2.850000e+02  9.300000e+01 -6.400000e+01
 2.560000e+02 -2.850000e+02  9.300000e+01  6.400000e+01
 2.560000e+02 -1.570000e+02 -1.630000e+02 -1.920000e+02
 2.560000e+02 -1.570000e+02 -1.630000e+02 -6.400000e+01
 2.560000e+02 -1.570000e+02 -1.630000e+02  6.400000e+01
 2.560000e+02 -1.570000e+02 -1.630000e+02  1.920000e+02
 2.560000e+02 -1.570000e+02 -3.500000e+01 -1.920000e+02
 2.560000e+02 -1.570000e+02 -3.500000e+01 -6.400000e+01
 2.560000e+02 -1.570000e+02 -3.500000e+01  6.400000e+01
 2.560000e+02 -1.570000e+02 -3.500000e+01  1.920000e+02
 2.560000e+02 -1.570000e+02  9.300000e+01 -1.920000e+02
 2.560000e+02 -1.570000e+02  9.300000e+01 -6.400000e+01
 2.560000e+02 -1.570000e+02  9.300000e+01  6.400000e+01
 2.560000e+02 -1.570000e+02  9.300000e+01  1.920000e+02
 2.560000e+02 -1.570000e+02  2.210000e+02 -6.400000e+01
 2.560000e+02 -1.570000e+02  2.210000e+02  6.400000e+01
 2.560000e+02 -2.900000e+01 -2.910000e+02 -6.400000e+01
 2.560000e+02 -2.900000e+01 -2.910000e+02  6.400000e+01
 2.560000e+02 -2.900000e+01 -1.630000e+02 -1.920000e+02
 2.560000e+02 -2.900000e+01 -1.630000e+02 -6.400000e+01
 2.560000e+02 -2.900000e+01 -1.630000e+02  6.400000e+01
 2.560000e+02 -2.900000e+01 -1.630000e+02  1.920000e+02
 2.560000e+02 -2.900000e+01 -3.500000e+01 -1.920000e+02
 2.560000e+02 -2.900000e+01 -3.500000e+01 -6.400000e+01
 2.560000e+02 -2.900000e+01 -3.500000e+01  6.400000e+01
 2.560000e+02 -2.900000e+01 -3.500000e+01  1.920000e+02
 2.560000e+02 -2.900000e+01  9.300000e+01 -1.920000e+02
 2.560000e+02 -2.900000e+01  9.300000e+01 -6.400000e+01
 2.560000e+02 -2.900000e+01  9.300000e+01  6.400000e+01
 2.560000e+02 -2.900000e+01  9.300000e+01  1.920000e+02
 2.560000e+02 -2.900000e+01  2.210000e+02 -1.920000e+02
 2.560000e+02 -2.900000e+01  2.210000e+02 -6.400000e+01
 2.560000e+02 -2.900000e+01  2.210000e+02  6.400000e+01
 2.560000e+02 -2.900000e+01  2.210000e+02  1.920000e+02
 2.560000e+02  9.900000e+01 -2.910000e+02 -6.400000e+01
 2.560000e+02  9.900000e+01 -2.910000e+02  6.400000e+01
 2.560000e+02  9.900000e+01 -1.630000e+02 -1.920000e+02
 2.560000e+02  9.900000e+01 -1.630000e+02 -6.400000e+01
 2.560000e+02  9.900000e+01 -1.630000e+02  6.400000e+01
 2.560000e+02  9.900000e+01 -1.630000e+02  1.920000e+02
 2.560000e+02  9.900000e+01 -3.500000e+01 -1.920000e+02
 2.560000e+02  9.900000e+01 -3.500000e+01 -6.400000e+01
 2.560000e+02  9.900000e+01 -3.500000e+01  6.400000e+01
 2.560000e+02  9.900000e+01 -3.500000e+01  1.920000e+02
 2.560000e+02  9.900000e+01  9.300000e+01 -1.920000e+02
 2.560000e+02  9.900000e+01  9.300000e+01 -6.400000e+01
 2.560000e+02  9.900000e+01  9.300000e+01  6.400000e+01
 2.560000e+02  9.900000e+01  9.300000e+01  1.920000e+02
 2.560000e+02  9.900000e+01  2.210000e+02 -1.920000e+02
 2.560000e+02  9.900000e+01  2.210000e+02 -6.400000e+01
 2.560000e+02  9.900000e+01  2.210000e+02  6.400000e+01
 2.560000e+02  9.900000e+01  2.210000e+02  1.920000e+02
 2.560000e+02  2.270000e+02 -1.630000e+02 -6.400000e+01
 2.560000e+02  2.270000e+02 -1.630000e+02  6.400000e+01
 2.560000e+02  2.270000e+02 -3.500000e+01 -1.920000e+02
 2.560000e+02  2.270000e+02 -3.500000e+01 -6.400000e+01
 2.560000e+02  2.270000e+02 -3.500000e+01  6.400000e+01
 2.560000e+02  2.270000e+02 -3.500000e+01  1.920000e+02
 2.560000e+02  2.270000e+02  9.300000e+01 -1.920000e+02
 2.560000e+02  2.270000e+02  9.300000e+01 -6.400000e+01
 2.560000e+02  2.270000e+02  9.300000e+01  6.400000e+01
 2.560000e+02  2.270000e+02  9.300000e+01  1.920000e+02
 3.200000e+02 -2.210000e+02 -9.900000e+01  0.000000e+00
 3.200000e+02 -2.210000e+02  2.900000e+01  0.000000e+00
 3.200000e+02 -9.300000e+01 -2.270000e+02  0.000000e+00
 3.200000e+02 -9.300000e+01 -9.900000e+01 -1.280000e+02
 3.200000e+02 -9.300000e+01 -9.900000e+01  0.000000e+00
 3.200000e+02 -9.300000e+01 -9.900000e+01  1.280000e+02
 3.200000e+02 -9.300000e+01  2.900000e+01 -1.280000e+02
 3.200000e+02 -9.300000e+01  2.900000e+01  0.000000e+00
 3.200000e+02 -9.300000e+01  2.900000e+01  1.280000e+02
 3.200000e+02 -9.300000e+01  1.570000e+02 -1.280000e+02
 3.200000e+02 -9.300000e+01  1.570000e+02  0.000000e+00
 3.200000e+02 -9.300000e+01  1.570000e+02  1.280000e+02
 3.200000e+02  3.500000e+01 -2.270000e+02  0.000000e+00
 3.200000e+02  3.500000e+01 -9.900000e+01 -1.280000e+02
 3.200000e+02  3.500000e+01 -9.900000e+01  0.000000e+00
 3.200000e+02  3.500000e+01 -9.900000e+01  1.280000e+02
 3.200000e+02  3.500000e+01  2.900000e+01 -1.280000e+02
 3.200000e+02  3.500000e+01  2.900000e+01  0.000000e+00
 3.200000e+02  3.500000e+01  2.900000e+01  1.280000e+02
 3.200000e+02  3.500000e+01  1.570000e+02 -1.280000e+02
 3.200000e+02  3.500000e+01  1.570000e+02  0.000000e+00
 3.200000e+02  3.500000e+01  1.570000e+02  1.280000e+02
 3.200000e+02  1.630000e+02 -9.900000e+01 -1.280000e+02
 3.200000e+02  1.630000e+02 -9.900000e+01  0.000000e+00
 3.200000e+02  1.630000e+02 -9.900000e+01  1.280000e+02
 3.200000e+02  1.630000e+02  2.900000e+01 -1.280000e+02
 3.200000e+02  1.630000e+02  2.900000e+01  0.000000e+00
 3.200000e+02  1.630000e+02  2.900000e+01  1.280000e+02
 3.200000e+02  1.630000e+02  1.570000e+02  0.000000e+00
 3.840000e+02 -2.900000e+01 -3.500000e+01 -6.400000e+01
 3.840000e+02 -2.900000e+01 -3.500000e+01  6.400000e+01
 3.840000e+02 -2.900000e+01  9.300000e+01 -6.400000e+01
 3.840000e+02 -2.900000e+01  9.300000e+01  6.400000e+01
 3.840000e+02  9.900000e+01 -3.500000e+01 -6.400000e+01
 3.840000e+02  9.900000e+01 -3.500000e+01  6.400000e+01
