-2.561000e+03 -5.130000e+02 -5.170000e+02  2.650000e+02
-2.561000e+03 -5.130000e+02  5.070000e+02  2.650000e+02
-2.561000e+03  5.110000e+02 -5.170000e+02  2.650000e+02
-2.561000e+03  5.110000e+02  5.070000e+02  2.650000e+02
-2.049000e+03 -1.025000e+03 -1.029000e+03 -2.470000e+02
-2.049000e+03 -1.025000e+03 -1.029000e+03  7.770000e+02
-2.049000e+03 -1.025000e+03 -5.000000e+00 -1.271000e+03
-2.049000e+03 -1.025000e+03 -5.000000e+00 -2.470000e+02
-2.049000e+03 -1.025000e+03 -5.000000e+00  7.770000e+02
-2.049000e+03 -1.025000e+03  1.019000e+03 -2.470000e+02
-2.049000e+03 -1.025000e+03  1.019000e+03  7.770000e+02
-2.049000e+03 -1.000000e+00 -1.029000e+03 -1.271000e+03
-2.049000e+03 -1.000000e+00 -1.029000e+03 -2.470000e+02
-2.049000e+03 -1.000000e+00 -1.029000e+03  7.770000e+02
-2.049000e+03 -1.000000e+00 -5.000000e+00 -1.271000e+03
-2.049000e+03 -1.000000e+00 -5.000000e+00 -2.470000e+02
-2.049000e+03 -1.000000e+00 -5.000000e+00  7.770000e+02
-2.049000e+03 -1.000000e+00 -5.000000e+00  1.801000e+03
-2.049000e+03 -1.000000e+00  1.019000e+03 -1.271000e+03
-2.049000e+03 -1.000000e+00  1.019000e+03 -2.470000e+02
-2.049000e+03 -1.000000e+00  1.019000e+03  7.770000e+02
-2.049000e+03  1.023000e+03 -1.029000e+03 -2.470000e+02
-2.049000e+03  1.023000e+03 -1.029000e+03  7.770000e+02
-2.049000e+03  1.023000e+03 -5.000000e+00 -1.271000e+03
-2.049000e+03  1.023000e+03 -5.000000e+00 -2.470000e+02
-2.049000e+03  1.023000e+03 -5.000000e+00  7.770000e+02
-2.049000e+03  1.023000e+03  1.019000e+03 -2.470000e+02
-2.049000e+03  1.023000e+03  1.019000e+03  7.770000e+02
-1.537000e+03 -1.537000e+03 -1.541000e+03  2.650000e+02
-1.537000e+03 -1.537000e+03 -5.170000e+02 -7.590000e+02
-1.537000e+03 -1.537000e+03 -5.170000e+02  2.650000e+02
-1.537000e+03 -1.537000e+03 -5.170000e+02  1.289000e+03
-1.537000e+03 -1.537000e+03  5.070000e+02 -7.590000e+02
-1.537000e+03 -1.537000e+03  5.070000e+02  2.650000e+02
-1.537000e+03 -1.537000e+03  5.070000e+02  1.289000e+03
-1.537000e+03 -1.537000e+03  1.531000e+03  2.650000e+02
-1.537000e+03 -5.130000e+02 -1.541000e+03 -7.590000e+02
-1.537000e+03 -5.130000e+02 -1.541000e+03  2.650000e+02
-1.537000e+03 -5.130000e+02 -1.541000e+03  1.289000e+03
-1.537000e+03 -5.130000e+02 -5.170000e+02 -1.783000e+03
-1.537000e+03 -5.130000e+02 -5.170000e+02 -7.590000e+02
-1.537000e+03 -5.130000e+02 -5.170000e+02  2.650000e+02
-1.537000e+03 -5.130000e+02 -5.170000e+02  1.289000e+03
-1.537000e+03 -5.130000e+02  5.070000e+02 -1.783000e+03
-1.537000e+03 -5.130000e+02  5.070000e+02 -7.590000e+02
-1.537000e+03 -5.130000e+02  5.070000e+02  2.650000e+02
-1.537000e+03 -5.130000e+02  5.070000e+02  1.289000e+03
-1.537000e+03 -5.130000e+02  1.531000e+03 -7.590000e+02
-1.537000e+03 -5.130000e+02  1.531000e+03  2.650000e+02
-1.537000e+03 -5.130000e+02  1.531000e+03  1.289000e+03
-1.537000e+03  5.110000e+02 -1.541000e+03 -7.590000e+02
-1.537000e+03  5.110000e+02 -1.541000e+03  2.650000e+02
-1.537000e+03  5.110000e+02 -1.541000e+03  1.289000e+03
-1.537000e+03  5.110000e+02 -5.170000e+02 -1.783000e+03
-1.537000e+03  5.110000e+02 -5.170000e+02 -7.590000e+02
-1.537000e+03  5.110000e+02 -5.170000e+02  2.650000e+02
-1.537000e+03  5.110000e+02 -5.170000e+02  1.289000e+03
-1.537000e+03  5.110000e+02  5.070000e+02 -1.783000e+03
-1.537000e+03  5.110000e+02  5.070000e+02 -7.590000e+02
-1.537000e+03  5.110000e+02  5.070000e+02  2.650000e+02
-1.537000e+03  5.110000e+02  5.070000e+02  1.289000e+03
-1.537000e+03  5.110000e+02  1.531000e+03 -7.590000e+02
-1.537000e+03  5.110000e+02  1.531000e+03  2.650000e+02
-1.537000e+03  5.110000e+02  1.531000e+03  1.289000e+03
-1.537000e+03  1.535000e+03 -1.541000e+03  2.650000e+02
-1.537000e+03  1.535000e+03 -5.170000e+02 -7.590000e+02
-1.537000e+03  1.535000e+03 -5.170000e+02  2.650000e+02
-1.537000e+03  1.535000e+03 -5.170000e+02  1.289000e+03
-1.537000e+03  1.535000e+03  5.070000e+02 -7.590000e+02
-1.537000e+03  1.535000e+03  5.070000e+02  2.650000e+02
-1.537000e+03  1.535000e+03  5.070000e+02  1.289000e+03
-1.537000e+03  1.535000e+03  1.531000e+03  2.650000e+02
-1.025000e+03 -2.049000e+03 -1.029000e+03 -2.470000e+02
-1.025000e+03 -2.049000e+03 -1.029000e+03  7.770000e+02
-1.025000e+03 -2.049000e+03 -5.000000e+00 -1.271000e+03
-1.025000e+03 -2.049000e+03 -5.000000e+00 -2.470000e+02
-1.025000e+03 -2.049000e+03 -5.000000e+00  7.770000e+02
-1.025000e+03 -2.049000e+03  1.019000e+03 -2.470000e+02
-1.025000e+03 -2.049000e+03  1.019000e+03  7.770000e+02
-1.025000e+03 -1.025000e+03 -2.053000e+03 -2.470000e+02
-1.025000e+03 -1.025000e+03 -2.053000e+03  7.770000e+02
-1.025000e+03 -1.025000e+03 -1.029000e+03 -1.271000e+03
-1.025000e+03 -1.025000e+03 -1.029000e+03 -2.470000e+02
-1.025000e+03 -1.025000e+03 -1.029000e+03  7.770000e+02
-1.025000e+03 -1.025000e+03 -1.029000e+03  1.801000e+03
-1.025000e+03 -1.025000e+03 -5.000000e+00 -2.295000e+03
-1.025000e+03 -1.025000e+03 -5.000000e+00 -1.271000e+03
-1.025000e+03 -1.025000e+03 -5.000000e+00 -2.470000e+02
-1.025000e+03 -1.025000e+03 -5.000000e+00  7.770000e+02
-1.025000e+03 -1.025000e+03 -5.000000e+00  1.801000e+03
-1.025000e+03 -1.025000e+03  1.019000e+03 -1.271000e+03
-1.025000e+03 -1.025000e+03  1.019000e+03 -2.470000e+02
-1.025000e+03 -1.025000e+03  1.019000e+03  7.770000e+02
-1.025000e+03 -1.025000e+03  1.019000e+03  1.801000e+03
-1.025000e+03 -1.025000e+03  2.043000e+03 -2.470000e+02
-1.025000e+03 -1.025000e+03  2.043000e+03  7.770000e+02
-1.025000e+03 -1.000000e+00 -2.053000e+03 -1.271000e+03
-1.025000e+03 -1.000000e+00 -2.053000e+03 -2.470000e+02
-1.025000e+03 -1.000000e+00 -2.053000e+03  7.770000e+02
-1.025000e+03 -1.000000e+00 -1.029000e+03 -2.295000e+03
-1.025000e+03 -1.000000e+00 -1.029000e+03 -1.271000e+03
-1.025000e+03 -1.000000e+00 -1.029000e+03 -2.470000e+02
-1.025000e+03 -1.000000e+00 -1.029000e+03  7.770000e+02
-1.025000e+03 -1.000000e+00 -1.029000e+03  1.801000e+03
-1.025000e+03 -1.000000e+00 -5.000000e+00 -2.295000e+03
-1.025000e+03 -1.000000e+00 -5.000000e+00 -1.271000e+03
-1.025000e+03 -1.000000e+00 -5.000000e+00 -2.470000e+02
-1.025000e+03 -1.000000e+00 -5.000000e+00  7.770000e+02
-1.025000e+03 -1.000000e+00 -5.000000e+00  1.801000e+03
-1.025000e+03 -1.000000e+00  1.019000e+03 -2.295000e+03
-1.025000e+03 -1.000000e+00  1.019000e+03 -1.271000e+03
-1.025000e+03 -1.000000e+00  1.019000e+03 -2.470000e+02
-1.025000e+03 -1.000000e+00  1.019000e+03  7.770000e+02
-1.025000e+03 -1.000000e+00  1.019000e+03  1.801000e+03
-1.025000e+03 -1.000000e+00  2.043000e+03 -1.271000e+03
-1.025000e+03 -1.000000e+00  2.043000e+03 -2.470000e+02
-1.025000e+03 -1.000000e+00  2.043000e+03  7.770000e+02
-1.025000e+03  1.023000e+03 -2.053000e+03 -2.470000e+02
-1.025000e+03  1.023000e+03 -2.053000e+03  7.770000e+02
-1.025000e+03  1.023000e+03 -1.029000e+03 -1.271000e+03
-1.025000e+03  1.023000e+03 -1.029000e+03 -2.470000e+02
-1.025000e+03  1.023000e+03 -1.029000e+03  7.770000e+02
-1.025000e+03  1.023000e+03 -1.029000e+03  1.801000e+03
-1.025000e+03  1.023000e+03 -5.000000e+00 -2.295000e+03
-1.025000e+03  1.023000e+03 -5.000000e+00 -1.271000e+03
-1.025000e+03  1.023000e+03 -5.000000e+00 -2.470000e+02
-1.025000e+03  1.023000e+03 -5.000000e+00  7.770000e+02
-1.025000e+03  1.023000e+03 -5.000000e+00  1.801000e+03
-1.025000e+03  1.023000e+03  1.019000e+03 -1.271000e+03
-1.025000e+03  1.023000e+03  1.019000e+03 -2.470000e+02
-1.025000e+03  1.023000e+03  1.019000e+03  7.770000e+02
-1.025000e+03  1.023000e+03  1.019000e+03  1.801000e+03
-1.025000e+03  1.023000e+03  2.043000e+03 -2.470000e+02
-1.025000e+03  1.023000e+03  2.043000e+03  7.770000e+02
-1.025000e+03  2.047000e+03 -1.029000e+03 -2.470000e+02
-1.025000e+03  2.047000e+03 -1.029000e+03  7.770000e+02
-1.025000e+03  2.047000e+03 -5.000000e+00 -1.271000e+03
-1.025000e+03  2.047000e+03 -5.000000e+00 -2.470000e+02
-1.025000e+03  2.047000e+03 -5.000000e+00  7.770000e+02
-1.025000e+03  2.047000e+03  1.019000e+03 -2.470000e+02
-1.025000e+03  2.047000e+03  1.019000e+03  7.770000e+02
-5.130000e+02 -2.561000e+03 -5.170000e+02  2.650000e+02
-5.130000e+02 -2.561000e+03  5.070000e+02  2.650000e+02
-5.130000e+02 -1.537000e+03 -1.541000e+03 -7.590000e+02
-5.130000e+02 -1.537000e+03 -1.541000e+03  2.650000e+02
-5.130000e+02 -1.537000e+03 -1.541000e+03  1.289000e+03
-5.130000e+02 -1.537000e+03 -5.170000e+02 -1.783000e+03
-5.130000e+02 -1.537000e+03 -5.170000e+02 -7.590000e+02
-5.130000e+02 -1.537000e+03 -5.170000e+02  2.650000e+02
-5.130000e+02 -1.537000e+03 -5.170000e+02  1.289000e+03
-5.130000e+02 -1.537000e+03  5.070000e+02 -1.783000e+03
-5.130000e+02 -1.537000e+03  5.070000e+02 -7.590000e+02
-5.130000e+02 -1.537000e+03  5.070000e+02  2.650000e+02
-5.130000e+02 -1.537000e+03  5.070000e+02  1.289000e+03
-5.130000e+02 -1.537000e+03  1.531000e+03 -7.590000e+02
-5.130000e+02 -1.537000e+03  1.531000e+03  2.650000e+02
-5.130000e+02 -1.537000e+03  1.531000e+03  1.289000e+03
-5.130000e+02 -5.130000e+02 -2.565000e+03  2.650000e+02
-5.130000e+02 -5.130000e+02 -1.541000e+03 -1.783000e+03
-5.130000e+02 -5.130000e+02 -1.541000e+03 -7.590000e+02
-5.130000e+02 -5.130000e+02 -1.541000e+03  2.650000e+02
-5.130000e+02 -5.130000e+02 -1.541000e+03  1.289000e+03
-5.130000e+02 -5.130000e+02 -5.170000e+02 -1.783000e+03
-5.130000e+02 -5.130000e+02 -5.170000e+02 -7.590000e+02
-5.130000e+02 -5.130000e+02 -5.170000e+02  2.650000e+02
-5.130000e+02 -5.130000e+02 -5.170000e+02  1.289000e+03
-5.130000e+02 -5.130000e+02 -5.170000e+02  2.313000e+03
-5.130000e+02 -5.130000e+02  5.070000e+02 -1.783000e+03
-5.130000e+02 -5.130000e+02  5.070000e+02 -7.590000e+02
-5.130000e+02 -5.130000e+02  5.070000e+02  2.650000e+02
-5.130000e+02 -5.130000e+02  5.070000e+02  1.289000e+03
-5.130000e+02 -5.130000e+02  5.070000e+02  2.313000e+03
-5.130000e+02 -5.130000e+02  1.531000e+03 -1.783000e+03
-5.130000e+02 -5.130000e+02  1.531000e+03 -7.590000e+02
-5.130000e+02 -5.130000e+02  1.531000e+03  2.650000e+02
-5.130000e+02 -5.130000e+02  1.531000e+03  1.289000e+03
-5.130000e+02 -5.130000e+02  2.555000e+03  2.650000e+02
-5.130000e+02  5.110000e+02 -2.565000e+03  2.650000e+02
-5.130000e+02  5.110000e+02 -1.541000e+03 -1.783000e+03
-5.130000e+02  5.110000e+02 -1.541000e+03 -7.590000e+02
-5.130000e+02  5.110000e+02 -1.541000e+03  2.650000e+02
-5.130000e+02  5.110000e+02 -1.541000e+03  1.289000e+03
-5.130000e+02  5.110000e+02 -5.170000e+02 -1.783000e+03
-5.130000e+02  5.110000e+02 -5.170000e+02 -7.590000e+02
-5.130000e+02  5.110000e+02 -5.170000e+02  2.650000e+02
-5.130000e+02  5.110000e+02 -5.170000e+02  1.289000e+03
-5.130000e+02  5.110000e+02 -5.170000e+02  2.313000e+03
-5.130000e+02  5.110000e+02  5.070000e+02 -1.783000e+03
-5.130000e+02  5.110000e+02  5.070000e+02 -7.590000e+02
-5.130000e+02  5.110000e+02  5.070000e+02  2.650000e+02
-5.130000e+02  5.110000e+02  5.070000e+02  1.289000e+03
-5.130000e+02  5.110000e+02  5.070000e+02  2.313000e+03
-5.130000e+02  5.110000e+02  1.531000e+03 -1.783000e+03
-5.130000e+02  5.110000e+02  1.531000e+03 -7.590000e+02
-5.130000e+02  5.110000e+02  1.531000e+03  2.650000e+02
-5.130000e+02  5.110000e+02  1.531000e+03  1.289000e+03
-5.130000e+02  5.110000e+02  2.555000e+03  2.650000e+02
-5.130000e+02  1.535000e+03 -1.541000e+03 -7.590000e+02
-5.130000e+02  1.535000e+03 -1.541000e+03  2.650000e+02
-5.130000e+02  1.535000e+03 -1.541000e+03  1.289000e+03
-5.130000e+02  1.535000e+03 -5.170000e+02 -1.783000e+03
-5.130000e+02  1.535000e+03 -5.170000e+02 -7.590000e+02
-5.130000e+02  1.535000e+03 -5.170000e+02  2.650000e+02
-5.130000e+02  1.535000e+03 -5.170000e+02  1.289000e+03
-5.130000e+02  1.535000e+03  5.070000e+02 -1.783000e+03
-5.130000e+02  1.535000e+03  5.070000e+02 -7.590000e+02
-5.130000e+02  1.535000e+03  5.070000e+02  2.650000e+02
-5.130000e+02  1.535000e+03  5.070000e+02  1.289000e+03
-5.130000e+02  1.535000e+03  1.531000e+03 -7.590000e+02
-5.130000e+02  1.535000e+03  1.531000e+03  2.650000e+02
-5.130000e+02  1.535000e+03  1.531000e+03  1.289000e+03
-5.130000e+02  2.559000e+03 -5.170000e+02  2.650000e+02
-5.130000e+02  2.559000e+03  5.070000e+02  2.650000e+02
-1.000000e+00 -2.049000e+03 -1.029000e+03 -1.271000e+03
-1.000000e+00 -2.049000e+03 -1.029000e+03 -2.470000e+02
-1.000000e+00 -2.049000e+03 -1.029000e+03  7.770000e+02
-1.000000e+00 -2.049000e+03 -5.000000e+00 -1.271000e+03
-1.000000e+00 -2.049000e+03 -5.000000e+00 -2.470000e+02
-1.000000e+00 -2.049000e+03 -5.000000e+00  7.770000e+02
-1.000000e+00 -2.049000e+03 -5.000000e+00  1.801000e+03
-1.000000e+00 -2.049000e+03  1.019000e+03 -1.271000e+03
-1.000000e+00 -2.049000e+03  1.019000e+03 -2.470000e+02
-1.000000e+00 -2.049000e+03  1.019000e+03  7.770000e+02
-1.000000e+00 -1.025000e+03 -2.053000e+03 -1.271000e+03
-1.000000e+00 -1.025000e+03 -2.053000e+03 -2.470000e+02
-1.000000e+00 -1.025000e+03 -2.053000e+03  7.770000e+02
-1.000000e+00 -1.025000e+03 -1.029000e+03 -2.295000e+03
-1.000000e+00 -1.025000e+03 -1.029000e+03 -1.271000e+03
-1.000000e+00 -1.025000e+03 -1.029000e+03 -2.470000e+02
-1.000000e+00 -1.025000e+03 -1.029000e+03  7.770000e+02
-1.000000e+00 -1.025000e+03 -1.029000e+03  1.801000e+03
-1.000000e+00 -1.025000e+03 -5.000000e+00 -2.295000e+03
-1.000000e+00 -1.025000e+03 -5.000000e+00 -1.271000e+03
-1.000000e+00 -1.025000e+03 -5.000000e+00 -2.470000e+02
-1.000000e+00 -1.025000e+03 -5.000000e+00  7.770000e+02
-1.000000e+00 -1.025000e+03 -5.000000e+00  1.801000e+03
-1.000000e+00 -1.025000e+03  1.019000e+03 -2.295000e+03
-1.000000e+00 -1.025000e+03  1.019000e+03 -1.271000e+03
-1.000000e+00 -1.025000e+03  1.019000e+03 -2.470000e+02
-1.000000e+00 -1.025000e+03  1.019000e+03  7.770000e+02
-1.000000e+00 -1.025000e+03  1.019000e+03  1.801000e+03
-1.000000e+00 -1.025000e+03  2.043000e+03 -1.271000e+03
-1.000000e+00 -1.025000e+03  2.043000e+03 -2.470000e+02
-1.000000e+00 -1.025000e+03  2.043000e+03  7.770000e+02
-1.000000e+00 -1.000000e+00 -2.053000e+03 -1.271000e+03
-1.000000e+00 -1.000000e+00 -2.053000e+03 -2.470000e+02
-1.000000e+00 -1.000000e+00 -2.053000e+03  7.770000e+02
-1.000000e+00 -1.000000e+00 -2.053000e+03  1.801000e+03
-1.000000e+00 -1.000000e+00 -1.029000e+03 -2.295000e+03
-1.000000e+00 -1.000000e+00 -1.029000e+03 -1.271000e+03
-1.000000e+00 -1.000000e+00 -1.029000e+03 -2.470000e+02
-1.000000e+00 -1.000000e+00 -1.029000e+03  7.770000e+02
-1.000000e+00 -1.000000e+00 -1.029000e+03  1.801000e+03
-1.000000e+00 -1.000000e+00 -5.000000e+00 -2.295000e+03
-1.000000e+00 -1.000000e+00 -5.000000e+00 -1.271000e+03
-1.000000e+00 -1.000000e+00 -5.000000e+00 -2.470000e+02
-1.000000e+00 -1.000000e+00 -5.000000e+00  7.770000e+02
-1.000000e+00 -1.000000e+00 -5.000000e+00  1.801000e+03
-1.000000e+00 -1.000000e+00  1.019000e+03 -2.295000e+03
-1.000000e+00 -1.000000e+00  1.019000e+03 -1.271000e+03
-1.000000e+00 -1.000000e+00  1.019000e+03 -2.470000e+02
-1.000000e+00 -1.000000e+00  1.019000e+03  7.770000e+02
-1.000000e+00 -1.000000e+00  1.019000e+03  1.801000e+03
-1.000000e+00 -1.000000e+00  2.043000e+03 -1.271000e+03
-1.000000e+00 -1.000000e+00  2.043000e+03 -2.470000e+02
-1.000000e+00 -1.000000e+00  2.043000e+03  7.770000e+02
-1.000000e+00 -1.000000e+00  2.043000e+03  1.801000e+03
-1.000000e+00  1.023000e+03 -2.053000e+03 -1.271000e+03
-1.000000e+00  1.023000e+03 -2.053000e+03 -2.470000e+02
-1.000000e+00  1.023000e+03 -2.053000e+03  7.770000e+02
-1.000000e+00  1.023000e+03 -1.029000e+03 -2.295000e+03
-1.000000e+00  1.023000e+03 -1.029000e+03 -1.271000e+03
-1.000000e+00  1.023000e+03 -1.029000e+03 -2.470000e+02
-1.000000e+00  1.023000e+03 -1.029000e+03  7.770000e+02
-1.000000e+00  1.023000e+03 -1.029000e+03  1.801000e+03
-1.000000e+00  1.023000e+03 -5.000000e+00 -2.295000e+03
-1.000000e+00  1.023000e+03 -5.000000e+00 -1.271000e+03
-1.000000e+00  1.023000e+03 -5.000000e+00 -2.470000e+02
-1.000000e+00  1.023000e+03 -5.000000e+00  7.770000e+02
-1.000000e+00  1.023000e+03 -5.000000e+00  1.801000e+03
-1.000000e+00  1.023000e+03  1.019000e+03 -2.295000e+03
-1.000000e+00  1.023000e+03  1.019000e+03 -1.271000e+03
-1.000000e+00  1.023000e+03  1.019000e+03 -2.470000e+02
-1.000000e+00  1.023000e+03  1.019000e+03  7.770000e+02
-1.000000e+00  1.023000e+03  1.019000e+03  1.801000e+03
-1.000000e+00  1.023000e+03  2.043000e+03 -1.271000e+03
-1.000000e+00  1.023000e+03  2.043000e+03 -2.470000e+02
-1.000000e+00  1.023000e+03  2.043000e+03  7.770000e+02
-1.000000e+00  2.047000e+03 -1.029000e+03 -1.271000e+03
-1.000000e+00  2.047000e+03 -1.029000e+03 -2.470000e+02
-1.000000e+00  2.047000e+03 -1.029000e+03  7.770000e+02
-1.000000e+00  2.047000e+03 -5.000000e+00 -1.271000e+03
-1.000000e+00  2.047000e+03 -5.000000e+00 -2.470000e+02
-1.000000e+00  2.047000e+03 -5.000000e+00  7.770000e+02
-1.000000e+00  2.047000e+03 -5.000000e+00  1.801000e+03
-1.000000e+00  2.047000e+03  1.019000e+03 -1.271000e+03
-1.000000e+00  2.047000e+03  1.019000e+03 -2.470000e+02
-1.000000e+00  2.047000e+03  1.019000e+03  7.770000e+02
 5.110000e+02 -2.561000e+03 -5.170000e+02  2.650000e+02
 5.110000e+02 -2.561000e+03  5.070000e+02  2.650000e+02
 5.110000e+02 -1.537000e+03 -1.541000e+03 -7.590000e+02
 5.110000e+02 -1.537000e+03 -1.541000e+03  2.650000e+02
 5.110000e+02 -1.537000e+03 -1.541000e+03  1.289000e+03
 5.110000e+02 -1.537000e+03 -5.170000e+02 -1.783000e+03
 5.110000e+02 -1.537000e+03 -5.170000e+02 -7.590000e+02
 5.110000e+02 -1.537000e+03 -5.170000e+02  2.650000e+02
 5.110000e+02 -1.537000e+03 -5.170000e+02  1.289000e+03
 5.110000e+02 -1.537000e+03  5.070000e+02 -1.783000e+03
 5.110000e+02 -1.537000e+03  5.070000e+02 -7.590000e+02
 5.110000e+02 -1.537000e+03  5.070000e+02  2.650000e+02
 5.110000e+02 -1.537000e+03  5.070000e+02  1.289000e+03
 5.110000e+02 -1.537000e+03  1.531000e+03 -7.590000e+02
 5.110000e+02 -1.537000e+03  1.531000e+03  2.650000e+02
 5.110000e+02 -1.537000e+03  1.531000e+03  1.289000e+03
 5.110000e+02 -5.130000e+02 -2.565000e+03  2.650000e+02
 5.110000e+02 -5.130000e+02 -1.541000e+03 -1.783000e+03
 5.110000e+02 -5.130000e+02 -1.541000e+03 -7.590000e+02
 5.110000e+02 -5.130000e+02 -1.541000e+03  2.650000e+02
 5.110000e+02 -5.130000e+02 -1.541000e+03  1.289000e+03
 5.110000e+02 -5.130000e+02 -5.170000e+02 -1.783000e+03
 5.110000e+02 -5.130000e+02 -5.170000e+02 -7.590000e+02
 5.110000e+02 -5.130000e+02 -5.170000e+02  2.650000e+02
 5.110000e+02 -5.130000e+02 -5.170000e+02  1.289000e+03
 5.110000e+02 -5.130000e+02 -5.170000e+02  2.313000e+03
 5.110000e+02 -5.130000e+02  5.070000e+02 -1.783000e+03
 5.110000e+02 -5.130000e+02  5.070000e+02 -7.590000e+02
 5.110000e+02 -5.130000e+02  5.070000e+02  2.650000e+02
 5.110000e+02 -5.130000e+02  5.070000e+02  1.289000e+03
 5.110000e+02 -5.130000e+02  5.070000e+02  2.313000e+03
 5.110000e+02 -5.130000e+02  1.531000e+03 -1.783000e+03
 5.110000e+02 -5.130000e+02  1.531000e+03 -7.590000e+02
 5.110000e+02 -5.130000e+02  1.531000e+03  2.650000e+02
 5.110000e+02 -5.130000e+02  1.531000e+03  1.289000e+03
 5.110000e+02 -5.130000e+02  2.555000e+03  2.650000e+02
 5.110000e+02  5.110000e+02 -2.565000e+03  2.650000e+02
 5.110000e+02  5.110000e+02 -1.541000e+03 -1.783000e+03
 5.110000e+02  5.110000e+02 -1.541000e+03 -7.590000e+02
 5.110000e+02  5.110000e+02 -1.541000e+03  2.650000e+02
 5.110000e+02  5.110000e+02 -1.541000e+03  1.289000e+03
 5.110000e+02  5.110000e+02 -5.170000e+02 -1.783000e+03
 5.110000e+02  5.110000e+02 -5.170000e+02 -7.590000e+02
 5.110000e+02  5.110000e+02 -5.170000e+02  2.650000e+02
 5.110000e+02  5.110000e+02 -5.170000e+02  1.289000e+03
 5.110000e+02  5.110000e+02 -5.170000e+02  2.313000e+03
 5.110000e+02  5.110000e+02  5.070000e+02 -1.783000e+03
 5.110000e+02  5.110000e+02  5.070000e+02 -7.590000e+02
 5.110000e+02  5.110000e+02  5.070000e+02  2.650000e+02
 5.110000e+02  5.110000e+02  5.070000e+02  1.289000e+03
 5.110000e+02  5.110000e+02  5.070000e+02  2.313000e+03
 5.110000e+02  5.110000e+02  1.531000e+03 -1.783000e+03
 5.110000e+02  5.110000e+02  1.531000e+03 -7.590000e+02
 5.110000e+02  5.110000e+02  1.531000e+03  2.650000e+02
 5.110000e+02  5.110000e+02  1.531000e+03  1.289000e+03
 5.110000e+02  5.110000e+02  2.555000e+03 -7.590000e+02
 5.110000e+02  5.110000e+02  2.555000e+03  2.650000e+02
 5.110000e+02  1.535000e+03 -1.541000e+03 -7.590000e+02
 5.110000e+02  1.535000e+03 -1.541000e+03  2.650000e+02
 5.110000e+02  1.535000e+03 -1.541000e+03  1.289000e+03
 5.110000e+02  1.535000e+03 -5.170000e+02 -1.783000e+03
 5.110000e+02  1.535000e+03 -5.170000e+02 -7.590000e+02
 5.110000e+02  1.535000e+03 -5.170000e+02  2.650000e+02
 5.110000e+02  1.535000e+03 -5.170000e+02  1.289000e+03
 5.110000e+02  1.535000e+03  5.070000e+02 -1.783000e+03
 5.110000e+02  1.535000e+03  5.070000e+02 -7.590000e+02
 5.110000e+02  1.535000e+03  5.070000e+02  2.650000e+02
 5.110000e+02  1.535000e+03  5.070000e+02  1.289000e+03
 5.110000e+02  1.535000e+03  1.531000e+03 -7.590000e+02
 5.110000e+02  1.535000e+03  1.531000e+03  2.650000e+02
 5.110000e+02  1.535000e+03  1.531000e+03  1.289000e+03
 5.110000e+02  2.559000e+03 -5.170000e+02  2.650000e+02
 5.110000e+02  2.559000e+03  5.070000e+02  2.650000e+02
 1.023000e+03 -2.049000e+03 -1.029000e+03 -2.470000e+02
 1.023000e+03 -2.049000e+03 -1.029000e+03  7.770000e+02
 1.023000e+03 -2.049000e+03 -5.000000e+00 -1.271000e+03
 1.023000e+03 -2.049000e+03 -5.000000e+00 -2.470000e+02
 1.023000e+03 -2.049000e+03 -5.000000e+00  7.770000e+02
 1.023000e+03 -2.049000e+03  1.019000e+03 -2.470000e+02
 1.023000e+03 -2.049000e+03  1.019000e+03  7.770000e+02
 1.023000e+03 -1.025000e+03 -2.053000e+03 -2.470000e+02
 1.023000e+03 -1.025000e+03 -2.053000e+03  7.770000e+02
 1.023000e+03 -1.025000e+03 -1.029000e+03 -1.271000e+03
 1.023000e+03 -1.025000e+03 -1.029000e+03 -2.470000e+02
 1.023000e+03 -1.025000e+03 -1.029000e+03  7.770000e+02
 1.023000e+03 -1.025000e+03 -1.029000e+03  1.801000e+03
 1.023000e+03 -1.025000e+03 -5.000000e+00 -2.295000e+03
 1.023000e+03 -1.025000e+03 -5.000000e+00 -1.271000e+03
 1.023000e+03 -1.025000e+03 -5.000000e+00 -2.470000e+02
 1.023000e+03 -1.025000e+03 -5.000000e+00  7.770000e+02
 1.023000e+03 -1.025000e+03 -5.000000e+00  1.801000e+03
 1.023000e+03 -1.025000e+03  1.019000e+03 -1.271000e+03
 1.023000e+03 -1.025000e+03  1.019000e+03 -2.470000e+02
 1.023000e+03 -1.025000e+03  1.019000e+03  7.770000e+02
 1.023000e+03 -1.025000e+03  1.019000e+03  1.801000e+03
 1.023000e+03 -1.025000e+03  2.043000e+03 -2.470000e+02
 1.023000e+03 -1.025000e+03  2.043000e+03  7.770000e+02
 1.023000e+03 -1.000000e+00 -2.053000e+03 -1.271000e+03
 1.023000e+03 -1.000000e+00 -2.053000e+03 -2.470000e+02
 1.023000e+03 -1.000000e+00 -2.053000e+03  7.770000e+02
 1.023000e+03 -1.000000e+00 -1.029000e+03 -2.295000e+03
 1.023000e+03 -1.000000e+00 -1.029000e+03 -1.271000e+03
 1.023000e+03 -1.000000e+00 -1.029000e+03 -2.470000e+02
 1.023000e+03 -1.000000e+00 -1.029000e+03  7.770000e+02
 1.023000e+03 -1.000000e+00 -1.029000e+03  1.801000e+03
 1.023000e+03 -1.000000e+00 -5.000000e+00 -2.295000e+03
 1.023000e+03 -1.000000e+00 -5.000000e+00 -1.271000e+03
 1.023000e+03 -1.000000e+00 -5.000000e+00 -2.470000e+02
 1.023000e+03 -1.000000e+00 -5.000000e+00  7.770000e+02
 1.023000e+03 -1.000000e+00 -5.000000e+00  1.801000e+03
 1.023000e+03 -1.000000e+00  1.019000e+03 -2.295000e+03
 1.023000e+03 -1.000000e+00  1.019000e+03 -1.271000e+03
 1.023000e+03 -1.000000e+00  1.019000e+03 -2.470000e+02
 1.023000e+03 -1.000000e+00  1.019000e+03  7.770000e+02
 1.023000e+03 -1.000000e+00  1.019000e+03  1.801000e+03
 1.023000e+03 -1.000000e+00  2.043000e+03 -1.271000e+03
 1.023000e+03 -1.000000e+00  2.043000e+03 -2.470000e+02
 1.023000e+03 -1.000000e+00  2.043000e+03  7.770000e+02
 1.023000e+03  1.023000e+03 -2.053000e+03 -2.470000e+02
 1.023000e+03  1.023000e+03 -2.053000e+03  7.770000e+02
 1.023000e+03  1.023000e+03 -1.029000e+03 -1.271000e+03
 1.023000e+03  1.023000e+03 -1.029000e+03 -2.470000e+02
 1.023000e+03  1.023000e+03 -1.029000e+03  7.770000e+02
 1.023000e+03  1.023000e+03 -1.029000e+03  1.801000e+03
 1.023000e+03  1.023000e+03 -5.000000e+00 -2.295000e+03
 1.023000e+03  1.023000e+03 -5.000000e+00 -1.271000e+03
 1.023000e+03  1.023000e+03 -5.000000e+00 -2.470000e+02
 1.023000e+03  1.023000e+03 -5.000000e+00  7.770000e+02
 1.023000e+03  1.023000e+03 -5.000000e+00  1.801000e+03
 1.023000e+03  1.023000e+03  1.019000e+03 -1.271000e+03
 1.023000e+03  1.023000e+03  1.019000e+03 -2.470000e+02
 1.023000e+03  1.023000e+03  1.019000e+03  7.770000e+02
 1.023000e+03  1.023000e+03  1.019000e+03  1.801000e+03
 1.023000e+03  1.023000e+03  2.043000e+03 -2.470000e+02
 1.023000e+03  1.023000e+03  2.043000e+03  7.770000e+02
 1.023000e+03  2.047000e+03 -1.029000e+03 -2.470000e+02
 1.023000e+03  2.047000e+03 -1.029000e+03  7.770000e+02
 1.023000e+03  2.047000e+03 -5.000000e+00 -1.271000e+03
 1.023000e+03  2.047000e+03 -5.000000e+00 -2.470000e+02
 1.023000e+03  2.047000e+03 -5.000000e+00  7.770000e+02
 1.023000e+03  2.047000e+03  1.019000e+03 -2.470000e+02
 1.023000e+03  2.047000e+03  1.019000e+03  7.770000e+02
 1.535000e+03 -1.537000e+03 -1.541000e+03  2.650000e+02
 1.535000e+03 -1.537000e+03 -5.170000e+02 -7.590000e+02
 1.535000e+03 -1.537000e+03 -5.170000e+02  2.650000e+02
 1.535000e+03 -1.537000e+03 -5.170000e+02  1.289000e+03
 1.535000e+03 -1.537000e+03  5.070000e+02 -7.590000e+02
 1.535000e+03 -1.537000e+03  5.070000e+02  2.650000e+02
 1.535000e+03 -1.537000e+03  5.070000e+02  1.289000e+03
 1.535000e+03 -1.537000e+03  1.531000e+03  2.650000e+02
 1.535000e+03 -5.130000e+02 -1.541000e+03 -7.590000e+02
 1.535000e+03 -5.130000e+02 -1.541000e+03  2.650000e+02
 1.535000e+03 -5.130000e+02 -1.541000e+03  1.289000e+03
 1.535000e+03 -5.130000e+02 -5.170000e+02 -1.783000e+03
 1.535000e+03 -5.130000e+02 -5.170000e+02 -7.590000e+02
 1.535000e+03 -5.130000e+02 -5.170000e+02  2.650000e+02
 1.535000e+03 -5.130000e+02 -5.170000e+02  1.289000e+03
 1.535000e+03 -5.130000e+02  5.070000e+02 -1.783000e+03
 1.535000e+03 -5.130000e+02  5.070000e+02 -7.590000e+02
 1.535000e+03 -5.130000e+02  5.070000e+02  2.650000e+02
 1.535000e+03 -5.130000e+02  5.070000e+02  1.289000e+03
 1.535000e+03 -5.130000e+02  1.531000e+03 -7.590000e+02
 1.535000e+03 -5.130000e+02  1.531000e+03  2.650000e+02
 1.535000e+03 -5.130000e+02  1.531000e+03  1.289000e+03
 1.535000e+03  5.110000e+02 -1.541000e+03 -7.590000e+02
 1.535000e+03  5.110000e+02 -1.541000e+03  2.650000e+02
 1.535000e+03  5.110000e+02 -1.541000e+03  1.289000e+03
 1.535000e+03  5.110000e+02 -5.170000e+02 -1.783000e+03
 1.535000e+03  5.110000e+02 -5.170000e+02 -7.590000e+02
 1.535000e+03  5.110000e+02 -5.170000e+02  2.650000e+02
 1.535000e+03  5.110000e+02 -5.170000e+02  1.289000e+03
 1.535000e+03  5.110000e+02  5.070000e+02 -1.783000e+03
 1.535000e+03  5.110000e+02  5.070000e+02 -7.590000e+02
 1.535000e+03  5.110000e+02  5.070000e+02  2.650000e+02
 1.535000e+03  5.110000e+02  5.070000e+02  1.289000e+03
 1.535000e+03  5.110000e+02  1.531000e+03 -7.590000e+02
 1.535000e+03  5.110000e+02  1.531000e+03  2.650000e+02
 1.535000e+03  5.110000e+02  1.531000e+03  1.289000e+03
 1.535000e+03  1.535000e+03 -1.541000e+03  2.650000e+02
 1.535000e+03  1.535000e+03 -5.170000e+02 -7.590000e+02
 1.535000e+03  1.535000e+03 -5.170000e+02  2.650000e+02
 1.535000e+03  1.535000e+03 -5.170000e+02  1.289000e+03
 1.535000e+03  1.535000e+03  5.070000e+02 -7.590000e+02
 1.535000e+03  1.535000e+03  5.070000e+02  2.650000e+02
 1.535000e+03  1.535000e+03  5.070000e+02  1.289000e+03
 1.535000e+03  1.535000e+03  1.531000e+03  2.650000e+02
 2.047000e+03 -1.025000e+03 -1.029000e+03 -2.470000e+02
 2.047000e+03 -1.025000e+03 -1.029000e+03  7.770000e+02
 2.047000e+03 -1.025000e+03 -5.000000e+00 -1.271000e+03
 2.047000e+03 -1.025000e+03 -5.000000e+00 -2.470000e+02
 2.047000e+03 -1.025000e+03 -5.000000e+00  7.770000e+02
 2.047000e+03 -1.025000e+03  1.019000e+03 -2.470000e+02
 2.047000e+03 -1.025000e+03  1.019000e+03  7.770000e+02
 2.047000e+03 -1.000000e+00 -1.029000e+03 -1.271000e+03
 2.047000e+03 -1.000000e+00 -1.029000e+03 -2.470000e+02
 2.047000e+03 -1.000000e+00 -1.029000e+03  7.770000e+02
 2.047000e+03 -1.000000e+00 -5.000000e+00 -1.271000e+03
 2.047000e+03 -1.000000e+00 -5.000000e+00 -2.470000e+02
 2.047000e+03 -1.000000e+00 -5.000000e+00  7.770000e+02
 2.047000e+03 -1.000000e+00 -5.000000e+00  1.801000e+03
 2.047000e+03 -1.000000e+00  1.019000e+03 -1.271000e+03
 2.047000e+03 -1.000000e+00  1.019000e+03 -2.470000e+02
 2.047000e+03 -1.000000e+00  1.019000e+03  7.770000e+02
 2.047000e+03  1.023000e+03 -1.029000e+03 -2.470000e+02
 2.047000e+03  1.023000e+03 -1.029000e+03  7.770000e+02
 2.047000e+03  1.023000e+03 -5.000000e+00 -1.271000e+03
 2.047000e+03  1.023000e+03 -5.000000e+00 -2.470000e+02
 2.047000e+03  1.023000e+03 -5.000000e+00  7.770000e+02
 2.047000e+03  1.023000e+03  1.019000e+03 -2.470000e+02
 2.047000e+03  1.023000e+03  1.019000e+03  7.770000e+02
 2.559000e+03 -5.130000e+02 -5.170000e+02  2.650000e+02
 2.559000e+03 -5.130000e+02  5.070000e+02  2.650000e+02
 2.559000e+03  5.110000e+02 -5.170000e+02  2.650000e+02
 2.559000e+03  5.110000e+02  5.070000e+02  2.650000e+02
