Required SNRs (in dB) to achieve an AIR=0.8*m for the published constellations:

MI:
PM-QAM = [4.088, 7.215, 10.159, 12.683, 15.422, 17.809, 20.465]
4D-Model = [6.901, 8.258, 9.585, 10.872]
4D-Spherical-D4 = [9.784, 11.092, 12.413, 13.698, 14.986, 16.260, 17.521, 18.778, 20.029]
This-work-OS = [6.205, 7.216, 8.490, 9.654, 10.941, 12.172]
This-work-unc = [3.861, 5.410, 6.869, 8.247, 9.567, 10.858, 12.115, 13.357, 14.580, 15.793, 17.000, 18.203, 19.404, 20.598]

GMI:
PM-QAM = [4.088, 7.415, 10.160, 13.091, 15.429, 18.083, 20.490]
2D-GS = [7.845, 10.117, 12.572, 15.022, 17.417, 19.745]
4D-GS = [6.228, 7.415, 8.670, 9.965, 11.206, 12.483, 13.696, 14.870, 16.130, 17.325]
This-work-OS = [6.215, 7.411, 8.669, 9.965, 11.160, 12.472, 13.694, 14.870, 16.123, 17.317, 18.544, 19.670, 20.882]
This-work-unc = [5.825, 7.290, 8.656, 9.955, 11.159, 12.467]