 5.824219e-01  5.236164e-02  1.165161e+00  5.030017e-01
 6.312599e-01 -3.961637e-01  1.522539e+00  6.305690e-01
 3.596229e-01 -4.464175e-01  1.467404e+00  2.593746e-02
 2.218732e-01 -4.889412e-01  1.361375e+00 -4.688478e-01
 5.327641e-01  2.004157e-01  9.971335e-01  1.471236e-01
 4.802380e-01  3.051035e-01  8.380507e-01 -2.310789e-01
 3.740983e-01 -1.081319e-01  1.185069e+00 -2.358074e-02
 3.563645e-01 -4.251343e-02  1.098402e+00 -3.805040e-01
 7.578297e-01  2.782405e-01  1.567971e+00  4.254362e-01
 5.904414e-01 -1.324790e-01  1.501435e+00  1.045587e+00
 5.941441e-01 -7.862083e-02  1.831130e+00 -1.350125e-02
 4.244166e-01 -2.955097e-01  1.727816e+00 -6.133468e-01
 7.589452e-01  4.284972e-01  1.321553e+00  2.206088e-02
 6.343981e-01  5.290548e-01  1.167522e+00 -3.481168e-01
 1.200450e+00  2.390672e-01  1.411197e+00 -3.314370e-01
 6.177760e-01  1.644495e-01  1.420023e+00 -5.247311e-01
 1.033935e+00 -2.063674e-01  9.753484e-01  3.510392e-01
 1.290415e+00 -3.005882e-01  1.238589e+00  5.963463e-01
 9.687324e-01 -5.948780e-01  1.293244e+00 -8.829243e-03
 8.408456e-01 -6.989833e-01  1.236488e+00 -5.343344e-01
 1.018911e+00 -6.828710e-02  7.916380e-01  4.387198e-02
 8.976666e-01  2.677118e-02  6.493748e-01 -2.645279e-01
 1.459826e+00 -2.519570e-01  8.599865e-01 -2.720410e-01
 8.526809e-01 -2.990977e-01  8.988295e-01 -4.333762e-01
 1.156167e+00 -6.253833e-01  5.514035e-01  3.680172e-01
 1.430241e+00 -7.988564e-01  7.613674e-01  6.453502e-01
 1.117565e+00 -9.764870e-01  8.451004e-01  5.388439e-02
 9.801368e-01 -1.074701e+00  7.780316e-01 -4.231079e-01
 1.119344e+00 -4.782950e-01  3.515744e-01  9.671864e-02
 9.866961e-01 -4.342128e-01  2.058251e-01 -1.657981e-01
 1.534442e+00 -7.465927e-01  3.631901e-01 -2.013111e-01
 9.761285e-01 -7.148391e-01  4.514582e-01 -3.437808e-01
 4.366968e-01 -1.139261e-01  8.411707e-01  6.670132e-01
 4.661310e-01 -3.542370e-01  8.878688e-01  1.252968e+00
-6.660531e-02 -1.026737e+00  1.381245e+00  1.717281e-01
-1.656312e-01 -9.703372e-01  1.326418e+00 -4.283984e-01
 3.592960e-01  1.091657e-05  6.806577e-01  2.523371e-01
 2.970296e-01  8.950903e-02  5.272163e-01 -9.878232e-02
 2.542456e-01 -2.585107e-01  8.894937e-01  4.951334e-02
 1.923655e-01 -2.152734e-01  7.853087e-01 -2.525312e-01
 2.860747e-01 -3.805826e-01  6.922952e-01  6.876315e-01
 3.258264e-01 -6.396378e-01  1.088879e+00  9.137571e-01
 1.166778e-01 -7.514088e-01  9.639620e-01  2.951040e-01
-3.179386e-02 -8.206596e-01  8.760399e-01 -2.695643e-01
 2.278017e-01 -2.125728e-01  4.349595e-01  3.417093e-01
 1.688513e-01 -1.419275e-01  2.586745e-01  9.332848e-03
 1.279367e-01 -4.864784e-01  6.829082e-01  1.460314e-01
 5.337122e-02 -4.672425e-01  5.620166e-01 -1.651325e-01
 7.748857e-01 -2.775366e-01  7.443088e-01  5.807102e-01
 9.451652e-01 -4.923522e-01  8.671362e-01  1.086244e+00
 5.222621e-01 -1.182099e+00  1.311979e+00  1.333741e-01
 3.775973e-01 -1.199783e+00  1.207775e+00 -4.971620e-01
 6.580625e-01 -1.677433e-01  5.976250e-01  1.801632e-01
 6.018637e-01 -7.734194e-02  4.559011e-01 -1.397108e-01
 5.459372e-01 -4.002108e-01  7.819603e-01 -5.894419e-03
 5.284138e-01 -3.699429e-01  6.990475e-01 -2.893332e-01
 7.183114e-01 -5.373318e-01  6.003432e-01  5.620295e-01
 8.254970e-01 -8.749567e-01  1.004483e+00  8.002304e-01
 5.483071e-01 -8.837824e-01  8.610268e-01  1.876624e-01
 4.095499e-01 -9.706457e-01  7.998391e-01 -3.341671e-01
 6.156665e-01 -3.709544e-01  3.794153e-01  2.438281e-01
 5.568024e-01 -2.974592e-01  2.141075e-01 -6.923461e-02
 4.946283e-01 -6.206143e-01  6.189719e-01  6.144194e-02
 4.745429e-01 -6.171264e-01  5.059154e-01 -2.341167e-01
 2.245569e-01  3.793089e-01  3.596507e-01 -1.272865e+00
 7.274126e-02  2.334734e-01  2.976571e-01 -1.784246e+00
 1.484629e-01 -7.245537e-02  7.299641e-01 -1.315996e+00
 1.440925e-01 -3.933274e-01  1.139807e+00 -9.046729e-01
 3.447431e-01  3.932945e-01  5.077523e-01 -8.998544e-01
 4.190983e-01  3.748188e-01  6.865382e-01 -5.596372e-01
 2.038594e-01  8.057968e-02  7.326820e-01 -9.747040e-01
 2.827395e-01  9.917774e-03  9.493755e-01 -7.185568e-01
 3.792657e-01  7.208362e-01  7.919324e-01 -1.405537e+00
 6.262877e-01  4.539568e-01  4.831142e-01 -1.798630e+00
 2.263807e-01  9.371161e-02  1.070620e+00 -1.576138e+00
 2.293713e-01 -2.360141e-01  1.459180e+00 -1.183446e+00
 7.293254e-01  5.239575e-01  7.901556e-01 -1.096691e+00
 5.638913e-01  6.092480e-01  1.000372e+00 -7.380712e-01
 1.134346e+00  2.718624e-01  1.121746e+00 -1.032526e+00
 4.992000e-01  2.659194e-01  1.326150e+00 -9.542969e-01
 7.681531e-01  3.637833e-02  2.052577e-01 -1.254666e+00
 1.207280e+00  4.434906e-02  1.899227e-01 -1.502960e+00
 6.936859e-01 -3.466581e-01  6.539670e-01 -1.395991e+00
 7.204695e-01 -5.938725e-01  1.004190e+00 -1.037239e+00
 8.590072e-01  8.241647e-02  3.392786e-01 -8.963959e-01
 8.578794e-01  6.864749e-02  4.982219e-01 -5.730443e-01
 1.419513e+00 -1.826002e-01  5.620961e-01 -8.230193e-01
 8.325450e-01 -2.686481e-01  7.428406e-01 -7.347817e-01
 8.725535e-01 -3.801865e-01 -1.509566e-01 -1.115985e+00
 1.071457e+00 -4.430752e-01 -3.308693e-01 -1.490288e+00
 8.745680e-01 -7.624581e-01  2.444168e-01 -1.241872e+00
 8.947191e-01 -9.987824e-01  5.683684e-01 -9.131140e-01
 9.589615e-01 -3.374345e-01 -5.122944e-02 -7.707238e-01
 9.345111e-01 -3.732345e-01  7.453407e-02 -4.662462e-01
 1.423974e+00 -6.484564e-01  7.882153e-02 -7.892177e-01
 9.241230e-01 -6.607748e-01  3.372824e-01 -6.194609e-01
 8.429718e-02  1.974056e-01  2.171925e-02 -1.156707e+00
-2.099988e-02  1.823845e-01 -2.642824e-01 -1.605531e+00
-1.792958e-01 -4.632633e-01  6.770489e-01 -1.344361e+00
-2.463845e-01 -8.142942e-01  1.045095e+00 -1.003999e+00
 1.735591e-01  1.745040e-01  2.277370e-01 -7.368199e-01
 2.385477e-01  1.438061e-01  3.871327e-01 -3.908269e-01
 9.050140e-02 -1.035635e-01  4.908115e-01 -8.112146e-01
 1.356950e-01 -1.655116e-01  6.463430e-01 -5.459068e-01
-3.687043e-02 -6.014884e-02 -1.083399e-01 -1.061436e+00
-1.752181e-01 -3.161198e-01 -2.061046e-02 -1.678623e+00
-1.380734e-01 -4.613804e-01  3.015795e-01 -1.094498e+00
-1.141659e-01 -7.404353e-01  6.786363e-01 -6.926355e-01
 4.748001e-02 -4.028201e-02 -1.590915e-02 -6.389509e-01
 1.132091e-01 -8.679189e-02  1.274035e-01 -2.821601e-01
-3.725648e-02 -3.234139e-01  2.643133e-01 -7.475474e-01
-8.729313e-03 -4.172959e-01  4.270221e-01 -4.586091e-01
 4.549966e-01  1.448761e-02 -4.746106e-02 -1.193104e+00
 4.688414e-01  1.556502e-02 -3.191536e-01 -1.674070e+00
 1.815152e-01 -8.449290e-01  5.868676e-01 -1.513389e+00
 2.486099e-01 -1.104076e+00  9.278165e-01 -1.063137e+00
 4.900674e-01  4.202162e-03  1.608071e-01 -7.760381e-01
 5.521243e-01 -2.797130e-02  3.119914e-01 -4.452662e-01
 3.970479e-01 -2.594752e-01  4.012665e-01 -8.246680e-01
 4.717090e-01 -3.200893e-01  5.533118e-01 -5.965995e-01
 4.111463e-01 -2.440526e-01 -1.606875e-01 -1.108451e+00
 4.086184e-01 -4.502337e-01 -7.988387e-02 -1.740512e+00
 3.054207e-01 -6.462552e-01  2.540994e-01 -1.139541e+00
 3.285686e-01 -8.917496e-01  5.988294e-01 -7.796563e-01
 4.381610e-01 -2.059915e-01 -5.309611e-02 -7.002307e-01
 4.972921e-01 -2.438146e-01  8.080344e-02 -3.634140e-01
 3.419214e-01 -4.718006e-01  2.221641e-01 -7.960259e-01
 4.150648e-01 -5.671812e-01  3.612832e-01 -5.466821e-01
 7.474762e-01  4.621077e-01  8.335177e-01  7.185026e-01
 9.690419e-01  6.254351e-01  7.681599e-01  1.240043e+00
 9.713769e-01  9.564582e-01  3.378502e-01  7.805052e-01
 9.586516e-01  1.204849e+00 -3.660442e-02  3.799531e-01
 6.620629e-01  5.179543e-01  7.411882e-01  2.987508e-01
 6.025164e-01  5.871210e-01  6.031936e-01 -8.347367e-02
 7.572638e-01  7.986538e-01  4.424100e-01  4.299990e-01
 7.633355e-01  9.053755e-01  3.144940e-01  9.397224e-02
 9.748098e-01  6.844373e-01  1.206105e+00  6.251920e-01
 8.962254e-01  3.326725e-01  1.284450e+00  1.163729e+00
 1.147843e+00  1.148548e+00  8.217567e-01  6.167429e-01
 1.162409e+00  1.467287e+00  3.549422e-01  2.635759e-01
 8.751368e-01  7.286430e-01  1.071297e+00  1.735174e-01
 7.567654e-01  8.315004e-01  8.958777e-01 -1.854754e-01
 1.409458e+00  7.821805e-01  9.754004e-01 -2.952620e-02
 9.965087e-01  1.127597e+00  6.493767e-01 -4.324434e-02
 1.210928e+00  2.099915e-01  6.542714e-01  5.491023e-01
 1.503565e+00  1.370045e-01  8.512423e-01  8.151088e-01
 1.486449e+00  6.170331e-01  3.016617e-01  6.024694e-01
 1.479191e+00  8.816330e-01 -6.374281e-02  2.418041e-01
 1.141483e+00  1.869707e-01  5.607142e-01  1.729565e-01
 1.003646e+00  2.832119e-01  4.368550e-01 -1.343995e-01
 1.664279e+00  2.525556e-01  4.310435e-01 -5.763482e-02
 1.223130e+00  5.655277e-01  1.911218e-01 -9.297658e-03
 1.325304e+00 -2.295873e-01  2.122452e-01  5.591440e-01
 1.696728e+00 -3.407389e-01  4.110282e-01  7.101532e-01
 1.609213e+00  1.391370e-01 -1.136601e-01  6.226103e-01
 1.592382e+00  3.704129e-01 -4.274690e-01  2.836929e-01
 1.235021e+00 -2.313047e-01  1.523502e-01  2.083991e-01
 1.096247e+00 -1.642393e-01 -1.064140e-02 -3.816422e-02
 1.727463e+00 -2.423884e-01 -2.315989e-02 -1.378866e-02
 1.313249e+00  9.509932e-02 -2.302516e-01  5.548165e-02
 5.679520e-01  1.953171e-01  5.766770e-01  8.293638e-01
 6.414298e-01  4.017784e-02  6.438323e-01  1.363530e+00
 8.119949e-01  9.848898e-01 -1.492302e-01  1.136425e+00
 7.809683e-01  1.226247e+00 -5.056281e-01  6.850313e-01
 4.754700e-01  2.903205e-01  4.462860e-01  3.919148e-01
 4.073748e-01  3.553678e-01  3.113827e-01  3.298727e-02
 6.116294e-01  5.764297e-01  2.061590e-01  4.574778e-01
 5.617921e-01  6.578580e-01  6.525273e-02  1.755950e-01
 4.816551e-01  1.041465e-01  2.778635e-01  9.188359e-01
 7.368656e-01  3.204683e-01  2.515161e-01  1.384458e+00
 6.559054e-01  5.350532e-01 -1.219551e-01  9.120815e-01
 6.429202e-01  7.826209e-01 -4.647413e-01  5.241411e-01
 3.599890e-01  9.142029e-02  1.745742e-01  4.895276e-01
 2.830078e-01  1.350817e-01  3.077576e-02  1.436446e-01
 4.997151e-01  3.984415e-01 -5.935695e-02  5.748650e-01
 4.456750e-01  4.729455e-01 -2.260514e-01  2.994917e-01
 8.972683e-01  1.464022e-02  4.985878e-01  7.307568e-01
 1.086390e+00 -1.535988e-01  6.176654e-01  1.198153e+00
 1.309625e+00  7.069525e-01 -2.843658e-01  1.054753e+00
 1.280925e+00  9.536412e-01 -6.574834e-01  6.072467e-01
 7.866866e-01  1.282602e-01  3.587848e-01  3.206262e-01
 7.210587e-01  1.860618e-01  2.360613e-01 -1.562975e-02
 8.810768e-01  3.906458e-01  1.321118e-01  3.877639e-01
 8.752872e-01  4.680775e-01  1.121473e-02  1.215925e-01
 9.028771e-01 -9.843139e-02  2.231137e-01  7.631990e-01
 1.250150e+00  9.325129e-02  2.336508e-01  1.252396e+00
 1.067925e+00  3.380867e-01 -1.641801e-01  7.787439e-01
 1.064414e+00  5.720692e-01 -4.879538e-01  4.264853e-01
 7.385634e-01 -7.106357e-02  1.292301e-01  3.886535e-01
 6.678418e-01 -2.783773e-02 -9.941034e-03  6.335648e-02
 8.549989e-01  2.324059e-01 -9.466724e-02  4.811381e-01
 8.527592e-01  2.913382e-01 -2.514428e-01  2.091474e-01
 4.173213e-01  7.832772e-01  2.195236e-02 -1.073734e+00
 4.901824e-01  1.016948e+00 -3.916044e-01 -1.352295e+00
 6.595141e-01  1.174036e+00 -2.863165e-01 -7.053822e-01
 8.560336e-01  1.264010e+00 -2.300337e-01 -1.073257e-01
 4.654941e-01  6.972906e-01  2.500303e-01 -7.490274e-01
 5.434170e-01  6.574885e-01  4.535606e-01 -4.324128e-01
 5.697771e-01  9.597819e-01  1.157008e-03 -5.463513e-01
 7.046568e-01  9.658273e-01  1.507963e-01 -2.504872e-01
 5.942369e-01  1.092662e+00  3.623941e-01 -1.232198e+00
 4.554008e-01  8.799028e-01  2.122997e-02 -1.722348e+00
 8.241537e-01  1.480453e+00  1.477380e-02 -9.265626e-01
 1.033851e+00  1.596304e+00 -7.977698e-06 -2.928830e-01
 9.752402e-01  8.521085e-01  5.450773e-01 -9.963109e-01
 7.344204e-01  9.055167e-01  7.313759e-01 -5.885050e-01
 1.429546e+00  7.492310e-01  7.797582e-01 -6.849640e-01
 1.016424e+00  1.200090e+00  4.616011e-01 -4.455088e-01
 9.055116e-01  4.808270e-01 -1.180062e-01 -1.057353e+00
 1.076548e+00  5.683536e-01 -2.447782e-01 -1.449074e+00
 1.213558e+00  8.725007e-01 -3.264831e-01 -8.043516e-01
 1.393117e+00  9.513937e-01 -2.772110e-01 -2.730271e-01
 9.710058e-01  3.479111e-01  1.044613e-01 -7.627247e-01
 9.550328e-01  3.329178e-01  2.864901e-01 -4.469099e-01
 1.556962e+00  3.431138e-01  1.302494e-01 -6.727746e-01
 1.166640e+00  6.136296e-01  4.770244e-02 -3.142132e-01
 1.044745e+00  4.254939e-02 -4.847109e-01 -9.127034e-01
 1.262817e+00  3.893987e-02 -6.515082e-01 -1.292585e+00
 1.367526e+00  3.905216e-01 -6.932968e-01 -6.849406e-01
 1.517653e+00  4.530372e-01 -6.534678e-01 -1.909053e-01
 1.068564e+00 -6.678589e-02 -2.591877e-01 -6.488549e-01
 1.049818e+00 -1.058837e-01 -1.473113e-01 -3.413507e-01
 1.616745e+00 -1.619643e-01 -2.932642e-01 -5.677060e-01
 1.257848e+00  1.492583e-01 -3.544324e-01 -2.178745e-01
 2.246988e-01  5.156305e-01 -2.565934e-01 -9.996982e-01
 1.386363e-01  5.599725e-01 -5.761822e-01 -1.409559e+00
 5.331330e-01  1.298748e+00 -8.048171e-01 -5.041152e-01
 6.837171e-01  1.357791e+00 -7.872043e-01  1.126363e-01
 2.948261e-01  4.625148e-01 -8.395256e-03 -5.952639e-01
 3.542329e-01  4.062645e-01  1.745247e-01 -2.674032e-01
 4.419369e-01  7.288229e-01 -1.977682e-01 -4.107621e-01
 5.059589e-01  7.106162e-01 -7.685789e-02 -1.158154e-01
 1.506454e-01  4.022309e-01 -5.012591e-01 -8.216462e-01
 2.944313e-01  8.500802e-01 -1.016961e+00 -1.141562e+00
 3.935173e-01  7.895350e-01 -7.335764e-01 -4.951766e-01
 5.660247e-01  8.687400e-01 -6.607246e-01  8.704714e-02
 1.766895e-01  2.643834e-01 -2.694404e-01 -4.872788e-01
 2.276047e-01  1.888115e-01 -1.029689e-01 -1.523289e-01
 3.328681e-01  5.666980e-01 -4.696862e-01 -3.198696e-01
 3.893673e-01  5.279590e-01 -3.600782e-01 -5.753196e-04
 5.682566e-01  3.272175e-01 -3.095264e-01 -1.028828e+00
 5.769665e-01  3.285941e-01 -6.147845e-01 -1.490612e+00
 1.026391e+00  1.030797e+00 -9.329800e-01 -5.856366e-01
 1.182487e+00  1.063721e+00 -8.588372e-01  1.296638e-02
 6.074553e-01  2.913298e-01 -7.930146e-02 -6.331924e-01
 6.603361e-01  2.427034e-01  9.441219e-02 -3.203169e-01
 7.272713e-01  5.418071e-01 -2.587234e-01 -4.480228e-01
 8.183133e-01  5.206638e-01 -1.380278e-01 -1.900319e-01
 5.956277e-01  2.046381e-01 -5.329790e-01 -8.820767e-01
 8.077305e-01  5.482811e-01 -9.588439e-01 -1.206694e+00
 8.181533e-01  5.867739e-01 -7.547035e-01 -5.416110e-01
 9.831536e-01  6.551610e-01 -6.809115e-01 -1.398029e-02
 5.621197e-01  1.008140e-01 -3.032696e-01 -5.505708e-01
 6.136179e-01  2.416771e-02 -1.475348e-01 -2.316339e-01
 6.991264e-01  3.982705e-01 -4.899883e-01 -3.868473e-01
 8.018985e-01  3.472661e-01 -3.968505e-01 -9.612750e-02
 2.784945e-02 -9.804342e-01 -4.885294e-02  9.838783e-01
-5.727776e-02 -1.252824e+00  3.583122e-01  1.235463e+00
-1.087080e-01 -1.451163e+00  2.142507e-01  5.934983e-01
-3.423707e-01 -1.564865e+00  1.599479e-01  2.911655e-02
-3.238078e-02 -8.783067e-01 -2.946312e-01  6.469828e-01
-1.043732e-01 -8.140636e-01 -4.830658e-01  2.973619e-01
-1.751031e-01 -1.148118e+00 -3.873545e-02  4.577494e-01
-2.299207e-01 -1.174152e+00 -1.997750e-01  1.456137e-01
 2.801477e-03 -1.319433e+00 -3.871667e-01  1.078980e+00
 3.267959e-01 -1.467898e+00  5.403707e-02  1.342885e+00
-6.659933e-02 -1.757180e+00 -2.234447e-01  7.233768e-01
-4.447094e-01 -1.844353e+00 -2.328393e-01  1.852431e-01
-3.519525e-02 -1.162915e+00 -6.261607e-01  7.200500e-01
-1.823658e-01 -1.058619e+00 -7.536089e-01  3.943270e-01
 1.933782e-01 -1.593160e+00 -8.567485e-01  4.334900e-01
-3.200693e-01 -1.455958e+00 -5.916755e-01  2.800308e-01
 5.955403e-01 -1.137592e+00 -1.195740e-01  7.454230e-01
 9.277873e-01 -1.403640e+00 -3.288401e-01  9.133117e-01
 5.086571e-01 -1.594020e+00  1.144595e-01  4.393327e-01
 2.767973e-01 -1.730833e+00  7.227191e-02 -7.452753e-02
 5.545580e-01 -1.021880e+00 -3.466422e-01  4.467327e-01
 4.152335e-01 -9.273233e-01 -4.791314e-01  1.587909e-01
 8.565937e-01 -1.415898e+00 -5.331149e-01  1.134167e-01
 3.562438e-01 -1.299813e+00 -2.511016e-01 -2.663945e-05
 9.947925e-01 -9.429048e-01  1.761758e-01  5.113691e-01
 1.254907e+00 -1.170460e+00  2.390341e-01  8.184384e-01
 9.455138e-01 -1.361823e+00  4.104778e-01  2.235817e-01
 7.796972e-01 -1.487169e+00  3.803800e-01 -2.684088e-01
 9.508460e-01 -8.215820e-01 -5.297067e-02  2.439857e-01
 8.354802e-01 -7.175805e-01 -1.380281e-01 -3.978174e-02
 1.309405e+00 -1.154022e+00 -1.366027e-01 -1.175669e-02
 8.022332e-01 -1.063680e+00  5.892951e-02 -2.022084e-01
 1.428613e-01 -6.959393e-01  2.104436e-01  9.254372e-01
 2.578508e-01 -7.538343e-01  5.085769e-01  1.342996e+00
-9.256260e-02 -1.242670e+00  5.532187e-01  4.439343e-01
-2.531577e-01 -1.304254e+00  4.593580e-01 -8.310686e-02
 4.946407e-02 -6.183382e-01 -3.806960e-02  5.335718e-01
-2.863291e-02 -5.537770e-01 -2.175776e-01  1.974490e-01
-7.579377e-02 -9.173838e-01  1.792556e-01  3.373945e-01
-1.487497e-01 -9.002090e-01  5.835730e-02  2.957840e-02
 1.857196e-01 -5.509828e-01  4.490245e-01  7.629121e-01
 1.717046e-01 -1.077606e+00  9.691779e-01  1.061485e+00
 1.504279e-02 -9.287856e-01  6.881307e-01  4.301972e-01
-1.533623e-01 -1.017241e+00  6.130279e-01 -1.732728e-01
 1.320136e-01 -4.040731e-01  2.223535e-01  4.368405e-01
 7.016446e-02 -3.314633e-01  4.037078e-02  9.235572e-02
 1.260119e-02 -7.060255e-01  4.205672e-01  2.487069e-01
-6.099858e-02 -6.742752e-01  3.180241e-01 -6.714815e-02
 5.075783e-01 -8.210196e-01  1.506099e-01  8.063412e-01
 7.409626e-01 -8.653466e-01  4.424916e-01  1.269219e+00
 2.519072e-01 -1.570696e+00  8.011264e-01  3.195947e-01
 6.419757e-02 -1.626528e+00  7.595392e-01 -2.778141e-01
 3.796649e-01 -7.360161e-01 -6.082644e-02  4.337313e-01
 3.037738e-01 -6.705975e-01 -2.297678e-01  1.211610e-01
 2.634327e-01 -9.864725e-01  1.264652e-01  2.428774e-01
 2.200684e-01 -9.972140e-01  7.360200e-03 -2.210280e-02
 6.211603e-01 -7.397023e-01  3.591014e-01  6.454015e-01
 6.893443e-01 -1.215712e+00  6.636028e-01  9.468215e-01
 4.691726e-01 -1.115115e+00  5.946339e-01  2.878355e-01
 3.222679e-01 -1.208486e+00  5.343334e-01 -2.525860e-01
 5.139790e-01 -5.742308e-01  1.490943e-01  3.381138e-01
 4.497736e-01 -5.031148e-01 -2.240103e-02  2.154873e-02
 3.883185e-01 -8.559072e-01  3.475070e-01  1.659446e-01
 3.659622e-01 -8.538544e-01  2.419844e-01 -1.362214e-01
-2.950244e-01 -6.578889e-01 -9.060762e-01 -8.281655e-01
-3.312356e-01 -5.922205e-01 -1.123943e+00 -1.284037e+00
-4.073358e-01 -1.183254e+00 -4.148315e-01 -8.652751e-01
-4.198698e-01 -1.472685e+00 -5.328418e-02 -4.670051e-01
-2.411782e-01 -6.913861e-01 -7.804708e-01 -4.188229e-01
-1.642411e-01 -7.538905e-01 -6.327587e-01 -3.896485e-02
-3.734128e-01 -9.592590e-01 -4.738013e-01 -5.358202e-01
-2.940887e-01 -1.113468e+00 -3.542569e-01 -2.067709e-01
-4.364353e-01 -1.008865e+00 -1.266661e+00 -7.088588e-01
-4.878190e-01 -9.060242e-01 -6.622251e-01 -1.518391e+00
-5.531358e-01 -1.399951e+00 -8.440091e-01 -8.169109e-01
-5.319732e-01 -1.727631e+00 -4.805675e-01 -3.913226e-01
-3.106863e-01 -9.850901e-01 -1.101945e+00 -2.824776e-01
-2.607412e-01 -9.842332e-01 -8.983122e-01  4.255627e-02
-6.295573e-03 -1.494780e+00 -1.109594e+00 -2.406369e-01
-3.613314e-01 -1.362760e+00 -6.961977e-01 -1.049750e-01
 2.336539e-01 -8.586736e-01 -8.640433e-01 -8.365845e-01
 2.734435e-01 -9.336604e-01 -1.131638e+00 -1.192415e+00
 1.891865e-01 -1.356706e+00 -5.482236e-01 -9.360047e-01
 1.722186e-01 -1.633968e+00 -1.644342e-01 -5.866919e-01
 3.296793e-01 -8.471813e-01 -7.695871e-01 -4.755042e-01
 3.483339e-01 -8.672263e-01 -6.153300e-01 -1.491533e-01
 6.947469e-01 -1.322929e+00 -7.932914e-01 -4.499802e-01
 2.893213e-01 -1.234634e+00 -3.836172e-01 -3.043492e-01
 7.055802e-01 -6.819696e-01 -5.069245e-01 -9.692031e-01
 8.571196e-01 -8.492860e-01 -7.945970e-01 -1.245817e+00
 6.679392e-01 -1.148070e+00 -1.874773e-01 -1.087348e+00
 6.907395e-01 -1.400182e+00  1.240058e-01 -7.490072e-01
 7.832267e-01 -6.679450e-01 -4.446058e-01 -6.205444e-01
 7.758117e-01 -6.676312e-01 -2.786156e-01 -3.347410e-01
 1.207917e+00 -1.050372e+00 -3.949247e-01 -5.939869e-01
 7.481036e-01 -1.014238e+00 -6.780985e-02 -4.711561e-01
-1.770740e-01 -3.370918e-01 -6.274431e-01 -8.990142e-01
-2.020345e-01 -1.650905e-01 -7.124525e-01 -1.453665e+00
-3.676240e-01 -1.014804e+00 -1.982480e-02 -9.519139e-01
-3.439444e-01 -1.214093e+00  2.447617e-01 -5.672743e-01
-1.450496e-01 -4.287609e-01 -4.902203e-01 -4.765226e-01
-8.457935e-02 -4.972352e-01 -3.588425e-01 -1.163428e-01
-2.467442e-01 -7.566302e-01 -2.330559e-01 -5.739234e-01
-2.097721e-01 -8.434411e-01 -7.515542e-02 -2.693161e-01
-1.382150e-01 -2.621892e-01 -3.281585e-01 -9.969072e-01
-2.861315e-01 -5.046694e-01 -3.577785e-01 -1.423410e+00
-2.591450e-01 -6.879894e-01  7.663602e-02 -9.858794e-01
-2.311988e-01 -9.370649e-01  4.355538e-01 -5.812669e-01
-5.172698e-02 -2.306438e-01 -2.317618e-01 -5.510353e-01
 1.152930e-02 -2.786593e-01 -9.332797e-02 -2.019445e-01
-1.577786e-01 -5.495148e-01  1.556749e-02 -6.494023e-01
-1.178832e-01 -6.244326e-01  1.838859e-01 -3.676912e-01
 1.864853e-01 -4.713947e-01 -6.486952e-01 -9.398161e-01
 2.673559e-01 -3.779361e-01 -7.846285e-01 -1.479946e+00
-4.188833e-02 -1.277635e+00  8.740118e-02 -1.296042e+00
-2.397632e-02 -1.522741e+00  4.759067e-01 -8.569572e-01
 1.960051e-01 -5.553415e-01 -4.987926e-01 -5.286223e-01
 2.446897e-01 -6.143409e-01 -3.739808e-01 -1.913020e-01
 1.040952e-01 -8.332305e-01 -2.466396e-01 -5.961422e-01
 1.572059e-01 -9.376303e-01 -1.338329e-01 -3.395042e-01
 3.139129e-01 -4.396423e-01 -4.010641e-01 -1.012160e+00
 2.274209e-01 -7.482958e-01 -4.522355e-01 -1.555468e+00
 2.161744e-01 -8.838571e-01 -7.792438e-03 -1.042159e+00
 2.495624e-01 -1.136844e+00  3.343703e-01 -6.786119e-01
 3.338780e-01 -4.048540e-01 -2.890490e-01 -6.070767e-01
 3.963335e-01 -4.447507e-01 -1.585759e-01 -2.746159e-01
 2.236848e-01 -7.062237e-01 -4.731501e-02 -6.971690e-01
 3.085324e-01 -7.981107e-01  9.698126e-02 -4.469670e-01
 2.097495e-01 -5.954597e-01 -4.106259e-01  1.191425e+00
 4.174720e-01 -4.582166e-01 -4.086280e-01  1.670758e+00
 4.026203e-01 -1.316786e-01 -8.914125e-01  1.265836e+00
 3.887230e-01  1.604242e-01 -1.301778e+00  8.803002e-01
 1.008291e-01 -5.724872e-01 -5.656912e-01  8.158728e-01
 2.428501e-02 -5.223709e-01 -7.385060e-01  4.404908e-01
 1.994754e-01 -2.513535e-01 -8.081354e-01  9.175200e-01
 1.739280e-01 -2.102966e-01 -1.040877e+00  6.140623e-01
 1.354129e-01 -9.745042e-01 -7.624110e-01  1.335773e+00
 1.761484e-01 -9.702127e-01 -2.068217e-01  1.722629e+00
 2.091338e-01 -5.166978e-01 -1.179241e+00  1.411772e+00
 3.441267e-01 -2.850296e-01 -1.598343e+00  9.882336e-01
 6.422315e-02 -9.069845e-01 -8.711075e-01  8.813907e-01
-5.582796e-02 -7.740612e-01 -1.011909e+00  5.337077e-01
 4.685105e-01 -1.113507e+00 -1.241929e+00  7.513279e-01
 1.134086e-01 -5.860351e-01 -1.331910e+00  7.045248e-01
 7.357976e-01 -7.292999e-01 -4.700637e-01  9.803151e-01
 9.288425e-01 -8.923215e-01 -3.730502e-01  1.347636e+00
 9.366476e-01 -4.390468e-01 -9.135650e-01  1.079973e+00
 9.707450e-01 -1.354924e-01 -1.264793e+00  7.163115e-01
 6.603262e-01 -7.467473e-01 -5.662275e-01  5.908877e-01
 5.302218e-01 -6.625504e-01 -7.023861e-01  2.879923e-01
 1.093494e+00 -9.138452e-01 -9.409964e-01  4.127998e-01
 7.378173e-01 -4.153303e-01 -9.962113e-01  4.350966e-01
 1.181671e+00 -5.387706e-01 -1.530976e-01  7.113354e-01
 1.453172e+00 -6.950849e-01 -6.235477e-02  1.036658e+00
 1.404912e+00 -2.516579e-01 -5.807707e-01  7.985204e-01
 1.420167e+00  1.841992e-02 -9.054091e-01  4.656933e-01
 1.064158e+00 -5.653116e-01 -2.587976e-01  3.715901e-01
 9.509897e-01 -4.503254e-01 -3.605067e-01  9.503259e-02
 1.534492e+00 -6.615402e-01 -5.174918e-01  2.059801e-01
 1.146477e+00 -2.367357e-01 -6.277491e-01  2.071690e-01
 2.894192e-01 -3.510212e-01 -8.000888e-02  1.084894e+00
 4.349154e-01 -3.535489e-01  1.891962e-01  1.543117e+00
 5.014594e-01  1.953474e-01 -6.673791e-01  1.136701e+00
 4.809262e-01  4.264968e-01 -9.944459e-01  7.504663e-01
 1.777221e-01 -3.254159e-01 -2.813368e-01  6.742659e-01
 8.752827e-02 -2.810376e-01 -4.561405e-01  3.302041e-01
 2.939751e-01 -3.858495e-02 -5.702332e-01  7.827570e-01
 2.463895e-01  3.926440e-02 -7.430631e-01  4.903376e-01
 3.750414e-01 -9.467841e-02  6.806815e-02  9.838949e-01
 6.706642e-01  1.418049e-01 -1.088772e-01  1.678211e+00
 5.289741e-01  2.930939e-01 -3.464079e-01  1.015104e+00
 5.196378e-01  5.725389e-01 -7.153332e-01  5.994209e-01
 2.639760e-01 -9.675705e-02 -4.587023e-02  5.809208e-01
 1.893979e-01 -5.332839e-02 -1.978176e-01  2.307318e-01
 3.826326e-01  1.768825e-01 -3.237709e-01  6.838304e-01
 3.370841e-01  2.739307e-01 -4.835477e-01  3.948672e-01
 6.403555e-01 -4.904515e-01 -1.097606e-01  9.660623e-01
 8.408836e-01 -5.429536e-01  1.424928e-01  1.375060e+00
 1.027781e+00  2.888541e-01 -7.759697e-01  1.236197e+00
 9.961128e-01  5.536865e-01 -1.125099e+00  8.126441e-01
 5.061446e-01 -4.343546e-01 -3.120854e-01  5.832428e-01
 4.215432e-01 -3.870444e-01 -4.698583e-01  2.627280e-01
 6.025704e-01 -1.703424e-01 -5.585086e-01  6.515113e-01
 5.831387e-01 -1.262992e-01 -7.347525e-01  4.071190e-01
 8.051370e-01 -2.919804e-01 -8.002291e-03  8.514917e-01
 1.127321e+00 -2.017929e-01 -1.306682e-01  1.423573e+00
 9.682758e-01  7.973666e-02 -4.190705e-01  8.697008e-01
 9.699720e-01  3.372943e-01 -7.660571e-01  5.108516e-01
 6.429686e-01 -2.750876e-01 -1.119141e-01  4.877902e-01
 5.674264e-01 -2.275161e-01 -2.525599e-01  1.613669e-01
 7.464926e-01 -6.568095e-03 -3.767419e-01  5.822559e-01
 7.446123e-01  5.826951e-02 -5.336375e-01  3.094792e-01
-1.281454e-01 -2.684424e-01 -1.246854e+00 -6.303900e-01
-1.745242e-01 -1.734636e-01 -1.450961e+00 -1.065213e+00
 1.795680e-01  1.988244e-01 -1.595853e+00 -1.630420e-01
 3.207529e-01  2.399502e-01 -1.551820e+00  3.918531e-01
-1.006158e-01 -3.730767e-01 -1.062068e+00 -2.595294e-01
-4.106144e-02 -4.594177e-01 -8.953524e-01  1.053058e-01
 2.476290e-02 -4.281951e-02 -1.277945e+00 -8.581767e-02
 1.189230e-01 -1.402285e-01 -1.202320e+00  2.733265e-01
-1.646515e-01 -6.512333e-01 -1.653869e+00 -5.078916e-01
 4.045258e-02  3.382258e-01 -1.681251e+00 -9.029703e-01
-3.976347e-02 -1.637633e-01 -1.905189e+00 -2.408158e-01
 2.457062e-02 -1.674898e-01 -1.861971e+00  4.218614e-01
-2.002984e-01 -6.961223e-01 -1.363408e+00 -1.292145e-01
-1.307417e-01 -7.143543e-01 -1.178723e+00  1.813069e-01
 3.391865e-01 -1.133770e+00 -1.473849e+00  4.920023e-02
 2.318184e-01 -5.926533e-01 -1.559478e+00  2.824761e-01
 4.368833e-01 -4.625154e-01 -1.225271e+00 -6.345426e-01
 4.483800e-01 -4.249692e-01 -1.494078e+00 -1.037055e+00
 7.004565e-01 -1.529463e-01 -1.566554e+00 -3.483574e-01
 8.725499e-01 -6.145429e-03 -1.521567e+00  2.031700e-01
 4.639165e-01 -5.905685e-01 -1.009219e+00 -3.443346e-01
 4.700164e-01 -6.052198e-01 -8.430166e-01 -2.108090e-02
 9.640136e-01 -8.157215e-01 -1.201820e+00 -1.946605e-01
 6.950697e-01 -3.670460e-01 -1.134814e+00  1.180242e-01
 8.913310e-01 -2.630797e-01 -8.541155e-01 -7.670131e-01
 1.032523e+00 -3.653590e-01 -1.127373e+00 -1.092500e+00
 1.179793e+00  2.200265e-02 -1.171598e+00 -5.154670e-01
 1.326095e+00  1.141582e-01 -1.124921e+00 -2.440826e-02
 8.881100e-01 -4.036195e-01 -6.527619e-01 -4.982841e-01
 8.935882e-01 -4.029106e-01 -5.021527e-01 -2.069812e-01
 1.411922e+00 -5.733985e-01 -7.827739e-01 -3.714212e-01
 1.093252e+00 -1.958402e-01 -7.650306e-01 -6.790958e-02
-5.215323e-02 -2.804880e-02 -8.859379e-01 -7.395611e-01
-7.182928e-02  1.822418e-01 -1.002545e+00 -1.298688e+00
 2.943425e-01  5.293511e-01 -1.315591e+00 -2.028752e-01
 3.998555e-01  5.270514e-01 -1.214412e+00  2.906041e-01
-1.466873e-02 -1.335076e-01 -7.471174e-01 -3.311276e-01
 3.034942e-02 -2.186462e-01 -5.968776e-01  2.426401e-02
 1.314421e-01  1.447515e-01 -9.925827e-01 -1.361383e-01
 1.895366e-01  9.572553e-02 -8.866833e-01  1.889477e-01
 6.416212e-02  2.377227e-01 -7.409542e-01 -7.437173e-01
 1.163975e-01  4.579926e-01 -1.161825e+00 -9.463400e-01
 2.845631e-01  5.876142e-01 -9.908041e-01 -3.648256e-01
 4.468410e-01  6.548458e-01 -8.929049e-01  1.887011e-01
 8.041704e-02  8.374799e-02 -4.976367e-01 -3.997768e-01
 1.320562e-01  8.677955e-03 -3.315027e-01 -6.572457e-02
 2.207883e-01  3.491709e-01 -7.400187e-01 -2.154543e-01
 2.857880e-01  3.267130e-01 -6.202878e-01  9.334034e-02
 3.071921e-01 -1.825616e-01 -8.974636e-01 -7.846911e-01
 3.914565e-01 -4.686297e-02 -1.047476e+00 -1.347115e+00
 7.756479e-01  6.535089e-01 -1.485192e+00 -3.832033e-01
 9.123191e-01  7.207512e-01 -1.373431e+00  2.401582e-01
 3.206968e-01 -2.544164e-01 -7.562218e-01 -3.855465e-01
 3.599559e-01 -3.330177e-01 -6.125458e-01 -5.273189e-02
 4.501914e-01 -6.224895e-03 -9.641856e-01 -1.984267e-01
 5.259347e-01 -6.363025e-02 -8.858398e-01  8.545537e-02
 4.993011e-01  6.458962e-03 -7.714167e-01 -7.932705e-01
 6.082628e-01  2.257215e-01 -1.216016e+00 -1.041206e+00
 7.445829e-01  3.560166e-01 -1.032857e+00 -4.344509e-01
 8.995852e-01  4.189776e-01 -9.587284e-01  8.175668e-02
 4.675542e-01 -9.557884e-02 -5.459459e-01 -4.576226e-01
 5.091280e-01 -1.678844e-01 -3.870041e-01 -1.448712e-01
 5.841851e-01  1.613633e-01 -7.712556e-01 -2.783921e-01
 6.889508e-01  1.205216e-01 -6.669743e-01 -3.247103e-03
 1.179982e-01  2.628445e-01  1.205631e+00  5.869063e-01
 7.888383e-02 -5.317053e-01  1.818241e+00  6.904243e-01
-1.292531e-01 -1.129627e-01  1.497402e+00  2.183482e-01
-2.876171e-01 -2.129602e-01  1.443235e+00 -3.516016e-01
 9.765789e-02  4.062876e-01  1.050726e+00  2.279408e-01
 3.937753e-02  5.141196e-01  9.098657e-01 -1.445141e-01
-1.241645e-02  9.624436e-02  1.236118e+00  5.245270e-02
-1.045562e-01  1.803879e-01  1.177632e+00 -2.819407e-01
 1.857917e-01  4.673084e-01  1.606266e+00  5.625761e-01
 1.566168e-02  3.871361e-03  1.629599e+00  9.952137e-01
-8.927096e-02  2.128027e-01  1.886029e+00  1.756908e-01
-1.839411e-01 -6.267233e-02  1.867589e+00 -4.304942e-01
 1.563690e-01  6.950279e-01  1.392864e+00  1.498264e-01
 1.863788e-01  7.534185e-01  1.255797e+00 -2.670626e-01
-3.111517e-01  9.139630e-01  1.617613e+00  4.763241e-02
 9.149089e-02  4.708360e-01  1.634089e+00 -4.454644e-01
-4.212961e-01  4.330561e-01  1.180166e+00  6.441385e-01
-5.995957e-01  5.961341e-01  1.453699e+00  9.374222e-01
-7.109531e-01  1.442050e-01  1.520332e+00  3.498101e-01
-8.379887e-01  5.574420e-02  1.503521e+00 -1.873067e-01
-4.749747e-01  5.943823e-01  9.848638e-01  3.425517e-01
-4.476422e-01  6.168903e-01  8.479100e-01  8.111157e-03
-9.740970e-01  8.120642e-01  1.179547e+00  1.819594e-01
-6.644463e-01  3.728125e-01  1.114085e+00 -1.187055e-01
-8.859180e-01  2.754638e-01  8.280443e-01  7.737678e-01
-1.054475e+00  3.120270e-01  1.064757e+00  1.140110e+00
-1.153721e+00  1.386215e-02  1.163910e+00  5.119691e-01
-1.309433e+00 -1.057810e-01  1.129284e+00  2.387454e-02
-8.956095e-01  4.220099e-01  6.443188e-01  4.947767e-01
-8.972268e-01  4.018640e-01  4.782583e-01  2.137443e-01
-1.413894e+00  5.592865e-01  7.781958e-01  3.801646e-01
-1.096602e+00  1.770162e-01  7.312392e-01  7.365558e-02
 5.463424e-02  4.775645e-02  8.947278e-01  7.366329e-01
 4.515346e-02 -1.580408e-01  9.394886e-01  1.316692e+00
-2.435963e-01 -4.374345e-01  1.283929e+00  2.333664e-01
-3.812775e-01 -5.055001e-01  1.220911e+00 -2.602515e-01
 2.179794e-02  1.503242e-01  7.279451e-01  3.171425e-01
-2.760981e-02  2.353467e-01  5.715154e-01 -3.249272e-02
-1.196850e-01 -1.083760e-01  9.470477e-01  1.248721e-01
-1.753482e-01 -6.845349e-02  8.419699e-01 -1.856315e-01
-6.308280e-02 -2.320435e-01  7.558936e-01  7.467147e-01
-1.043493e-01 -4.247540e-01  1.181904e+00  9.993067e-01
-2.539414e-01 -5.468624e-01  9.881017e-01  3.896067e-01
-4.291348e-01 -6.350113e-01  9.113351e-01 -1.901723e-01
-7.850371e-02 -7.999150e-02  4.797708e-01  3.981981e-01
-1.360521e-01 -4.920457e-03  3.011002e-01  7.000910e-02
-2.110837e-01 -3.366452e-01  7.241305e-01  2.122221e-01
-2.788495e-01 -3.221132e-01  6.028164e-01 -9.369681e-02
-3.055359e-01  1.899409e-01  8.974505e-01  7.917345e-01
-3.837366e-01  7.872647e-02  1.013946e+00  1.339396e+00
-7.238895e-01 -5.689770e-01  1.502559e+00  3.614807e-01
-8.802789e-01 -6.598687e-01  1.408897e+00 -2.299751e-01
-3.195870e-01  2.671294e-01  7.295391e-01  3.771493e-01
-3.563676e-01  3.435400e-01  5.913877e-01  5.034051e-02
-4.374339e-01  2.793226e-02  9.137530e-01  1.826672e-01
-5.161537e-01  7.915575e-02  8.462077e-01 -8.049034e-02
-4.971612e-01 -7.904848e-03  7.761709e-01  7.915943e-01
-5.985456e-01 -1.975996e-01  1.280261e+00  1.076923e+00
-7.144645e-01 -3.213300e-01  1.023153e+00  4.495163e-01
-8.805123e-01 -4.034526e-01  9.731245e-01 -7.768305e-02
-4.625033e-01  1.004343e-01  5.287949e-01  4.559362e-01
-5.129340e-01  1.675989e-01  3.648569e-01  1.514266e-01
-5.803788e-01 -1.499294e-01  7.563543e-01  2.794793e-01
-6.866480e-01 -1.169917e-01  6.574826e-01  2.232233e-03
-2.206410e-01  5.906496e-01  4.266036e-01 -1.172633e+00
-4.589436e-01  4.026028e-01  4.265421e-01 -1.672061e+00
-3.868990e-01  1.963253e-01  8.368328e-01 -1.188352e+00
-3.752376e-01 -1.139459e-01  1.227338e+00 -8.020154e-01
-1.077958e-01  5.988062e-01  5.855435e-01 -7.892072e-01
-1.798211e-02  5.781201e-01  7.625409e-01 -4.697013e-01
-2.012897e-01  2.821703e-01  8.047880e-01 -8.722358e-01
-1.790770e-01  2.483310e-01  1.034700e+00 -6.116618e-01
-1.461136e-01  9.257009e-01  7.710752e-01 -1.324482e+00
-2.760052e-01  9.444450e-01  2.664580e-01 -1.717716e+00
-2.895598e-01  4.805080e-01  1.201616e+00 -1.382163e+00
-3.270976e-01  9.237829e-02  1.578244e+00 -1.025869e+00
-2.826459e-01  1.050854e+00  9.685848e-01 -8.801256e-01
 1.062917e-01  8.380795e-01  1.118808e+00 -6.717392e-01
-4.840457e-01  1.253690e+00  1.285536e+00 -4.337561e-01
-3.278350e-01  6.362870e-01  1.450562e+00 -6.815411e-01
-7.534950e-01  7.183661e-01  4.490156e-01 -9.587743e-01
-9.632210e-01  8.899335e-01  4.335885e-01 -1.319689e+00
-9.510067e-01  3.874147e-01  9.099060e-01 -1.051637e+00
-9.752500e-01  1.338723e-01  1.266471e+00 -6.800971e-01
-6.584885e-01  7.451121e-01  5.610017e-01 -5.874987e-01
-5.335221e-01  6.722151e-01  7.010715e-01 -2.914758e-01
-1.098245e+00  8.781675e-01  9.405198e-01 -4.468243e-01
-7.372468e-01  4.238319e-01  9.773867e-01 -4.122321e-01
-1.172368e+00  5.352345e-01  1.541904e-01 -6.941734e-01
-1.457723e+00  7.045229e-01  9.375013e-02 -1.010799e+00
-1.397073e+00  2.395236e-01  5.930507e-01 -7.878089e-01
-1.407499e+00 -2.575401e-02  9.056781e-01 -4.535219e-01
-1.062055e+00  5.710813e-01  2.570480e-01 -3.613878e-01
-9.444681e-01  4.555956e-01  3.474207e-01 -8.115588e-02
-1.530080e+00  6.564416e-01  5.080462e-01 -1.875806e-01
-1.151279e+00  2.294987e-01  6.153336e-01 -1.917145e-01
-2.990129e-01  3.561490e-01  7.797664e-02 -1.074603e+00
-4.591676e-01  3.515122e-01 -2.080167e-01 -1.542849e+00
-4.782720e-01 -1.613398e-01  6.507361e-01 -1.127478e+00
-4.600773e-01 -4.016517e-01  9.830995e-01 -7.516220e-01
-1.712714e-01  3.266749e-01  2.746534e-01 -6.619461e-01
-8.646217e-02  2.859689e-01  4.303108e-01 -3.218967e-01
-2.837873e-01  5.571025e-02  5.478941e-01 -7.395092e-01
-2.326029e-01 -1.820409e-02  7.052271e-01 -4.755204e-01
-3.950465e-01  9.477011e-02 -5.692180e-02 -9.822878e-01
-6.898288e-01 -1.757938e-01  5.205381e-02 -1.647435e+00
-5.281955e-01 -2.721010e-01  3.452734e-01 -1.009869e+00
-5.017767e-01 -5.541461e-01  7.232930e-01 -6.008071e-01
-2.714694e-01  9.700225e-02  3.026844e-02 -5.694408e-01
-1.925672e-01  4.308372e-02  1.705647e-01 -2.194162e-01
-3.827676e-01 -1.707792e-01  3.151081e-01 -6.651482e-01
-3.373539e-01 -2.697386e-01  4.687791e-01 -3.892209e-01
-6.426352e-01  4.994300e-01  1.050149e-01 -9.551240e-01
-8.661658e-01  5.614480e-01 -1.284921e-01 -1.388763e+00
-9.728156e-01 -2.789090e-01  8.206084e-01 -1.268590e+00
-9.682751e-01 -5.717159e-01  1.149730e+00 -8.096109e-01
-4.981124e-01  4.390804e-01  3.020369e-01 -5.644262e-01
-4.146793e-01  3.915316e-01  4.535688e-01 -2.487787e-01
-5.988017e-01  1.762406e-01  5.467811e-01 -6.206644e-01
-5.772246e-01  1.311503e-01  7.064614e-01 -3.846670e-01
-8.111549e-01  3.000361e-01  1.144848e-02 -8.410494e-01
-1.141932e+00  1.697544e-01  1.398356e-01 -1.407608e+00
-9.640368e-01 -8.756289e-02  4.402105e-01 -8.621845e-01
-9.621059e-01 -3.310139e-01  7.751037e-01 -5.163628e-01
-6.448109e-01  2.734392e-01  1.023740e-01 -4.708612e-01
-5.756102e-01  2.226271e-01  2.271879e-01 -1.474598e-01
-7.478783e-01  2.814959e-03  3.714489e-01 -5.648370e-01
-7.466396e-01 -5.679072e-02  5.177436e-01 -3.026779e-01
 2.956746e-01  6.745281e-01  8.900076e-01  8.180346e-01
 3.939607e-01  8.543975e-01  8.619030e-01  1.346046e+00
 4.279399e-01  1.158922e+00  4.602767e-01  8.619751e-01
 4.257716e-01  1.436405e+00  7.877063e-02  4.579086e-01
 2.382432e-01  7.160465e-01  8.007896e-01  3.859997e-01
 1.644913e-01  8.002639e-01  6.743801e-01 -9.630392e-03
 3.587712e-01  9.684888e-01  5.105067e-01  4.892798e-01
 2.893403e-01  1.111849e+00  4.067474e-01  1.696381e-01
 3.968238e-01  9.552557e-01  1.323270e+00  7.447785e-01
 2.819031e-01  5.608103e-01  1.403649e+00  1.268120e+00
 5.017411e-01  1.442263e+00  8.933932e-01  7.573578e-01
 5.378707e-01  1.748846e+00  4.430799e-01  3.847479e-01
 3.081300e-01  9.987937e-01  1.166317e+00  2.865379e-01
 3.423927e-01  1.070515e+00  1.004448e+00 -1.139636e-01
-4.906135e-02  1.482591e+00  1.126494e+00  2.577399e-01
 4.065761e-01  1.403624e+00  7.341923e-01  6.483155e-02
-2.411451e-01  8.434821e-01  8.469367e-01  8.459427e-01
-3.281669e-01  9.832713e-01  1.081369e+00  1.183404e+00
-1.679669e-01  1.352371e+00  5.201297e-01  9.333709e-01
-1.669134e-01  1.610111e+00  1.852300e-01  5.761110e-01
-3.491767e-01  8.565327e-01  7.726350e-01  4.712335e-01
-3.220354e-01  8.812423e-01  6.270499e-01  1.311560e-01
-7.188256e-01  1.291319e+00  7.684696e-01  4.553087e-01
-2.791021e-01  1.226643e+00  3.919446e-01  2.998217e-01
-7.052662e-01  6.675364e-01  4.881366e-01  9.677163e-01
-9.098647e-01  8.246981e-01  7.372756e-01  1.270253e+00
-6.484410e-01  1.132799e+00  1.970692e-01  1.064034e+00
-6.778387e-01  1.398757e+00 -1.242373e-01  7.626368e-01
-7.895527e-01  6.608337e-01  4.235131e-01  6.248976e-01
-7.864008e-01  6.567302e-01  2.452780e-01  3.437485e-01
-1.225377e+00  1.024712e+00  3.454690e-01  6.181183e-01
-7.525646e-01  9.957873e-01  4.488688e-02  4.765619e-01
 1.913120e-01  3.609788e-01  6.265625e-01  9.107308e-01
 2.234997e-01  2.406305e-01  7.215822e-01  1.458106e+00
 3.678592e-01  9.729176e-01  1.074595e-01  9.446118e-01
 3.474080e-01  1.213607e+00 -2.198405e-01  5.788042e-01
 1.373793e-01  4.339723e-01  4.915152e-01  4.582017e-01
 8.302079e-02  4.956296e-01  3.473561e-01  9.709728e-02
 2.444093e-01  7.479231e-01  2.505834e-01  5.474843e-01
 2.050522e-01  8.303599e-01  9.973979e-02  2.591241e-01
 1.388130e-01  2.630876e-01  3.200351e-01  9.958625e-01
 3.000733e-01  5.362449e-01  3.097642e-01  1.538216e+00
 2.561480e-01  6.811214e-01 -4.385154e-02  9.820293e-01
 2.336039e-01  9.429367e-01 -4.070630e-01  5.879002e-01
 4.643106e-02  2.248849e-01  2.169799e-01  5.527532e-01
-1.839696e-02  2.694749e-01  7.175618e-02  2.070657e-01
 1.533933e-01  5.379835e-01 -1.485025e-02  6.476852e-01
 1.176521e-01  6.212986e-01 -1.897004e-01  3.679496e-01
-1.803171e-01  4.935902e-01  6.448606e-01  9.447760e-01
-2.690169e-01  4.253524e-01  7.889850e-01  1.498297e+00
 9.071551e-02  1.274377e+00 -8.194716e-02  1.302510e+00
 5.905381e-02  1.525385e+00 -4.463541e-01  8.530424e-01
-1.948608e-01  5.543031e-01  4.909451e-01  5.154943e-01
-2.392673e-01  6.129314e-01  3.717810e-01  1.823631e-01
-9.194615e-02  8.212798e-01  2.522736e-01  5.703608e-01
-1.517472e-01  9.300225e-01  1.455966e-01  3.333018e-01
-3.065798e-01  4.418842e-01  3.862793e-01  1.012959e+00
-2.530054e-01  7.666534e-01  4.178941e-01  1.585858e+00
-2.125460e-01  8.686379e-01  2.300650e-02  1.035387e+00
-2.311557e-01  1.137851e+00 -3.283091e-01  6.809334e-01
-3.372730e-01  3.981023e-01  2.725134e-01  6.082737e-01
-3.959372e-01  4.401337e-01  1.383827e-01  2.810874e-01
-2.243469e-01  6.964459e-01  4.163914e-02  6.903136e-01
-3.004709e-01  7.896370e-01 -1.019020e-01  4.462540e-01
-3.309721e-02  9.769099e-01  7.804199e-02 -9.877950e-01
-3.107513e-02  1.239538e+00 -3.237985e-01 -1.284702e+00
 1.167460e-01  1.366761e+00 -1.784730e-01 -6.309270e-01
 3.144061e-01  1.487712e+00 -1.193806e-01 -5.272794e-03
 2.516659e-02  9.085394e-01  3.409023e-01 -6.388461e-01
 1.033029e-01  8.441842e-01  5.213402e-01 -3.288080e-01
 1.723726e-01  1.131759e+00  9.054511e-02 -4.605392e-01
 2.427772e-01  1.167035e+00  2.403291e-01 -1.604909e-01
 8.362656e-02  1.311207e+00  4.197027e-01 -1.105029e+00
-3.494493e-01  1.472000e+00  1.106701e-01 -1.336254e+00
 1.851319e-01  1.738927e+00  8.409868e-02 -7.627049e-01
 4.195102e-01  1.858367e+00  7.880478e-02 -1.777906e-01
-7.662135e-02  1.297925e+00  6.609027e-01 -7.138622e-01
 3.959769e-01  1.264220e+00  9.538065e-01 -6.180768e-01
-1.812631e-01  1.679626e+00  7.447807e-01 -3.466582e-01
 4.377322e-01  1.509520e+00  5.463958e-01 -3.310807e-01
-6.189432e-01  1.132049e+00  1.064333e-01 -7.215381e-01
-9.852957e-01  1.401670e+00  3.134530e-01 -8.696521e-01
-4.737715e-01  1.603340e+00 -9.541727e-02 -4.451798e-01
-2.958512e-01  1.710573e+00 -4.161639e-02  9.127360e-02
-5.498944e-01  1.016105e+00  3.457788e-01 -4.446178e-01
-4.300296e-01  9.356413e-01  4.711191e-01 -1.524321e-01
-8.963997e-01  1.396159e+00  5.473887e-01 -8.707297e-02
-3.944427e-01  1.274511e+00  2.466842e-01  1.880352e-02
-9.954835e-01  9.379217e-01 -1.820291e-01 -4.892503e-01
-1.292807e+00  1.144650e+00 -2.599940e-01 -7.725316e-01
-9.370911e-01  1.391712e+00 -3.801942e-01 -2.099109e-01
-7.715355e-01  1.478014e+00 -3.626445e-01  2.840423e-01
-9.597820e-01  8.137718e-01  3.421142e-02 -2.255823e-01
-8.395573e-01  7.194608e-01  1.246060e-01  5.233407e-02
-1.325681e+00  1.134896e+00  1.025278e-01  4.829372e-02
-7.924584e-01  1.056012e+00 -6.817690e-02  2.127416e-01
-1.573426e-01  6.928397e-01 -1.954252e-01 -9.180847e-01
-2.752969e-01  7.501357e-01 -5.295607e-01 -1.335545e+00
 1.001490e-01  1.243589e+00 -5.136013e-01 -4.396120e-01
 2.601809e-01  1.301817e+00 -4.316321e-01  7.854392e-02
-4.985094e-02  6.149048e-01  3.592224e-02 -5.223776e-01
 2.635242e-02  5.466001e-01  2.167144e-01 -1.949979e-01
 7.201587e-02  9.022130e-01 -1.564652e-01 -3.376906e-01
 1.485631e-01  8.850056e-01 -4.385518e-02 -3.635677e-02
-1.889218e-01  5.660676e-01 -4.496793e-01 -7.499843e-01
-1.818537e-01  1.067598e+00 -9.258157e-01 -1.025067e+00
-6.668637e-03  9.388725e-01 -6.669062e-01 -4.248084e-01
 1.656912e-01  1.027363e+00 -5.969210e-01  1.694994e-01
-1.404529e-01  4.036029e-01 -2.288200e-01 -4.210986e-01
-7.852837e-02  3.245454e-01 -6.350900e-02 -8.553724e-02
-9.119582e-03  7.095543e-01 -4.214552e-01 -2.457771e-01
 6.304571e-02  6.714987e-01 -3.200535e-01  6.932335e-02
-5.152966e-01  8.221716e-01 -1.457339e-01 -8.105361e-01
-7.468229e-01  9.024393e-01 -4.053043e-01 -1.234879e+00
-2.280255e-01  1.598956e+00 -7.327240e-01 -3.341403e-01
-5.651183e-02  1.643581e+00 -7.103808e-01  2.694555e-01
-3.767175e-01  7.341765e-01  6.320387e-02 -4.230239e-01
-3.060960e-01  6.720056e-01  2.264234e-01 -1.168789e-01
-2.527630e-01  9.757279e-01 -1.165341e-01 -2.346752e-01
-2.136695e-01  9.862820e-01  7.184624e-03  2.550252e-02
-6.181784e-01  7.534503e-01 -3.611279e-01 -6.316572e-01
-6.979223e-01  1.251602e+00 -6.710325e-01 -9.329013e-01
-4.588520e-01  1.127189e+00 -5.738137e-01 -2.861500e-01
-3.131278e-01  1.220526e+00 -5.210404e-01  2.503592e-01
-5.131757e-01  5.779665e-01 -1.531860e-01 -3.262164e-01
-4.567719e-01  4.989793e-01  6.414917e-04 -1.117625e-02
-3.843497e-01  8.535692e-01 -3.400230e-01 -1.537604e-01
-3.581342e-01  8.484486e-01 -2.422900e-01  1.400486e-01
-4.406034e-01 -7.976893e-01 -7.176583e-03  1.088258e+00
-5.710667e-01 -1.031229e+00  3.433194e-01  1.381731e+00
-7.163391e-01 -1.228449e+00  3.350019e-01  6.878075e-01
-9.004785e-01 -1.347657e+00  2.539092e-01  1.455230e-01
-4.682247e-01 -7.070371e-01 -2.349909e-01  7.369845e-01
-5.294857e-01 -6.338853e-01 -4.191837e-01  3.867294e-01
-5.660395e-01 -9.845569e-01  3.398580e-02  5.367768e-01
-6.892150e-01 -9.840374e-01 -1.098773e-01  2.236277e-01
-5.620323e-01 -1.161660e+00 -3.991409e-01  1.173321e+00
-1.139606e+00 -9.965215e-01 -3.497767e-01  1.265519e+00
-7.505158e-01 -1.544662e+00 -9.069178e-02  8.396872e-01
-1.199427e+00 -1.339815e+00 -2.990402e-01  5.261965e-01
-6.622549e-01 -8.966448e-01 -5.414582e-01  8.198915e-01
-6.662128e-01 -8.642687e-01 -6.939528e-01  5.034651e-01
-1.356441e+00 -7.489651e-01 -8.504155e-01  6.647311e-01
-8.057842e-01 -1.320837e+00 -9.896721e-01  5.154038e-01
-9.162483e-01 -4.699999e-01  1.278894e-01  1.048692e+00
-1.069949e+00 -5.400723e-01  2.602852e-01  1.444181e+00
-1.204102e+00 -8.737391e-01  4.005548e-01  7.977175e-01
-1.379382e+00 -9.745718e-01  3.173120e-01  2.758424e-01
-9.668608e-01 -3.622313e-01 -1.211277e-01  7.758264e-01
-9.442111e-01 -3.427415e-01 -2.785480e-01  4.452635e-01
-1.554248e+00 -3.536668e-01 -1.541896e-01  6.872203e-01
-1.191279e+00 -6.166325e-01 -4.197710e-02  3.299750e-01
-1.042697e+00 -3.966690e-02  4.702022e-01  9.132603e-01
-1.312595e+00 -1.144189e-02  5.404309e-01  1.285719e+00
-1.340520e+00 -3.630693e-01  7.283602e-01  6.907482e-01
-1.507536e+00 -4.589147e-01  6.745595e-01  2.154986e-01
-1.065848e+00  5.771587e-02  2.312518e-01  6.547693e-01
-1.044322e+00  9.689547e-02  1.319796e-01  3.424534e-01
-1.627124e+00  1.641859e-01  2.719991e-01  5.557401e-01
-1.263335e+00 -1.501349e-01  3.570136e-01  2.233939e-01
-2.342523e-01 -5.170700e-01  2.679718e-01  1.002747e+00
-1.621768e-01 -5.669950e-01  5.677188e-01  1.439452e+00
-5.182962e-01 -1.279302e+00  8.349460e-01  5.098243e-01
-6.651753e-01 -1.331323e+00  8.061556e-01 -8.774737e-02
-2.992637e-01 -4.682655e-01  1.458601e-02  5.986708e-01
-3.550638e-01 -4.094233e-01 -1.704176e-01  2.595366e-01
-4.458258e-01 -7.540768e-01  2.271930e-01  4.200429e-01
-5.190345e-01 -7.284787e-01  9.618629e-02  1.083012e-01
-1.592313e-01 -4.024264e-01  5.008454e-01  8.305685e-01
-3.227565e-01 -8.273176e-01  9.888393e-01  1.143834e+00
-3.860592e-01 -7.796056e-01  7.627804e-01  4.938852e-01
-5.598969e-01 -8.684072e-01  6.837042e-01 -9.037282e-02
-1.744033e-01 -2.672961e-01  2.598223e-01  4.939204e-01
-2.360903e-01 -1.976199e-01  8.310016e-02  1.560335e-01
-3.327089e-01 -5.654270e-01  4.742197e-01  3.250408e-01
-3.912053e-01 -5.384948e-01  3.662204e-01  7.485541e-04
-5.649250e-01 -3.202792e-01  3.105328e-01  1.026013e+00
-5.908013e-01 -3.110420e-01  6.107884e-01  1.489428e+00
-9.879431e-01 -9.917166e-01  1.032952e+00  5.747318e-01
-1.160276e+00 -1.046736e+00  9.275788e-01 -1.109409e-02
-6.034549e-01 -2.986145e-01  8.545914e-02  6.379197e-01
-6.583644e-01 -2.460168e-01 -9.414918e-02  3.216963e-01
-7.362970e-01 -5.512317e-01  2.742704e-01  4.485550e-01
-8.287919e-01 -5.363319e-01  1.568894e-01  1.896602e-01
-5.886089e-01 -1.921005e-01  5.343640e-01  8.801383e-01
-8.132107e-01 -5.257700e-01  9.651976e-01  1.240066e+00
-8.083873e-01 -5.612268e-01  7.808779e-01  5.529842e-01
-9.701145e-01 -6.563784e-01  7.122377e-01  1.732572e-02
-5.613387e-01 -1.004143e-01  2.952386e-01  5.522112e-01
-6.156448e-01 -3.624374e-02  1.279944e-01  2.403856e-01
-6.942633e-01 -3.911183e-01  5.018039e-01  3.880650e-01
-7.986811e-01 -3.526270e-01  4.015810e-01  1.001639e-01
-7.547063e-01 -4.346344e-01 -8.599662e-01 -7.223747e-01
-8.722410e-01 -3.262638e-01 -1.030226e+00 -1.173001e+00
-9.961956e-01 -1.074689e+00 -1.943054e-01 -7.813302e-01
-9.699895e-01 -1.255020e+00  7.162911e-02 -3.504506e-01
-6.674237e-01 -5.128636e-01 -7.245698e-01 -3.338362e-01
-5.942169e-01 -5.751676e-01 -5.729924e-01  5.482299e-02
-7.643051e-01 -8.067004e-01 -4.170119e-01 -4.714455e-01
-7.660971e-01 -9.313377e-01 -2.797967e-01 -1.014671e-01
-1.000941e+00 -7.509986e-01 -1.189974e+00 -6.200652e-01
-1.028050e+00 -6.859522e-01 -6.050150e-01 -1.304386e+00
-1.188799e+00 -1.121455e+00 -7.350000e-01 -6.297383e-01
-1.138905e+00 -1.478529e+00 -4.041513e-01 -1.462067e-01
-8.621118e-01 -7.270443e-01 -1.026264e+00 -1.740284e-01
-7.241520e-01 -7.922882e-01 -8.249437e-01  1.447941e-01
-1.381243e+00 -8.412530e-01 -9.430614e-01  2.348249e-02
-9.090778e-01 -1.131364e+00 -6.418700e-01  2.784057e-02
-1.227335e+00 -2.102235e-01 -6.619730e-01 -5.323207e-01
-1.490128e+00 -1.410582e-01 -8.568962e-01 -8.449552e-01
-1.518556e+00 -6.071528e-01 -2.682218e-01 -5.840192e-01
-1.472476e+00 -8.993117e-01  7.379940e-02 -2.218777e-01
-1.151714e+00 -1.988706e-01 -5.620074e-01 -1.645363e-01
-1.005566e+00 -2.818528e-01 -4.223059e-01  1.343886e-01
-1.667171e+00 -2.418529e-01 -4.626767e-01  8.595352e-02
-1.228987e+00 -5.743154e-01 -1.845313e-01  1.654984e-02
-1.335885e+00  2.223318e-01 -2.092151e-01 -5.416628e-01
-1.673962e+00  3.011142e-01 -3.756798e-01 -7.794026e-01
-1.612884e+00 -1.293791e-01  1.425794e-01 -6.167373e-01
-1.603166e+00 -3.956561e-01  4.413619e-01 -2.697028e-01
-1.232980e+00  2.210240e-01 -1.500269e-01 -2.030667e-01
-1.102831e+00  1.480306e-01 -1.260452e-02  5.074970e-02
-1.723117e+00  2.356376e-01  2.734490e-02 -3.748878e-03
-1.319894e+00 -1.157260e-01  2.189028e-01 -4.994369e-02
-5.588156e-01 -1.659571e-01 -5.729357e-01 -8.163099e-01
-6.327553e-01  1.198804e-02 -6.520947e-01 -1.338274e+00
-7.659594e-01 -9.753379e-01  3.018336e-01 -1.206338e+00
-7.581497e-01 -1.256426e+00  6.054100e-01 -6.917185e-01
-4.869289e-01 -2.808276e-01 -4.509985e-01 -4.042253e-01
-4.162554e-01 -3.601251e-01 -3.138388e-01 -4.202593e-02
-6.245700e-01 -5.983338e-01 -1.903384e-01 -4.885987e-01
-5.743261e-01 -6.784887e-01 -3.790452e-02 -1.877447e-01
-4.939525e-01 -9.570184e-02 -2.744245e-01 -9.111341e-01
-7.448326e-01 -3.297208e-01 -2.925310e-01 -1.320524e+00
-6.582584e-01 -5.460960e-01  1.562376e-01 -9.244343e-01
-6.324250e-01 -7.913368e-01  4.932489e-01 -5.197489e-01
-3.671414e-01 -9.104218e-02 -1.842731e-01 -4.902327e-01
-2.913207e-01 -1.472496e-01 -4.782234e-02 -1.389552e-01
-5.103405e-01 -4.022710e-01  6.067294e-02 -5.845932e-01
-4.488180e-01 -4.776050e-01  2.294576e-01 -2.994439e-01
-9.119985e-01 -8.755653e-03 -4.968937e-01 -7.107900e-01
-1.079480e+00  2.152213e-01 -5.820549e-01 -1.224020e+00
-1.319191e+00 -6.974371e-01  3.340769e-01 -1.063812e+00
-1.271539e+00 -9.569676e-01  6.664844e-01 -5.880850e-01
-7.913970e-01 -1.284277e-01 -3.595132e-01 -3.282506e-01
-7.200318e-01 -1.947352e-01 -2.376004e-01  6.581350e-03
-8.999398e-01 -4.154821e-01 -1.163358e-01 -4.039221e-01
-8.922529e-01 -4.844426e-01  5.213947e-03 -1.234561e-01
-9.181157e-01  9.625957e-02 -2.225450e-01 -7.543705e-01
-1.222565e+00 -8.800792e-02 -2.336856e-01 -1.217020e+00
-1.077152e+00 -3.391837e-01  1.851780e-01 -7.819378e-01
-1.055744e+00 -5.841771e-01  5.162904e-01 -4.189827e-01
-7.557247e-01  6.616470e-02 -1.314506e-01 -3.875430e-01
-6.767546e-01  1.437849e-02 -2.912199e-03 -6.179436e-02
-8.656209e-01 -2.427315e-01  1.002593e-01 -4.859821e-01
-8.598101e-01 -2.969082e-01  2.558858e-01 -2.082532e-01
-2.577374e-01 -3.878073e-01 -3.503487e-01  1.277594e+00
-1.312514e-01 -2.021211e-01 -3.854548e-01  1.769321e+00
-9.682988e-02  1.867224e-01 -8.678584e-01  1.406512e+00
-1.162485e-01  4.204451e-01 -1.229400e+00  9.937616e-01
-3.319100e-01 -3.848571e-01 -5.170274e-01  8.939962e-01
-3.969222e-01 -3.417113e-01 -6.779613e-01  5.312154e-01
-1.892677e-01 -6.034753e-02 -7.690349e-01  9.953881e-01
-2.613035e-01  8.300660e-03 -9.704076e-01  7.096529e-01
-4.618969e-01 -6.911249e-01 -7.017359e-01  1.414487e+00
-4.308761e-01 -7.081067e-01 -2.211197e-01  1.813578e+00
-4.618455e-01 -2.376628e-01 -1.098493e+00  1.459667e+00
-3.282654e-01 -4.701514e-02 -1.515740e+00  1.098777e+00
-5.852340e-01 -5.935741e-01 -7.960006e-01  9.872780e-01
-5.200117e-01 -5.801237e-01 -9.608426e-01  6.414837e-01
-1.031598e+00 -3.684898e-01 -1.112877e+00  1.034424e+00
-5.207113e-01 -7.264819e-01 -1.467397e+00  7.901574e-01
-7.392886e-01 -9.145127e-02 -2.509173e-01  1.265676e+00
-9.936528e-01 -1.090333e-01 -2.159005e-01  1.624939e+00
-7.049964e-01  3.554068e-01 -6.733854e-01  1.397413e+00
-6.892115e-01  5.783126e-01 -1.063183e+00  1.046756e+00
-8.428886e-01 -1.054094e-01 -3.641618e-01  9.018450e-01
-8.323353e-01 -6.475221e-02 -5.090869e-01  5.700533e-01
-1.348458e+00  1.409592e-01 -5.968601e-01  9.187756e-01
-8.099231e-01  2.546456e-01 -7.704586e-01  7.459713e-01
-8.651319e-01  3.665389e-01  1.246794e-01  1.112598e+00
-1.073102e+00  4.241278e-01  2.479457e-01  1.498260e+00
-8.607518e-01  7.596849e-01 -2.658961e-01  1.240213e+00
-9.098170e-01  1.007654e+00 -5.880252e-01  9.274588e-01
-9.582147e-01  3.145453e-01  2.403160e-02  7.785316e-01
-9.241174e-01  3.629768e-01 -9.997169e-02  4.768174e-01
-1.419476e+00  5.920500e-01 -1.366467e-01  7.950399e-01
-9.233912e-01  6.643616e-01 -3.472856e-01  6.247196e-01
-9.846638e-02 -1.954369e-01 -2.199559e-02  1.161095e+00
 1.022805e-02 -1.902624e-01  2.289224e-01  1.631067e+00
 3.197064e-01  6.444168e-01 -7.033769e-01  1.405168e+00
 2.923211e-01  9.106232e-01 -1.030694e+00  9.678252e-01
-1.759706e-01 -1.681437e-01 -2.349007e-01  7.503870e-01
-2.386086e-01 -1.315462e-01 -4.087082e-01  3.950473e-01
-9.186947e-02  1.173909e-01 -5.185779e-01  8.452546e-01
-1.293854e-01  1.893177e-01 -6.868582e-01  5.608872e-01
 3.361468e-02  6.739318e-02  1.024187e-01  1.069844e+00
 1.382693e-01  2.743338e-01 -1.129517e-02  1.639673e+00
 1.490487e-01  4.921414e-01 -3.215705e-01  1.102689e+00
 1.229258e-01  7.538844e-01 -6.812550e-01  7.013531e-01
-5.090320e-02  3.838545e-02 -1.310763e-03  6.416330e-01
-1.155107e-01  8.316630e-02 -1.558585e-01  2.923900e-01
 4.215011e-02  3.209187e-01 -2.850632e-01  7.564536e-01
 5.323880e-03  4.186288e-01 -4.469649e-01  4.687092e-01
-4.515334e-01 -2.230927e-02  4.350687e-02  1.180911e+00
-4.598105e-01 -7.703436e-04  3.191509e-01  1.683987e+00
-2.103045e-01  8.822480e-01 -5.698274e-01  1.496513e+00
-2.576748e-01  1.124466e+00 -9.416819e-01  1.051654e+00
-4.813992e-01 -3.547989e-03 -1.672096e-01  7.827819e-01
-5.427063e-01  2.845799e-02 -3.305336e-01  4.547601e-01
-3.859128e-01  2.645085e-01 -4.335360e-01  8.626236e-01
-4.648779e-01  3.374168e-01 -5.966511e-01  6.197943e-01
-4.092169e-01  2.390039e-01  1.514518e-01  1.108506e+00
-3.964139e-01  4.305330e-01  5.242901e-02  1.709736e+00
-3.002202e-01  6.604611e-01 -2.628939e-01  1.142096e+00
-3.238882e-01  9.008135e-01 -6.079868e-01  7.844845e-01
-4.366352e-01  1.982469e-01  3.761787e-02  7.027603e-01
-5.028954e-01  2.441958e-01 -1.019155e-01  3.743610e-01
-3.288003e-01  4.707397e-01 -2.429049e-01  8.154021e-01
-4.153237e-01  5.711638e-01 -3.812819e-01  5.544569e-01
-5.932708e-01 -7.279686e-02 -1.179763e+00 -5.411485e-01
-7.085777e-01  7.152880e-02 -1.365734e+00 -9.786371e-01
-3.182492e-01  5.514916e-01 -1.556941e+00 -2.335746e-03
-2.108133e-01  5.279521e-01 -1.430763e+00  5.127966e-01
-5.244610e-01 -1.849051e-01 -1.003271e+00 -1.729739e-01
-4.637455e-01 -2.741244e-01 -8.320978e-01  1.980580e-01
-3.594728e-01  1.398935e-01 -1.227912e+00 -1.318725e-02
-3.370139e-01  6.384660e-02 -1.128412e+00  3.770590e-01
-7.949925e-01 -3.321913e-01 -1.578983e+00 -4.088500e-01
-5.161589e-01  5.315988e-01 -1.574720e+00 -7.402820e-01
-6.613345e-01  1.266770e-01 -1.782275e+00 -7.604730e-02
-5.533960e-01  1.506365e-01 -1.721360e+00  5.942249e-01
-7.222970e-01 -4.536133e-01 -1.296506e+00 -3.078568e-02
-6.041687e-01 -4.767592e-01 -1.097926e+00  3.035075e-01
-1.193984e+00 -2.933616e-01 -1.393802e+00  3.041239e-01
-6.257042e-01 -1.926852e-01 -1.380489e+00  4.808966e-01
-1.063030e+00  2.090791e-01 -9.954891e-01 -3.399615e-01
-1.253400e+00  2.915388e-01 -1.233161e+00 -6.699304e-01
-1.018142e+00  6.137504e-01 -1.296818e+00 -9.503588e-03
-8.165907e-01  7.101278e-01 -1.264367e+00  5.358584e-01
-1.019458e+00  6.699117e-02 -8.010966e-01 -3.812906e-02
-8.932413e-01 -7.735103e-03 -6.452776e-01  2.619973e-01
-1.458623e+00  2.574290e-01 -8.802100e-01  3.188740e-01
-8.674694e-01  3.058440e-01 -9.240043e-01  4.406558e-01
-1.161650e+00  6.285041e-01 -5.478880e-01 -3.531259e-01
-1.495212e+00  7.357110e-01 -7.327142e-01 -5.938522e-01
-1.134327e+00  1.016216e+00 -8.318607e-01 -4.646121e-02
-9.922516e-01  1.085225e+00 -7.953524e-01  4.410756e-01
-1.113843e+00  4.831178e-01 -3.615589e-01 -8.364989e-02
-9.774744e-01  4.163808e-01 -2.400917e-01  1.787049e-01
-1.546652e+00  6.967041e-01 -3.758591e-01  2.369462e-01
-9.691577e-01  7.200966e-01 -4.711523e-01  3.565330e-01
-4.370716e-01  1.369458e-01 -8.230218e-01 -6.685482e-01
-4.894006e-01  3.705107e-01 -9.266379e-01 -1.176390e+00
 7.189626e-02  1.052606e+00 -1.392813e+00 -2.121817e-01
 1.767050e-01  1.015953e+00 -1.301579e+00  4.074386e-01
-3.646002e-01  1.491000e-02 -6.994745e-01 -2.602506e-01
-2.989225e-01 -7.682176e-02 -5.488446e-01  9.266312e-02
-2.518261e-01  2.914866e-01 -9.406938e-01 -5.997162e-02
-1.857462e-01  2.448948e-01 -8.253546e-01  2.609489e-01
-2.915621e-01  3.882605e-01 -6.829020e-01 -6.718807e-01
-3.366801e-01  6.592058e-01 -1.101888e+00 -8.434621e-01
-9.499904e-02  7.805666e-01 -9.567442e-01 -2.751136e-01
 5.300348e-02  8.409252e-01 -8.681809e-01  2.787033e-01
-2.322973e-01  2.251514e-01 -4.504613e-01 -3.375205e-01
-1.726021e-01  1.433296e-01 -2.880178e-01 -1.716419e-03
-1.251890e-01  5.065082e-01 -6.992624e-01 -1.418638e-01
-5.227615e-02  4.726726e-01 -5.748709e-01  1.665638e-01
-7.758355e-01  2.928047e-01 -7.411169e-01 -5.625542e-01
-9.451506e-01  5.454434e-01 -8.350671e-01 -1.080022e+00
-5.174745e-01  1.250358e+00 -1.278431e+00 -1.392959e-01
-3.628860e-01  1.231726e+00 -1.198804e+00  4.808948e-01
-6.732580e-01  1.759781e-01 -6.176522e-01 -1.841882e-01
-6.049716e-01  8.809645e-02 -4.803989e-01  1.419909e-01
-5.502865e-01  4.266564e-01 -8.354506e-01  7.119459e-03
-5.258511e-01  3.934391e-01 -7.450333e-01  3.018751e-01
-7.272224e-01  5.484115e-01 -5.974255e-01 -5.429051e-01
-8.487149e-01  8.866619e-01 -1.003070e+00 -7.720458e-01
-5.511246e-01  9.190276e-01 -8.724489e-01 -1.676433e-01
-4.029051e-01  9.853181e-01 -8.093832e-01  3.473131e-01
-6.207562e-01  3.790756e-01 -3.923614e-01 -2.358970e-01
-5.572964e-01  2.978020e-01 -2.423881e-01  7.312138e-02
-4.941815e-01  6.395962e-01 -6.467087e-01 -5.707198e-02
-4.693963e-01  6.311724e-01 -5.207204e-01  2.409220e-01
