 5.858441e-01  6.642721e-01  5.966678e-01  9.218132e-01
 1.066713e-01  1.236003e+00  4.482169e-01  2.113664e-02
 5.936113e-01  6.943484e-01 -6.572171e-01  9.301163e-01
 9.613027e-02  1.084077e+00 -5.594103e-01  2.238107e-02
 1.224452e+00  2.993813e-01  8.976325e-01  1.176354e-03
 5.865769e-01  6.988295e-01  5.890545e-01 -8.998438e-01
 1.490327e+00  3.950574e-01 -4.686902e-01  1.078107e-02
 5.933421e-01  7.303095e-01 -6.659334e-01 -8.978344e-01
-5.618911e-01  4.362417e-01  8.983043e-01  1.040400e+00
-9.845083e-01  8.193673e-01  5.913733e-01  1.385427e-02
-6.752784e-01  5.609317e-01 -4.692518e-01  1.267053e+00
-9.827878e-01  8.520498e-01 -6.645840e-01  1.747091e-02
-7.199083e-03 -3.686931e-02  1.672391e+00 -7.320198e-03
-5.617436e-01  4.736148e-01  8.913454e-01 -1.028870e+00
 7.932246e-03  3.795688e-02 -1.848653e+00  1.033932e-02
-6.762689e-01  6.081267e-01 -4.749037e-01 -1.242465e+00
 5.472012e-01 -4.936385e-01  4.188430e-01  1.005989e+00
-2.746710e-04 -3.686645e-03  1.395439e-01 -5.434099e-04
 4.790013e-01 -4.080800e-01 -5.877284e-01  8.777727e-01
 7.439689e-04  6.975659e-03 -3.129257e-01  1.368331e-03
 9.808887e-01 -8.438955e-01  5.620945e-01 -1.918899e-02
 5.479016e-01 -4.553120e-01  4.079668e-01 -1.029372e+00
 9.889087e-01 -8.211225e-01 -6.919184e-01 -1.324444e-02
 4.774335e-01 -3.726515e-01 -5.956510e-01 -8.869513e-01
-5.915927e-01 -7.229881e-01  5.642613e-01  8.939164e-01
-1.210721e+00 -3.198299e-01  4.094387e-01 -9.314502e-03
-5.907115e-01 -6.988246e-01 -6.906077e-01  9.045827e-01
-1.043082e+00 -2.554765e-01 -5.940433e-01 -2.911198e-03
-1.135123e-01 -1.284494e+00  8.555309e-01 -2.868117e-02
-5.895203e-01 -6.894066e-01  5.548050e-01 -9.263451e-01
-1.326208e-01 -1.520558e+00 -5.174118e-01 -2.514258e-02
-5.887409e-01 -6.660056e-01 -6.998965e-01 -9.223601e-01
