 1.302627e+00  4.490238e-01  5.136972e-01  4.832897e-01
 6.621295e-01  1.203860e+00  1.847245e-01  4.964658e-01
 5.202740e-01  6.355560e-01  1.121683e+00  3.622485e-01
 2.118008e-01  3.767219e-01  2.920065e-01  3.787398e-01
 1.281096e+00  4.795325e-01  3.463312e-01 -6.702572e-01
 6.633459e-01  1.247411e+00  4.935149e-02 -4.912954e-01
 5.105303e-01  6.725959e-01  1.005732e+00 -5.895906e-01
 1.991478e-01  3.983979e-01  1.998030e-01 -4.185329e-01
 1.344675e+00  1.791356e-01 -4.607395e-01  5.845052e-01
 6.715479e-01  9.436623e-01 -5.903273e-01  6.133416e-01
 6.083788e-01  1.826200e-02 -1.214613e+00  6.377866e-01
 2.213451e-01  2.073511e-01 -3.480716e-01  4.606881e-01
 1.301199e+00  2.061301e-01 -6.158605e-01 -5.376382e-01
 6.354935e-01  1.000224e+00 -7.476285e-01 -3.344646e-01
 5.863330e-01  3.546808e-02 -1.290615e+00 -3.598324e-01
 2.202899e-01  2.287536e-01 -4.320688e-01 -3.372022e-01
 1.182804e+00 -5.281489e-01  7.758946e-01  4.023705e-01
 3.257563e-01 -1.124469e+00  8.008186e-01  3.491652e-01
 3.964202e-01 -1.661763e-01  1.357790e+00  3.338159e-01
 1.173335e-01 -2.758483e-01  4.723270e-01  3.378960e-01
 1.150138e+00 -5.002463e-01  5.953590e-01 -7.282782e-01
 3.027340e-01 -1.077726e+00  6.701472e-01 -6.154079e-01
 3.954857e-01 -1.262920e-01  1.272721e+00 -6.654464e-01
 1.117400e-01 -2.462883e-01  3.762915e-01 -4.446853e-01
 1.148738e+00 -7.617991e-01 -1.817168e-01  6.942649e-01
 3.128285e-01 -1.355827e+00 -1.025570e-02  4.737925e-01
 4.710464e-01 -7.713853e-01 -9.348785e-01  5.903144e-01
 1.219395e-01 -4.446344e-01 -1.792950e-01  4.125046e-01
 1.204620e+00 -7.860479e-01 -3.630506e-01 -4.573897e-01
 3.397059e-01 -1.328987e+00 -1.243590e-01 -5.087595e-01
 4.654641e-01 -7.746407e-01 -1.081276e+00 -3.609845e-01
 1.315248e-01 -4.169275e-01 -2.825637e-01 -3.686933e-01
-1.129027e+00  7.237760e-01  3.396390e-01  4.736802e-01
-3.567950e-01  1.372126e+00  1.276170e-01  5.787818e-01
-4.757655e-01  8.208196e-01  1.124250e+00  4.405807e-01
-9.543871e-02  5.628005e-01  4.865434e-01  1.257280e+00
-1.117720e+00  7.288088e-01  1.978833e-01 -4.783992e-01
-3.804287e-01  1.401338e+00  6.319722e-03 -4.820884e-01
-4.908145e-01  8.400800e-01  1.000309e+00 -6.102492e-01
-1.481997e-01  6.598849e-01  1.845099e-01 -1.284883e+00
-1.080562e+00  4.583892e-01 -5.854715e-01  5.611787e-01
-3.546088e-01  1.142773e+00 -7.225086e-01  6.625882e-01
-4.308321e-01  1.440945e-01 -1.293049e+00  7.049381e-01
-1.130340e-01  3.166485e-01 -4.322792e-01  1.338616e+00
-1.099873e+00  4.708686e-01 -7.072305e-01 -3.785196e-01
-3.413975e-01  1.142139e+00 -8.254341e-01 -4.083799e-01
-4.241017e-01  1.690891e-01 -1.416570e+00 -3.739678e-01
-1.018984e-01  3.987261e-01 -7.354902e-01 -1.182123e+00
-1.238762e+00 -1.826781e-01  5.490213e-01  4.003862e-01
-7.147821e-01 -1.052748e+00  7.912772e-01  3.681557e-01
-6.120391e-01 -3.703294e-02  1.332251e+00  4.326388e-01
-2.477785e-01 -3.760509e-01  7.115248e-01  1.177733e+00
-1.252447e+00 -1.669595e-01  4.458985e-01 -5.427674e-01
-6.973662e-01 -9.781868e-01  6.366149e-01 -6.703807e-01
-6.417922e-01  7.032888e-03  1.245750e+00 -6.528924e-01
-2.517477e-01 -2.691420e-01  4.287554e-01 -1.352059e+00
-1.220814e+00 -4.442901e-01 -3.609316e-01  5.189936e-01
-7.026989e-01 -1.274988e+00 -6.689964e-02  5.055227e-01
-5.349586e-01 -7.105146e-01 -1.073314e+00  6.401439e-01
-2.411268e-01 -5.955562e-01 -2.125977e-01  1.308077e+00
-1.216157e+00 -4.283867e-01 -4.735839e-01 -4.502504e-01
-6.911057e-01 -1.217684e+00 -1.932836e-01 -5.431684e-01
-5.331436e-01 -7.005159e-01 -1.192509e+00 -4.307093e-01
-1.800915e-01 -5.215198e-01 -4.926904e-01 -1.248345e+00
