 1.323956e+00  2.835248e-01  4.551266e-01  4.403397e-01
 8.655374e-01  3.094081e-01  1.111587e+00  4.239689e-01
 4.127520e-01  4.634095e-01  2.724961e-01  2.533606e-01
 2.752582e-01  3.437602e-01  4.770671e-01  4.355678e-01
 1.083179e+00  1.174989e+00  5.242311e-01  4.697739e-01
 2.678660e-01  8.153469e-01  1.346028e+00  5.413128e-01
 2.437649e-01  1.297189e+00  3.925183e-01  3.930019e-01
 2.992766e-01  7.647051e-01  4.854602e-01  1.124852e+00
-1.385385e+00  2.439289e-02  2.551603e-01  4.235409e-01
-1.084970e+00  8.073734e-02  1.057881e+00  4.746678e-01
-5.434712e-01  3.563289e-01  2.042219e-01  2.827182e-01
-3.933388e-01  2.806902e-01  4.336090e-01  4.495406e-01
-1.343725e+00  9.400256e-01  3.608133e-01  4.519846e-01
-6.232815e-01  7.769955e-01  1.253930e+00  5.331948e-01
-5.327810e-01  1.220650e+00  3.083955e-01  4.125588e-01
-4.981380e-01  6.941831e-01  4.195732e-01  1.141595e+00
 1.193132e+00 -5.850334e-01  5.526497e-01  4.220056e-01
 4.875770e-01 -3.577250e-01  1.243550e+00  3.798999e-01
 4.453743e-01 -4.069233e-01  2.989245e-01  3.574710e-01
 2.651516e-01 -1.911048e-01  5.593974e-01  4.564481e-01
 5.689254e-01 -1.337999e+00  5.894922e-01  4.717595e-01
 1.478461e-01 -1.121284e-01  1.383432e+00  1.134088e+00
 4.748428e-01 -8.208854e-01  4.536421e-01  1.168870e+00
 4.175230e-01 -1.828865e-02  4.821288e-01  1.384143e+00
-1.137324e+00 -7.922375e-01  3.469324e-01  4.143874e-01
-4.396661e-01 -2.988155e-01  1.190234e+00  2.926323e-01
-4.117314e-01 -4.528368e-01  2.230868e-01  3.673198e-01
-2.937582e-01 -2.304191e-01  5.285422e-01  4.500490e-01
-3.763931e-01 -1.386210e+00  4.566220e-01  4.723113e-01
-4.097401e-01 -9.544833e-01  1.293655e+00  5.882401e-01
-3.978241e-01 -8.681249e-01  3.692764e-01  1.170424e+00
-5.309605e-01 -9.555466e-02  4.113892e-01  1.396313e+00
 1.363433e+00  2.737800e-01 -3.125813e-01  4.079333e-01
 1.045378e+00  2.504827e-01 -1.028853e+00  3.618430e-01
 4.658548e-01  4.392239e-01 -2.289524e-01  2.643973e-01
 3.293323e-01  3.170951e-01 -4.265945e-01  4.364871e-01
 1.124552e+00  1.173043e+00 -4.622346e-01  4.290741e-01
 4.899913e-01  7.454606e-01 -1.287375e+00  5.839588e-01
 2.923907e-01  1.299606e+00 -3.808231e-01  3.934889e-01
 3.914861e-01  7.562045e-01 -4.255598e-01  1.152140e+00
-1.324455e+00  1.659617e-02 -5.381072e-01  4.567840e-01
-8.062366e-01  7.692418e-02 -1.210618e+00  4.728145e-01
-4.690627e-01  3.645128e-01 -3.001591e-01  2.721744e-01
-3.025483e-01  2.658894e-01 -4.945840e-01  4.516745e-01
-1.252772e+00  9.210611e-01 -6.276512e-01  4.572444e-01
-3.731526e-01  7.405350e-01 -1.410559e+00  4.565979e-01
-4.541514e-01  1.214342e+00 -4.492861e-01  4.066156e-01
-4.211006e-01  6.977242e-01 -5.286634e-01  1.148398e+00
 1.248299e+00 -6.127789e-01 -3.670618e-01  4.030679e-01
 6.581488e-01 -3.931434e-01 -1.106775e+00  3.882503e-01
 4.826697e-01 -4.128521e-01 -1.987044e-01  3.627605e-01
 3.455575e-01 -2.135212e-01 -4.720701e-01  4.709204e-01
 6.641035e-01 -1.351702e+00 -3.747326e-01  4.642071e-01
 3.796112e-01 -1.277328e-01 -1.317316e+00  1.135202e+00
 5.669684e-01 -8.325464e-01 -3.206186e-01  1.162519e+00
 5.115113e-01 -3.675001e-02 -3.875439e-01  1.375760e+00
-1.036101e+00 -7.992998e-01 -5.264940e-01  4.110206e-01
-3.219525e-01 -4.311453e-01 -1.182176e+00  3.745325e-01
-3.523214e-01 -4.760825e-01 -2.724205e-01  3.781975e-01
-2.085708e-01 -2.599635e-01 -5.336134e-01  4.847008e-01
-3.010677e-01 -1.438579e+00 -4.323906e-01  4.787952e-01
-1.093126e-01 -1.107662e+00 -1.282193e+00  5.659521e-01
-3.490244e-01 -8.935971e-01 -4.065686e-01  1.210974e+00
-4.126139e-01 -1.013838e-01 -4.721234e-01  1.397829e+00
 1.308722e+00  2.714271e-01  4.696180e-01 -4.785763e-01
 8.778368e-01  3.211474e-01  1.165157e+00 -4.124886e-01
 4.070667e-01  4.657849e-01  2.952350e-01 -2.999525e-01
 2.673326e-01  3.174321e-01  5.076538e-01 -4.533450e-01
 1.107813e+00  1.164762e+00  4.988442e-01 -5.028905e-01
 1.758855e-01  7.201836e-01  1.426058e+00 -4.545481e-01
 2.346854e-01  1.281483e+00  4.527399e-01 -4.663871e-01
 2.866548e-01  7.408502e-01  5.652822e-01 -1.173516e+00
-1.404178e+00  2.356460e-02  2.195529e-01 -4.451661e-01
-1.090183e+00  1.236724e-01  1.000491e+00 -4.615629e-01
-5.337196e-01  3.618919e-01  2.043383e-01 -2.844450e-01
-4.088839e-01  2.569107e-01  4.356778e-01 -4.609437e-01
-1.358060e+00  9.196681e-01  3.008431e-01 -4.907314e-01
-6.710820e-01  7.625557e-01  1.277507e+00 -4.865342e-01
-5.427938e-01  1.192859e+00  3.267473e-01 -4.302388e-01
-5.320224e-01  6.516852e-01  4.455905e-01 -1.160549e+00
 1.206014e+00 -6.018358e-01  5.564538e-01 -4.083827e-01
 5.690849e-01 -4.117099e-01  1.252898e+00 -3.571419e-01
 4.411183e-01 -4.288550e-01  3.041248e-01 -3.707491e-01
 2.587251e-01 -2.044255e-01  5.670630e-01 -4.925772e-01
 5.771151e-01 -1.366963e+00  5.371394e-01 -3.819715e-01
 8.128493e-02 -1.888637e-01  1.446509e+00 -1.030783e+00
 4.871128e-01 -8.997843e-01  4.868433e-01 -1.140447e+00
 3.911002e-01 -8.966086e-02  5.494205e-01 -1.367647e+00
-1.156442e+00 -8.149338e-01  3.450024e-01 -3.961603e-01
-6.678442e-01 -4.359931e-01  1.096537e+00 -3.825530e-01
-3.904359e-01 -4.927419e-01  2.185696e-01 -3.608169e-01
-3.129364e-01 -2.703562e-01  4.912354e-01 -4.813575e-01
-3.779688e-01 -1.445225e+00  4.271915e-01 -3.544422e-01
-2.867991e-01 -1.083877e+00  1.277721e+00 -4.224566e-01
-4.007629e-01 -9.815909e-01  3.686743e-01 -1.117962e+00
-5.147307e-01 -1.892389e-01  4.230624e-01 -1.394663e+00
 1.372840e+00  2.553521e-01 -3.247114e-01 -4.898883e-01
 9.384376e-01  2.185444e-01 -1.092354e+00 -5.536181e-01
 4.532806e-01  4.526306e-01 -2.236254e-01 -3.110548e-01
 3.429046e-01  2.974320e-01 -4.658564e-01 -4.811992e-01
 1.134431e+00  1.125874e+00 -4.587720e-01 -5.037296e-01
 4.570755e-01  8.358740e-01 -1.333148e+00 -4.073040e-01
 3.071713e-01  1.262226e+00 -3.423453e-01 -5.127372e-01
 3.845173e-01  7.157384e-01 -4.471201e-01 -1.206933e+00
-1.317660e+00  2.822668e-03 -5.691131e-01 -4.392073e-01
-8.064268e-01  9.098954e-02 -1.178625e+00 -3.718520e-01
-4.605476e-01  3.781434e-01 -3.059291e-01 -2.901434e-01
-3.064256e-01  2.450524e-01 -4.926621e-01 -4.563798e-01
-1.239086e+00  9.226454e-01 -6.564037e-01 -4.834747e-01
-3.650080e-01  6.573567e-01 -1.376732e+00 -6.132742e-01
-4.618333e-01  1.228244e+00 -4.461522e-01 -4.654880e-01
-4.456472e-01  6.338850e-01 -4.834011e-01 -1.204701e+00
 1.281904e+00 -6.246197e-01 -3.572768e-01 -4.122643e-01
 5.120871e-01 -3.251022e-01 -1.167119e+00 -3.143801e-01
 4.864965e-01 -4.261033e-01 -1.985767e-01 -3.713136e-01
 3.405971e-01 -2.183454e-01 -4.881621e-01 -4.691833e-01
 6.066076e-01 -1.379076e+00 -3.819582e-01 -3.829395e-01
 5.767015e-01 -1.024111e+00 -1.235295e+00 -5.319679e-01
 5.613358e-01 -8.529260e-01 -3.030801e-01 -1.119372e+00
 5.104181e-01 -8.866120e-02 -3.297490e-01 -1.421150e+00
-1.033415e+00 -8.441812e-01 -5.836558e-01 -3.962448e-01
-3.819473e-01 -5.141573e-01 -1.232273e+00 -3.715696e-01
-3.295546e-01 -5.079260e-01 -2.805654e-01 -3.558478e-01
-2.098905e-01 -2.743289e-01 -5.139213e-01 -4.863321e-01
-3.148955e-01 -1.473360e+00 -4.918844e-01 -3.847960e-01
-1.391103e-01 -2.532515e-01 -1.330190e+00 -1.166335e+00
-2.890601e-01 -9.874190e-01 -4.023303e-01 -1.124520e+00
-4.237960e-01 -1.810669e-01 -4.391661e-01 -1.374270e+00
