 9.430681e-01  1.297888e+00 -3.061742e-01 -8.123022e-01
 1.895696e-01  1.357047e+00 -6.537678e-01 -5.783473e-01
 1.051864e+00  1.123766e+00 -6.512133e-01 -1.244190e-01
 4.560194e-01  7.563919e-01 -4.624534e-01 -3.797859e-01
 1.273815e+00  1.038876e+00  3.068799e-01 -3.447509e-01
 7.774364e-01  7.385408e-01  3.089986e-01 -3.367408e-01
 1.305752e+00  6.485168e-01 -2.304420e-01  3.461075e-02
 7.448408e-01  4.212740e-01 -1.101822e-01 -1.779564e-01
 5.656115e-01  1.685010e+00  1.611072e-02  2.890373e-02
 2.068171e-01  1.251893e+00  3.582879e-02 -3.375679e-01
 5.782604e-01  1.257355e+00 -5.471101e-01  4.184674e-01
 1.870650e-01  7.531901e-01 -3.179157e-01 -9.284252e-02
 7.776940e-01  1.241588e+00  4.692728e-01  3.807552e-01
 3.683729e-01  8.786122e-01  4.196680e-01 -9.851541e-02
 7.110603e-01  7.956576e-01 -1.046801e-01  5.526071e-01
 3.498508e-01  4.958309e-01 -2.196405e-02  1.145529e-01
 5.857373e-01  7.956076e-01 -2.589279e-01 -1.468870e+00
-6.286674e-02  1.019212e+00 -5.487714e-01 -1.143760e+00
 6.168042e-01 -3.972829e-02  2.440478e-02 -1.522569e+00
 2.755948e-01  4.682437e-01 -3.204397e-01 -8.109003e-01
 9.566694e-01  6.574548e-01  5.297744e-01 -1.184069e+00
 6.113154e-01  5.208284e-01  3.952852e-01 -7.513422e-01
 1.257047e+00  2.580565e-01 -1.772954e-01 -9.625300e-01
 5.685531e-01  1.520582e-01 -1.305586e-02 -6.650056e-01
-4.318039e-02  7.406703e-01  3.242545e-01 -1.550150e+00
 8.772239e-02  1.328396e+00  5.040554e-01 -8.886973e-01
-1.576720e-01  1.339198e-01 -3.976797e-02 -1.448929e+00
-6.808818e-02  3.873034e-01 -1.629124e-01 -7.343476e-01
 6.155275e-02  3.521001e-01  8.827851e-01 -1.267898e+00
 1.376809e-01  5.954145e-01  5.660222e-01 -6.675563e-01
-1.514354e-01 -1.457565e-01  3.287359e-01 -1.102888e+00
 4.071026e-02  1.022557e-01  1.508043e-01 -5.910974e-01
 7.228939e-01  2.473123e-01 -1.609023e+00 -5.212843e-01
 9.875965e-02  9.139103e-01 -1.314717e+00 -4.253227e-01
 1.036833e+00  6.308028e-01 -1.085871e+00 -3.356149e-01
 4.518662e-01  4.900644e-01 -8.014797e-01 -3.226386e-01
 1.063847e+00 -3.073410e-01 -1.344623e+00  6.493114e-02
 5.982056e-01 -3.558575e-01 -1.000398e+00 -3.512302e-03
 1.233280e+00  2.117512e-01 -7.834316e-01  9.288477e-02
 6.825063e-01  4.600171e-02 -5.463912e-01 -7.725379e-02
 4.049750e-01  4.603819e-01 -1.609896e+00  3.473070e-01
 2.793097e-02  1.979137e-01 -1.325006e+00 -7.597549e-02
 5.741599e-01  8.348435e-01 -1.052530e+00  5.475445e-01
 1.290717e-01  4.159967e-01 -7.542550e-01 -3.021035e-02
 5.486153e-01 -9.492936e-02 -1.342563e+00  7.201567e-01
 1.884999e-01 -3.014881e-01 -1.066710e+00  2.210152e-01
 6.437122e-01  3.479263e-01 -6.980591e-01  6.576198e-01
 2.897695e-01  8.875818e-02 -5.070583e-01  2.152188e-01
 5.483737e-01  1.679513e-01 -1.117465e+00 -1.326527e+00
-1.615618e-01  5.873867e-01 -1.148423e+00 -1.021563e+00
 5.703862e-01 -4.253752e-01 -5.046777e-01 -1.367042e+00
 2.945235e-01  1.976853e-01 -6.569872e-01 -7.401968e-01
 7.214453e-01 -7.453488e-01 -1.209083e+00 -7.743300e-01
 4.596987e-01 -5.409822e-01 -8.875523e-01 -4.104715e-01
 1.195371e+00 -1.840713e-01 -6.856604e-01 -7.783033e-01
 5.233542e-01 -1.916555e-01 -4.432535e-01 -5.377649e-01
-1.976340e-01 -3.663386e-01 -1.211199e+00 -1.190090e+00
-1.623106e-01 -8.192787e-02 -1.221705e+00 -5.793868e-01
-1.944133e-01 -2.557919e-01 -5.188034e-01 -1.345888e+00
-1.229820e-01  7.710458e-02 -6.049095e-01 -6.183150e-01
-1.590149e-01 -9.693106e-01 -9.405543e-01 -8.588826e-01
-4.496704e-02 -5.998388e-01 -9.248695e-01 -3.058004e-01
-1.853333e-01 -5.910107e-01 -2.511234e-01 -9.601049e-01
-1.445309e-02 -2.802137e-01 -3.476624e-01 -4.454857e-01
 1.489692e+00 -4.504182e-01  9.730828e-01  1.123571e-01
 8.225952e-01 -5.508451e-01  1.126105e+00  6.627380e-01
 1.426271e+00 -2.399725e-02  5.317989e-01  6.516821e-01
 7.887317e-01 -2.866728e-01  5.492599e-01  3.392823e-01
 1.433826e+00  4.988711e-01  8.262241e-01 -1.014264e-01
 8.843235e-01  3.702069e-01  6.385126e-01 -1.063587e-01
 1.560134e+00  8.808125e-02  1.162253e-01 -1.130652e-02
 8.439434e-01  5.553923e-02  2.184733e-01  2.010601e-02
 9.356362e-01  6.314772e-01  1.053363e+00  8.377140e-01
 6.830990e-01  1.056290e-01  1.322984e+00  3.627815e-01
 8.584746e-01  2.232855e-01  4.797208e-01  1.041536e+00
 5.085083e-01 -5.980745e-02  4.944771e-01  5.337719e-01
 7.025058e-01  1.028314e+00  1.218158e+00 -2.857232e-02
 4.699026e-01  5.071120e-01  7.989506e-01  7.902154e-02
 1.127987e+00  6.831522e-01 -3.790874e-02  9.680039e-01
 3.943711e-01  1.715401e-01  2.601561e-01  2.226511e-01
 1.056108e+00 -7.786872e-01  1.035905e+00 -6.321239e-01
 5.701715e-01 -8.774408e-01  1.237017e+00  2.221181e-03
 7.518583e-01 -5.775672e-01  5.471284e-01 -1.235597e+00
 5.809684e-01 -5.353034e-01  6.122438e-01 -1.506316e-01
 1.161753e+00  9.857824e-02  9.981430e-01 -8.166034e-01
 7.347372e-01  1.376304e-01  7.049997e-01 -5.258012e-01
 1.355076e+00 -2.439738e-01  2.705360e-01 -7.114653e-01
 6.816338e-01 -1.717161e-01  2.924432e-01 -4.400131e-01
 3.000318e-01 -3.966083e-01  1.390859e+00 -8.947610e-01
 3.945983e-01 -2.336864e-01  1.306445e+00 -1.971310e-01
 1.160993e-01 -7.416625e-01  8.119783e-01 -8.741447e-01
 1.923555e-01 -4.781143e-01  6.585721e-01 -2.619814e-01
 4.229465e-01  5.414043e-01  1.409192e+00 -7.587969e-01
 2.786893e-01  2.392063e-01  8.933730e-01 -4.024452e-01
-3.029870e-01 -5.963265e-01  6.465580e-01 -1.468947e+00
 1.523587e-01 -1.213377e-01  3.803065e-01 -3.226244e-01
 1.420460e+00 -1.108180e+00  1.460865e-01  3.010960e-01
 7.715400e-01 -1.081032e+00  5.566697e-01  8.100470e-01
 1.371506e+00 -4.775016e-01  6.805026e-02  7.597917e-01
 7.381765e-01 -5.932583e-01  1.996293e-01  4.274626e-01
 1.307484e+00 -8.070261e-01 -7.480596e-01  3.070232e-01
 7.303296e-01 -7.257075e-01 -6.347558e-01  2.220631e-01
 1.343539e+00 -1.616827e-01 -3.940377e-01  3.890131e-01
 7.796238e-01 -2.994834e-01 -2.188223e-01  1.397108e-01
 8.307034e-01 -8.359907e-01 -3.340681e-01  1.278599e+00
 5.504502e-01 -1.269505e+00 -2.181253e-01  7.610469e-01
 8.258035e-01 -2.221149e-01  3.507968e-02  1.217110e+00
 4.630687e-01 -4.300518e-01  8.320758e-02  6.283161e-01
 7.375307e-01 -5.060815e-01 -9.287856e-01  1.018519e+00
 3.061868e-01 -1.093816e+00 -9.867786e-01  5.271170e-01
 9.153703e-01  1.073723e-01 -4.878203e-01  9.611734e-01
 3.543366e-01 -2.094271e-01 -2.037408e-01  3.540767e-01
 9.926754e-01 -1.389215e+00  3.475770e-01 -4.415764e-01
 5.232822e-01 -1.358968e+00  7.061243e-01  1.840924e-01
 7.168224e-01 -9.779347e-01  3.086016e-02 -1.070756e+00
 5.487005e-01 -8.010604e-01  3.018070e-01 -7.176302e-02
 9.500030e-01 -1.285241e+00 -6.143205e-01 -4.375141e-01
 5.775070e-01 -8.990556e-01 -5.299033e-01 -1.896815e-01
 1.268802e+00 -6.645100e-01 -2.198920e-01 -6.043330e-01
 6.263815e-01 -5.188115e-01 -1.199640e-01 -3.215157e-01
 1.922712e-01 -1.663419e+00  1.081011e-01 -4.856041e-01
 2.884732e-01 -1.432424e+00 -2.866868e-02  1.688283e-01
 7.833808e-02 -1.107179e+00  3.568124e-01 -7.531615e-01
 1.560000e-01 -8.249888e-01  2.551948e-01 -1.508356e-01
-2.059787e-03 -1.448569e+00 -5.769733e-01 -5.938076e-01
 7.624148e-02 -1.019221e+00 -5.476097e-01 -6.611066e-02
-3.023427e-01 -1.096898e+00 -6.652181e-03 -1.198674e+00
 9.708784e-02 -5.156886e-01 -8.656770e-02 -2.098240e-01
-9.773206e-01  1.416306e+00 -2.659155e-01  3.886778e-01
-5.124493e-01  1.396579e+00 -5.957773e-01 -1.985193e-01
-7.019588e-01  1.016911e+00 -8.381106e-02  1.070034e+00
-5.958571e-01  7.580503e-01 -2.801750e-01  1.298356e-01
-9.413850e-01  1.241547e+00  6.412973e-01  4.468899e-01
-5.924640e-01  8.454156e-01  5.032045e-01  2.429883e-01
-1.271054e+00  6.530039e-01  1.625326e-01  6.349746e-01
-6.266905e-01  4.905408e-01  8.866460e-02  3.774716e-01
-1.690430e-01  1.671804e+00  3.666709e-02  4.360096e-01
-2.546577e-01  1.309925e+00  8.216867e-02 -1.582745e-01
-5.920558e-02  1.199552e+00 -4.015448e-01  7.184474e-01
-1.830783e-01  7.734769e-01 -2.608410e-01  8.970296e-02
 5.589803e-02  1.301279e+00  5.949258e-01  6.829386e-01
-1.060591e-01  9.200402e-01  4.970576e-01  1.058263e-01
 1.619588e-01  8.265621e-01 -2.273745e-02  8.150858e-01
-7.915825e-02  5.175105e-01  4.578847e-02  3.196629e-01
-1.341400e+00  1.192394e+00  1.577103e-02 -3.870615e-01
-7.718943e-01  1.092317e+00 -4.337263e-01 -7.619928e-01
-1.435725e+00  4.302935e-01  7.061747e-02 -7.387384e-01
-8.215201e-01  5.468624e-01 -1.728326e-01 -3.665383e-01
-1.185931e+00  8.605758e-01  8.801431e-01 -3.740126e-01
-7.564825e-01  6.352924e-01  6.103976e-01 -1.983650e-01
-1.523449e+00  2.976089e-01  3.645967e-01 -1.673365e-02
-8.234419e-01  2.452732e-01  2.095765e-01 -1.195141e-01
-7.684039e-01  8.658894e-01  4.149863e-01 -1.244266e+00
-4.555767e-01  1.049583e+00  2.099370e-01 -7.022516e-01
-8.584989e-01  2.540585e-01  9.005970e-03 -1.246521e+00
-4.499224e-01  4.453892e-01 -1.107631e-01 -5.811294e-01
-6.655147e-01  4.227776e-01  9.850798e-01 -9.820120e-01
-3.277641e-01  6.387773e-01  6.292450e-01 -4.708439e-01
-6.712575e-01 -7.581820e-02  4.032850e-01 -8.960144e-01
-3.860044e-01  1.545771e-01  2.172774e-01 -4.142183e-01
-1.056472e+00  8.368837e-01 -1.028890e+00  6.240884e-01
-6.021106e-01  9.623959e-01 -1.171835e+00 -6.310968e-02
-7.179266e-01  5.628377e-01 -5.587009e-01  1.220404e+00
-6.192548e-01  4.970568e-01 -5.995610e-01  1.957342e-01
-1.097541e+00 -1.107534e-01 -1.078806e+00  8.563401e-01
-6.982948e-01 -2.234692e-01 -7.945489e-01  5.202349e-01
-1.301791e+00  2.127611e-01 -3.444409e-01  7.695730e-01
-6.572781e-01  1.286474e-01 -3.357501e-01  4.719157e-01
-3.036187e-01  6.050276e-01 -1.420459e+00  7.579952e-01
-4.473943e-01  2.607999e-01 -1.351379e+00  1.465701e-01
-9.517276e-02  7.949279e-01 -8.389094e-01  8.496078e-01
-2.338186e-01  4.536365e-01 -6.741300e-01  1.991279e-01
-1.794824e-01 -8.514401e-02 -1.266022e+00  1.008028e+00
-2.428566e-01 -2.771702e-01 -9.858516e-01  4.546900e-01
 9.513086e-02  3.695464e-01 -5.632512e-01  9.264246e-01
-1.194746e-01  1.145431e-01 -4.410252e-01  4.289565e-01
-1.546168e+00  4.847072e-01 -9.015631e-01 -1.034181e-01
-9.087383e-01  6.379201e-01 -1.034046e+00 -6.754033e-01
-1.488054e+00 -3.570985e-02 -4.002348e-01 -6.322907e-01
-8.481025e-01  2.673771e-01 -5.274166e-01 -2.843450e-01
-1.441328e+00 -5.279956e-01 -8.568643e-01  8.541357e-02
-8.777429e-01 -4.597479e-01 -7.404783e-01  1.271314e-01
-1.535101e+00 -1.769854e-01 -1.485066e-01  1.036538e-01
-8.665596e-01 -1.248211e-01 -2.393663e-01 -4.199205e-03
-9.722117e-01 -3.420739e-01 -1.103371e+00 -9.365017e-01
-7.169008e-01 -4.050215e-02 -1.317198e+00 -3.673682e-01
-9.144824e-01 -1.901218e-01 -4.395202e-01 -1.114025e+00
-5.121029e-01  1.063498e-01 -5.309855e-01 -4.713270e-01
-9.026685e-01 -9.188843e-01 -8.188990e-01 -5.945936e-01
-5.250446e-01 -7.870162e-01 -1.292026e+00  2.457722e-02
-7.354706e-01 -5.266323e-01 -1.706859e-01 -7.457775e-01
-4.407264e-01 -2.436018e-01 -2.623772e-01 -2.815664e-01
-4.910956e-01 -2.046934e-02  1.145189e+00  1.307727e+00
 9.733619e-02 -4.576026e-01  1.175590e+00  9.961225e-01
-5.285582e-01  4.972734e-01  4.643632e-01  1.402319e+00
-2.433638e-01 -2.143232e-01  6.529896e-01  7.366005e-01
-7.829757e-01  6.834005e-01  1.187730e+00  7.513129e-01
-4.998261e-01  4.767328e-01  8.224612e-01  4.435542e-01
-1.176572e+00  1.804385e-01  6.314219e-01  9.066631e-01
-5.340964e-01  1.497808e-01  4.149382e-01  5.551396e-01
 1.889931e-01  6.005992e-01  1.116158e+00  1.143015e+00
 1.402280e-01  1.296792e-01  1.227060e+00  5.835593e-01
 2.275543e-01  3.140967e-01  4.818921e-01  1.280343e+00
 1.114406e-01 -2.213676e-02  5.439723e-01  6.697198e-01
-2.994554e-02  1.072942e+00  1.334441e+00  3.351802e-01
-3.508531e-03  5.340695e-01  8.548204e-01  2.807160e-01
 3.941481e-01  8.924077e-01  6.376491e-02  1.404499e+00
-1.922176e-02  2.043927e-01  3.269512e-01  3.876375e-01
-8.100769e-01 -3.274633e-01  1.526809e+00  5.289514e-01
-1.271564e-01 -8.052805e-01  1.366929e+00  3.848481e-01
-9.906880e-01 -7.728480e-01  1.122903e+00 -2.852775e-02
-4.474456e-01 -5.003403e-01  8.113175e-01  2.584840e-01
-1.099974e+00  2.545139e-01  1.306402e+00  2.372248e-03
-6.581290e-01  2.626692e-01  9.189312e-01  2.546711e-02
-1.285507e+00 -2.492494e-01  7.405686e-01 -2.448847e-01
-7.126653e-01 -9.140912e-02  5.244550e-01  6.765886e-02
-4.341747e-01 -2.727698e-01  1.558030e+00 -6.052448e-01
-7.430765e-02 -1.679939e-01  1.365766e+00  2.251685e-02
-4.824293e-01 -7.491063e-01  1.004624e+00 -5.702786e-01
-1.942725e-01 -4.547598e-01  7.359741e-01 -8.374161e-02
-3.192376e-01  6.608242e-01  1.535863e+00 -3.964140e-01
-2.019834e-01  2.792570e-01  9.762313e-01 -2.052306e-01
-9.862866e-01 -4.668753e-01  6.926843e-01 -9.133147e-01
-2.519742e-01 -9.730958e-02  4.584171e-01 -1.551552e-01
-5.621058e-01 -7.133492e-01  3.947670e-01  1.525479e+00
 6.617756e-02 -9.719030e-01  6.399581e-01  1.128747e+00
-5.448602e-01  4.137940e-02 -2.321762e-02  1.491174e+00
-2.974766e-01 -4.740621e-01  3.422496e-01  8.160341e-01
-8.707425e-01 -6.698464e-01 -5.372645e-01  1.255162e+00
-5.901515e-01 -5.989715e-01 -4.663951e-01  7.574792e-01
-1.164117e+00 -2.358374e-01  6.532940e-02  1.033155e+00
-5.715169e-01 -2.038962e-01 -1.662465e-02  6.516230e-01
 9.707669e-02 -7.394338e-01 -1.851550e-01  1.571875e+00
 1.421958e-02 -1.044009e+00 -1.163237e-01  9.318672e-01
 1.669095e-01 -8.761141e-02  2.215107e-02  1.397591e+00
 6.881617e-02 -4.060498e-01  1.069706e-01  7.641355e-01
-1.211440e-02 -4.872655e-01 -8.390155e-01  1.311442e+00
-1.108080e-01 -6.984932e-01 -6.024842e-01  6.827920e-01
 3.326161e-01  2.819121e-01 -5.467361e-01  1.486260e+00
-5.678686e-02 -2.094045e-01 -1.670419e-01  5.042374e-01
-9.098409e-01 -1.355025e+00  2.554612e-01  8.437039e-01
-2.102331e-01 -1.320581e+00  7.891926e-01  5.665242e-01
-1.189461e+00 -8.593217e-01  6.791052e-01  5.420634e-01
-5.170113e-01 -7.532077e-01  4.797759e-01  3.747016e-01
-1.255483e+00 -1.105393e+00 -3.386288e-01  3.701390e-01
-7.580542e-01 -8.287623e-01 -3.980211e-01  3.594839e-01
-1.336766e+00 -7.338365e-01  2.082267e-01 -1.000120e-01
-7.492542e-01 -4.496319e-01  8.614118e-02  1.891979e-01
-5.898040e-01 -1.657275e+00  2.142726e-01 -5.566936e-02
-1.874166e-01 -1.311509e+00  2.250411e-02  3.854316e-01
-5.265672e-01 -1.220348e+00  5.836411e-01 -4.566040e-01
-2.230073e-01 -8.069041e-01  3.184972e-01  5.920531e-02
-7.403872e-01 -1.358744e+00 -4.036590e-01 -3.045943e-01
-3.457190e-01 -9.946867e-01 -4.699717e-01  1.576530e-01
-8.584379e-01 -8.946190e-01  1.361350e-01 -6.196424e-01
-3.171160e-01 -5.062905e-01 -2.368434e-02 -4.410120e-02
