 1.334971e+00  1.001147e+00  3.284069e-01  3.364255e-01
 9.290462e-01  1.057839e+00  3.159021e-01  8.996083e-01
 9.947509e-01  1.052253e+00  1.005822e+00  3.405226e-01
 4.962343e-01  1.599683e+00  4.797032e-01  4.572180e-01
 7.808239e-01  6.586679e-01  2.343802e-01  1.969365e-01
 6.262860e-01  7.946852e-01  1.869208e-01  4.986943e-01
 6.958531e-01  7.519009e-01  6.890556e-01  1.766476e-01
 3.214335e-01  1.218679e+00  2.898155e-01  2.349099e-01
 1.535272e+00  3.186734e-01  3.206205e-01  3.691243e-01
 1.119963e+00  3.693894e-01  3.065811e-01  1.126808e+00
 1.362036e+00  3.377632e-01  1.033714e+00  3.142682e-01
 9.932220e-01  3.992480e-01  1.001977e+00  1.021859e+00
 8.982185e-01  2.135323e-01  2.546778e-01  2.368585e-01
 7.823201e-01  2.473139e-01  2.603743e-01  7.009307e-01
 8.102912e-01  2.507214e-01  8.013945e-01  2.440712e-01
 7.407740e-01  2.454810e-01  7.430258e-01  6.807287e-01
 3.706562e-01  1.027087e+00  3.855037e-01  1.546566e+00
 2.822683e-01  8.611284e-01  2.854955e-01  1.059416e+00
 3.278359e-01  1.023155e+00  1.323400e+00  3.230503e-01
 3.162483e-01  1.064782e+00  9.342074e-01  8.916739e-01
 2.300833e-01  4.435751e-01  2.226659e-01  1.820127e-01
 2.270932e-01  6.374109e-01  2.262099e-01  5.810578e-01
 2.403473e-01  6.631092e-01  7.620304e-01  1.954149e-01
 1.872677e-01  8.098177e-01  6.184797e-01  4.892145e-01
 3.413045e-01  3.331740e-01  5.006766e-01  1.679016e+00
 2.715102e-01  2.900219e-01  2.924992e-01  1.190407e+00
 3.891729e-01  3.467874e-01  1.533353e+00  3.538043e-01
 3.141063e-01  3.672678e-01  1.221511e+00  1.051713e+00
 2.728004e-01  1.615984e-01  2.707573e-01  2.186468e-01
 2.730497e-01  2.152989e-01  2.728155e-01  7.143979e-01
 2.700256e-01  2.216785e-01  8.938507e-01  2.372262e-01
 2.600930e-01  2.499638e-01  8.005233e-01  6.884280e-01
 1.347870e+00  9.834524e-01  3.351207e-01 -3.445781e-01
 9.260704e-01  1.031963e+00  3.015710e-01 -9.104436e-01
 9.873236e-01  1.119776e+00  9.509091e-01 -3.442518e-01
 4.742155e-01  1.608739e+00  3.908433e-01 -5.269997e-01
 7.817985e-01  6.517359e-01  2.316405e-01 -1.991844e-01
 6.323334e-01  7.928309e-01  1.810372e-01 -5.091101e-01
 6.926842e-01  7.540193e-01  6.840829e-01 -1.862147e-01
 3.102113e-01  1.219023e+00  2.885476e-01 -2.430119e-01
 1.550038e+00  3.234194e-01  3.643805e-01 -3.888389e-01
 1.133451e+00  3.590728e-01  3.082104e-01 -1.121249e+00
 1.099897e+00  3.646425e-01  1.315095e+00 -3.278785e-01
 1.007295e+00  4.001670e-01  9.877488e-01 -1.017586e+00
 9.107370e-01  2.185406e-01  2.575648e-01 -2.425727e-01
 7.929358e-01  2.471473e-01  2.562659e-01 -6.936064e-01
 8.162795e-01  2.535780e-01  7.997265e-01 -2.396039e-01
 7.495547e-01  2.345587e-01  7.363432e-01 -6.747332e-01
 3.619038e-01  1.013074e+00  3.781680e-01 -1.551908e+00
 2.778463e-01  8.537226e-01  2.874506e-01 -1.062386e+00
 3.409806e-01  1.005681e+00  1.334237e+00 -3.502846e-01
 3.020601e-01  1.064071e+00  9.237309e-01 -9.010703e-01
 2.248084e-01  4.429525e-01  2.237204e-01 -1.802610e-01
 2.243387e-01  6.365271e-01  2.208421e-01 -5.804526e-01
 2.411877e-01  6.673629e-01  7.707615e-01 -2.017164e-01
 1.850099e-01  8.271494e-01  6.120502e-01 -4.801559e-01
 3.682305e-01  3.226406e-01  4.837890e-01 -1.669168e+00
 2.810322e-01  2.813231e-01  2.939212e-01 -1.182358e+00
 3.545221e-01  3.330290e-01  1.523136e+00 -3.725083e-01
 3.120269e-01  3.734769e-01  1.166209e+00 -1.068432e+00
 2.672054e-01  1.583421e-01  2.697222e-01 -2.215217e-01
 2.667263e-01  2.131541e-01  2.747870e-01 -7.158017e-01
 2.696925e-01  2.197494e-01  8.966917e-01 -2.404844e-01
 2.606139e-01  2.444110e-01  7.912242e-01 -6.908385e-01
 1.326990e+00  1.015597e+00 -3.392590e-01  3.235998e-01
 9.166629e-01  1.069218e+00 -3.134861e-01  9.000010e-01
 9.727698e-01  1.085732e+00 -9.863802e-01  3.439739e-01
 4.243897e-01  1.622185e+00 -4.174827e-01  5.193335e-01
 7.720318e-01  6.471416e-01 -2.371433e-01  1.974533e-01
 6.265824e-01  7.924835e-01 -1.933993e-01  5.084327e-01
 6.718317e-01  7.582927e-01 -6.893835e-01  1.771773e-01
 3.088420e-01  1.208538e+00 -3.295931e-01  2.374590e-01
 1.527743e+00  3.228093e-01 -3.570053e-01  3.583490e-01
 1.225203e+00  3.787099e-01 -3.258417e-01  1.042636e+00
 1.311237e+00  3.477598e-01 -1.085595e+00  3.272460e-01
 9.907089e-01  3.926411e-01 -1.011798e+00  1.007716e+00
 9.062163e-01  2.151562e-01 -2.669393e-01  2.413944e-01
 7.865389e-01  2.486832e-01 -2.558270e-01  7.057033e-01
 8.043802e-01  2.476062e-01 -8.062143e-01  2.451477e-01
 7.356641e-01  2.320290e-01 -7.379174e-01  6.858978e-01
 3.812627e-01  9.808033e-01 -4.006944e-01  1.563475e+00
 2.763946e-01  8.769612e-01 -2.782014e-01  1.059419e+00
 3.408935e-01  9.915881e-01 -1.336672e+00  3.339246e-01
 2.993356e-01  1.061328e+00 -9.196414e-01  8.920941e-01
 2.257989e-01  4.461633e-01 -2.237574e-01  1.814873e-01
 2.243844e-01  6.452178e-01 -2.218719e-01  5.864834e-01
 2.332576e-01  6.502752e-01 -7.744731e-01  1.993759e-01
 1.852143e-01  8.029500e-01 -6.230139e-01  5.056581e-01
 5.270607e-01  3.205402e-01 -3.547521e-01  1.655266e+00
 2.780288e-01  2.836177e-01 -2.706632e-01  1.198209e+00
 3.819546e-01  3.302844e-01 -1.545095e+00  3.775284e-01
 3.036035e-01  3.747599e-01 -1.140295e+00  1.122315e+00
 2.710899e-01  1.576566e-01 -2.667899e-01  2.221333e-01
 2.701767e-01  2.131104e-01 -2.690989e-01  7.237008e-01
 2.608609e-01  2.167393e-01 -9.009350e-01  2.447383e-01
 2.588189e-01  2.443560e-01 -7.881909e-01  7.034548e-01
 1.330952e+00  9.855370e-01 -3.543555e-01 -3.375657e-01
 9.330817e-01  1.059211e+00 -3.095581e-01 -9.103414e-01
 9.804469e-01  1.074135e+00 -9.940870e-01 -3.586478e-01
 4.815206e-01  1.589320e+00 -4.869946e-01 -4.850583e-01
 7.731435e-01  6.489423e-01 -2.437067e-01 -1.991231e-01
 6.329408e-01  7.780079e-01 -1.964718e-01 -5.168681e-01
 6.784889e-01  7.547527e-01 -6.829543e-01 -1.771686e-01
 3.056237e-01  1.218188e+00 -3.117801e-01 -2.377252e-01
 1.539831e+00  3.246104e-01 -3.808259e-01 -3.645735e-01
 1.206998e+00  3.621847e-01 -3.204427e-01 -1.052554e+00
 1.038797e+00  3.440621e-01 -1.344640e+00 -3.180570e-01
 1.003907e+00  3.955569e-01 -1.000641e+00 -1.012088e+00
 8.990887e-01  2.163188e-01 -2.720011e-01 -2.354353e-01
 7.923872e-01  2.434361e-01 -2.639620e-01 -6.987149e-01
 7.997905e-01  2.483636e-01 -8.146138e-01 -2.379460e-01
 7.431507e-01  2.368158e-01 -7.404466e-01 -6.788736e-01
 3.874906e-01  9.671314e-01 -4.020580e-01 -1.556325e+00
 2.734056e-01  8.733658e-01 -2.719265e-01 -1.061190e+00
 3.318956e-01  9.752082e-01 -1.331693e+00 -3.427245e-01
 3.089836e-01  1.048128e+00 -9.338627e-01 -9.117695e-01
 2.241112e-01  4.373204e-01 -2.262595e-01 -1.783790e-01
 2.260829e-01  6.316964e-01 -2.291490e-01 -5.935774e-01
 2.306630e-01  6.473362e-01 -7.741545e-01 -1.974751e-01
 1.935850e-01  7.789019e-01 -6.208915e-01 -5.205259e-01
 5.190998e-01  3.051222e-01 -3.205563e-01 -1.674193e+00
 2.813831e-01  2.731226e-01 -2.779072e-01 -1.188980e+00
 3.163919e-01  3.297147e-01 -1.531477e+00 -3.950624e-01
 3.084103e-01  3.575704e-01 -1.117749e+00 -1.134048e+00
 2.664898e-01  1.592354e-01 -2.673257e-01 -2.191706e-01
 2.634955e-01  2.080737e-01 -2.679350e-01 -7.187977e-01
 2.611345e-01  2.128748e-01 -8.980384e-01 -2.368723e-01
 2.595291e-01  2.342642e-01 -7.841733e-01 -6.981815e-01
 1.324370e+00 -9.997805e-01  3.365059e-01  3.238464e-01
 9.380787e-01 -1.059866e+00  3.181461e-01  8.958629e-01
 1.025204e+00 -1.035814e+00  1.002345e+00  3.661734e-01
 3.812544e-01 -1.615212e+00  3.806684e-01  6.144518e-01
 7.798726e-01 -6.595982e-01  2.375223e-01  1.959032e-01
 6.281242e-01 -8.045125e-01  1.940186e-01  5.023838e-01
 6.939026e-01 -7.484621e-01  6.948429e-01  1.790852e-01
 3.152201e-01 -1.241915e+00  3.195427e-01  2.357171e-01
 1.543638e+00 -3.342076e-01  3.604922e-01  3.586158e-01
 1.210548e+00 -3.635555e-01  3.137279e-01  1.057733e+00
 1.061746e+00 -3.315961e-01  1.329165e+00  3.248127e-01
 1.007678e+00 -3.703680e-01  9.892544e-01  1.014194e+00
 8.993778e-01 -2.134282e-01  2.620896e-01  2.431153e-01
 7.849492e-01 -2.402921e-01  2.609917e-01  6.952782e-01
 8.054910e-01 -2.476356e-01  8.062029e-01  2.431679e-01
 7.475059e-01 -2.228306e-01  7.369922e-01  6.773986e-01
 4.194874e-01 -9.513040e-01  4.015790e-01  1.575478e+00
 2.896624e-01 -8.441618e-01  2.932504e-01  1.067585e+00
 3.427529e-01 -1.012746e+00  1.338018e+00  3.364584e-01
 3.189355e-01 -1.048872e+00  9.303998e-01  9.041077e-01
 2.358069e-01 -4.446630e-01  2.314931e-01  1.776889e-01
 2.289004e-01 -6.363532e-01  2.320093e-01  5.807307e-01
 2.483112e-01 -6.565586e-01  7.825685e-01  1.997763e-01
 1.954573e-01 -8.048971e-01  6.261294e-01  4.975252e-01
 4.900180e-01 -2.840618e-01  3.695600e-01  1.670303e+00
 2.817181e-01 -2.743987e-01  2.979358e-01  1.186030e+00
 3.495956e-01 -3.202225e-01  1.530330e+00  3.741817e-01
 3.107059e-01 -3.627771e-01  1.138445e+00  1.106507e+00
 2.735368e-01 -1.575287e-01  2.715099e-01  2.169480e-01
 2.705254e-01 -2.122907e-01  2.782862e-01  7.144483e-01
 2.725245e-01 -2.143408e-01  8.913902e-01  2.361178e-01
 2.615667e-01 -2.328212e-01  7.884978e-01  6.921849e-01
 1.340099e+00 -9.866381e-01  3.344507e-01 -3.512563e-01
 9.370466e-01 -1.032557e+00  3.076087e-01 -9.266714e-01
 8.990694e-01 -1.278969e+00  9.034790e-01 -3.017323e-01
 3.502755e-01 -1.616780e+00  3.293814e-01 -6.470377e-01
 7.765778e-01 -6.605890e-01  2.340622e-01 -1.990806e-01
 6.271064e-01 -7.989465e-01  1.850591e-01 -5.130942e-01
 6.922526e-01 -7.763712e-01  6.894406e-01 -1.829037e-01
 3.130675e-01 -1.261296e+00  3.098202e-01 -2.430724e-01
 1.526497e+00 -3.226987e-01  3.450913e-01 -4.047571e-01
 1.076596e+00 -3.532869e-01  2.990248e-01 -1.156766e+00
 1.305915e+00 -4.052120e-01  1.088957e+00 -3.315302e-01
 1.005655e+00 -3.987819e-01  9.887124e-01 -1.011521e+00
 9.099458e-01 -2.179576e-01  2.559041e-01 -2.423124e-01
 7.892903e-01 -2.379833e-01  2.562451e-01 -6.909077e-01
 8.179362e-01 -2.519114e-01  8.058462e-01 -2.448209e-01
 7.533099e-01 -2.385349e-01  7.396326e-01 -6.648992e-01
 3.776306e-01 -9.778785e-01  3.439665e-01 -1.572455e+00
 2.857857e-01 -8.399684e-01  2.782217e-01 -1.074109e+00
 3.683181e-01 -9.664286e-01  1.344166e+00 -3.653521e-01
 3.237809e-01 -1.027410e+00  9.316608e-01 -9.353579e-01
 2.272112e-01 -4.454153e-01  2.265640e-01 -1.797457e-01
 2.322187e-01 -6.350200e-01  2.302921e-01 -5.881947e-01
 2.501516e-01 -6.614437e-01  7.811351e-01 -2.045359e-01
 1.945851e-01 -7.973275e-01  6.287409e-01 -5.034524e-01
 3.324801e-01 -3.098241e-01  3.792156e-01 -1.714162e+00
 2.843066e-01 -2.766124e-01  2.911084e-01 -1.194856e+00
 3.925255e-01 -3.139192e-01  1.547919e+00 -3.926374e-01
 3.134725e-01 -3.507774e-01  1.128802e+00 -1.133808e+00
 2.699595e-01 -1.562477e-01  2.656282e-01 -2.252853e-01
 2.699588e-01 -2.115310e-01  2.727895e-01 -7.126286e-01
 2.732015e-01 -2.160005e-01  9.001919e-01 -2.425052e-01
 2.676658e-01 -2.431136e-01  7.917172e-01 -6.933889e-01
 1.337864e+00 -9.875223e-01 -3.412519e-01  3.384593e-01
 9.241393e-01 -1.049218e+00 -3.055417e-01  9.053298e-01
 9.923975e-01 -1.071333e+00 -9.869093e-01  3.466352e-01
 4.684516e-01 -1.597640e+00 -4.860293e-01  4.952156e-01
 7.727371e-01 -6.613631e-01 -2.363622e-01  1.993361e-01
 6.152187e-01 -8.143791e-01 -1.877897e-01  4.980670e-01
 6.845183e-01 -7.518350e-01 -6.869712e-01  1.766313e-01
 3.003833e-01 -1.218365e+00 -2.995345e-01  2.417945e-01
 1.533133e+00 -3.354680e-01 -3.781964e-01  3.852978e-01
 1.133283e+00 -3.667039e-01 -3.051616e-01  1.111047e+00
 1.054857e+00 -3.606948e-01 -1.334440e+00  3.318866e-01
 1.008756e+00 -3.891682e-01 -9.876928e-01  1.015648e+00
 8.992819e-01 -2.170267e-01 -2.608556e-01  2.434991e-01
 7.832349e-01 -2.408187e-01 -2.554111e-01  6.996818e-01
 8.048275e-01 -2.514639e-01 -7.997454e-01  2.462593e-01
 7.424140e-01 -2.311805e-01 -7.353558e-01  6.882484e-01
 3.894731e-01 -9.969510e-01 -3.916304e-01  1.562451e+00
 2.882941e-01 -8.680532e-01 -2.699094e-01  1.072422e+00
 3.179351e-01 -1.027530e+00 -1.325314e+00  3.226387e-01
 3.207949e-01 -1.042689e+00 -9.213024e-01  8.993547e-01
 2.277944e-01 -4.372776e-01 -2.278450e-01  1.839110e-01
 2.301119e-01 -6.326376e-01 -2.207423e-01  5.870011e-01
 2.353993e-01 -6.574031e-01 -7.802964e-01  2.030239e-01
 1.874200e-01 -7.959082e-01 -6.220233e-01  5.153340e-01
 3.630810e-01 -3.104570e-01 -4.609640e-01  1.680499e+00
 2.831791e-01 -2.716036e-01 -2.812118e-01  1.193439e+00
 3.273658e-01 -3.333478e-01 -1.530578e+00  3.710234e-01
 3.134556e-01 -3.709319e-01 -1.186625e+00  1.078398e+00
 2.715333e-01 -1.554448e-01 -2.679200e-01  2.232297e-01
 2.711777e-01 -2.095620e-01 -2.640893e-01  7.200311e-01
 2.608829e-01 -2.158610e-01 -9.016902e-01  2.444771e-01
 2.600309e-01 -2.379470e-01 -7.934391e-01  6.999709e-01
 1.330368e+00 -1.012532e+00 -3.361627e-01 -3.384924e-01
 9.055884e-01 -1.089907e+00 -3.096111e-01 -8.951496e-01
 9.886932e-01 -1.064461e+00 -9.950165e-01 -3.472873e-01
 4.650271e-01 -1.597739e+00 -5.352641e-01 -4.380478e-01
 7.748747e-01 -6.640164e-01 -2.372390e-01 -1.974848e-01
 6.265200e-01 -8.005306e-01 -1.899514e-01 -5.119991e-01
 6.804115e-01 -7.561044e-01 -6.825795e-01 -1.770457e-01
 2.995976e-01 -1.222720e+00 -3.018279e-01 -2.334458e-01
 1.540819e+00 -3.381365e-01 -3.548851e-01 -3.686023e-01
 1.139491e+00 -3.855400e-01 -3.223507e-01 -1.119526e+00
 1.318176e+00 -3.479201e-01 -1.071080e+00 -3.166732e-01
 9.981950e-01 -3.929426e-01 -1.001402e+00 -1.010442e+00
 8.964846e-01 -2.176459e-01 -2.635218e-01 -2.392831e-01
 7.928463e-01 -2.446671e-01 -2.645455e-01 -6.994842e-01
 8.126904e-01 -2.446386e-01 -8.023203e-01 -2.382044e-01
 7.399814e-01 -2.321821e-01 -7.498267e-01 -6.736158e-01
 3.715663e-01 -9.678012e-01 -4.245084e-01 -1.563158e+00
 2.784164e-01 -8.696808e-01 -3.006420e-01 -1.062058e+00
 3.447166e-01 -9.635412e-01 -1.342927e+00 -3.455094e-01
 2.972397e-01 -1.058735e+00 -9.310453e-01 -8.869495e-01
 2.259692e-01 -4.460722e-01 -2.276391e-01 -1.799043e-01
 2.256483e-01 -6.375676e-01 -2.296279e-01 -5.799208e-01
 2.360677e-01 -6.454244e-01 -7.714134e-01 -1.940233e-01
 1.865585e-01 -7.863711e-01 -6.302316e-01 -5.033120e-01
 3.402137e-01 -3.053701e-01 -4.805627e-01 -1.673835e+00
 2.730243e-01 -2.780406e-01 -2.849655e-01 -1.188085e+00
 3.712836e-01 -3.149273e-01 -1.534714e+00 -3.564318e-01
 3.124467e-01 -3.566724e-01 -1.182682e+00 -1.076113e+00
 2.682504e-01 -1.552332e-01 -2.657446e-01 -2.212584e-01
 2.677428e-01 -2.108318e-01 -2.720235e-01 -7.128334e-01
 2.629338e-01 -2.085144e-01 -8.917793e-01 -2.311962e-01
 2.660944e-01 -2.424076e-01 -7.963213e-01 -6.887400e-01
-1.346180e+00  1.004393e+00  3.415664e-01  3.294862e-01
-9.527496e-01  1.045855e+00  3.191095e-01  8.930448e-01
-8.701360e-01  1.316080e+00  8.700434e-01  2.695440e-01
-3.336054e-01  1.626367e+00  3.521471e-01  6.095952e-01
-7.812470e-01  6.677916e-01  2.414304e-01  1.973282e-01
-6.372077e-01  7.941571e-01  1.918032e-01  5.083402e-01
-6.959386e-01  7.744811e-01  6.895376e-01  1.795719e-01
-3.048277e-01  1.238204e+00  2.905953e-01  2.358710e-01
-1.536478e+00  3.200780e-01  3.443437e-01  3.636115e-01
-1.178470e+00  3.627258e-01  3.260725e-01  1.070910e+00
-1.332943e+00  3.741455e-01  1.082145e+00  3.067785e-01
-1.001826e+00  4.281330e-01  1.035305e+00  9.770039e-01
-8.970003e-01  2.141125e-01  2.693960e-01  2.377652e-01
-7.945173e-01  2.408629e-01  2.677922e-01  6.880090e-01
-8.054217e-01  2.540990e-01  8.099319e-01  2.413463e-01
-7.429072e-01  2.427214e-01  7.616085e-01  6.609179e-01
-4.223119e-01  9.927069e-01  3.726377e-01  1.553084e+00
-2.933467e-01  8.517569e-01  2.892972e-01  1.063236e+00
-3.626209e-01  9.775218e-01  1.347027e+00  3.447117e-01
-3.089906e-01  1.035682e+00  9.304631e-01  9.157259e-01
-2.302575e-01  4.480025e-01  2.259056e-01  1.851608e-01
-2.345494e-01  6.396457e-01  2.273600e-01  5.858855e-01
-2.417499e-01  6.710613e-01  7.698103e-01  2.002973e-01
-1.877307e-01  8.149565e-01  6.230643e-01  4.963219e-01
-4.865571e-01  3.162342e-01  3.798081e-01  1.672602e+00
-2.913699e-01  2.792551e-01  2.862371e-01  1.187988e+00
-3.507203e-01  3.302744e-01  1.542309e+00  3.744341e-01
-3.119286e-01  3.634682e-01  1.114603e+00  1.129268e+00
-2.697985e-01  1.635610e-01  2.650313e-01  2.234052e-01
-2.756286e-01  2.110770e-01  2.768649e-01  7.147977e-01
-2.556267e-01  2.182054e-01  9.083350e-01  2.405735e-01
-2.572973e-01  2.471747e-01  7.947926e-01  6.873679e-01
-1.348616e+00  9.706713e-01  3.507806e-01 -3.574400e-01
-9.346792e-01  1.054247e+00  3.191917e-01 -8.985221e-01
-1.031306e+00  1.025215e+00  1.020071e+00 -3.564009e-01
-4.012075e-01  1.619178e+00  4.428181e-01 -5.508565e-01
-7.832626e-01  6.558225e-01  2.416729e-01 -2.032494e-01
-6.312888e-01  7.988585e-01  1.887643e-01 -5.085661e-01
-6.993249e-01  7.380846e-01  6.918505e-01 -1.779401e-01
-3.208472e-01  1.233791e+00  2.909794e-01 -2.379054e-01
-1.538913e+00  3.071911e-01  3.785158e-01 -3.790811e-01
-1.151637e+00  3.576247e-01  3.139180e-01 -1.093103e+00
-1.033567e+00  3.323922e-01  1.358014e+00 -3.241867e-01
-1.012454e+00  3.665515e-01  9.940199e-01 -1.015688e+00
-8.916479e-01  2.087584e-01  2.674390e-01 -2.316676e-01
-7.883607e-01  2.364179e-01  2.653876e-01 -6.887032e-01
-7.985995e-01  2.414208e-01  8.081900e-01 -2.391204e-01
-7.490953e-01  2.234058e-01  7.429624e-01 -6.691893e-01
-3.981498e-01  9.629932e-01  3.887227e-01 -1.567302e+00
-2.874777e-01  8.530909e-01  2.930241e-01 -1.065509e+00
-3.412781e-01  9.858049e-01  1.341704e+00 -3.480517e-01
-3.222556e-01  1.049487e+00  9.236568e-01 -8.953407e-01
-2.336817e-01  4.462141e-01  2.293639e-01 -1.792674e-01
-2.245689e-01  6.416895e-01  2.239726e-01 -5.844548e-01
-2.409823e-01  6.652211e-01  7.719522e-01 -1.973264e-01
-1.880098e-01  8.237645e-01  6.130850e-01 -4.876253e-01
-4.284778e-01  2.954251e-01  4.577639e-01 -1.658127e+00
-2.926381e-01  2.742277e-01  2.894833e-01 -1.177091e+00
-3.305976e-01  3.111247e-01  1.524472e+00 -3.600039e-01
-3.142748e-01  3.771463e-01  1.177847e+00 -1.080370e+00
-2.698229e-01  1.603960e-01  2.688656e-01 -2.143615e-01
-2.774112e-01  2.165417e-01  2.750405e-01 -7.131409e-01
-2.569298e-01  2.152377e-01  8.969040e-01 -2.353282e-01
-2.575028e-01  2.421812e-01  7.923055e-01 -6.904970e-01
-1.347809e+00  9.668999e-01 -3.568490e-01  3.381580e-01
-9.388863e-01  1.070376e+00 -3.096368e-01  8.857217e-01
-1.001837e+00  1.047925e+00 -9.969274e-01  3.394504e-01
-4.702914e-01  1.603419e+00 -5.054048e-01  4.693906e-01
-7.874625e-01  6.564390e-01 -2.361239e-01  1.957987e-01
-6.261109e-01  8.089947e-01 -1.847222e-01  5.019112e-01
-6.882735e-01  7.401018e-01 -6.826205e-01  1.776402e-01
-3.212563e-01  1.217726e+00 -3.198318e-01  2.371037e-01
-1.541896e+00  3.121471e-01 -3.730679e-01  3.781893e-01
-1.129342e+00  3.619455e-01 -2.976376e-01  1.121032e+00
-1.073191e+00  3.425174e-01 -1.322652e+00  3.322107e-01
-1.022056e+00  3.877856e-01 -9.747855e-01  1.032255e+00
-9.000978e-01  2.116877e-01 -2.599261e-01  2.370307e-01
-7.949270e-01  2.346987e-01 -2.589660e-01  6.971639e-01
-8.044721e-01  2.469381e-01 -8.115861e-01  2.422263e-01
-7.480068e-01  2.292937e-01 -7.322717e-01  6.811013e-01
-4.040405e-01  9.892959e-01 -3.665738e-01  1.555506e+00
-2.918990e-01  8.694983e-01 -2.810861e-01  1.061420e+00
-3.337938e-01  1.000033e+00 -1.334801e+00  3.345712e-01
-3.247667e-01  1.055643e+00 -9.316072e-01  8.996625e-01
-2.273008e-01  4.397286e-01 -2.314500e-01  1.836487e-01
-2.301727e-01  6.345490e-01 -2.238171e-01  5.808268e-01
-2.372956e-01  6.471276e-01 -7.675768e-01  1.964738e-01
-1.960950e-01  7.934794e-01 -6.308678e-01  5.079501e-01
-3.372180e-01  3.256882e-01 -5.160087e-01  1.675853e+00
-2.778423e-01  2.883154e-01 -2.807199e-01  1.191856e+00
-3.403738e-01  3.247046e-01 -1.533998e+00  3.401633e-01
-3.277661e-01  3.725785e-01 -1.213928e+00  1.046331e+00
-2.650166e-01  1.574159e-01 -2.682863e-01  2.234966e-01
-2.706109e-01  2.166669e-01 -2.688020e-01  7.186210e-01
-2.644444e-01  2.189763e-01 -9.013909e-01  2.401242e-01
-2.617162e-01  2.447682e-01 -7.890574e-01  6.990467e-01
-1.347365e+00  1.006726e+00 -3.406324e-01 -3.431245e-01
-9.355663e-01  1.060094e+00 -3.073729e-01 -9.040524e-01
-9.699398e-01  1.082768e+00 -9.839641e-01 -3.460657e-01
-4.108749e-01  1.603042e+00 -4.462294e-01 -5.499351e-01
-7.823811e-01  6.534265e-01 -2.339995e-01 -1.971823e-01
-6.372484e-01  7.907546e-01 -1.919950e-01 -5.136615e-01
-6.822046e-01  7.459977e-01 -6.814523e-01 -1.765082e-01
-3.154675e-01  1.221087e+00 -3.084483e-01 -2.473899e-01
-1.537604e+00  3.146427e-01 -3.306117e-01 -3.835752e-01
-1.117684e+00  3.481756e-01 -3.025371e-01 -1.135521e+00
-1.334851e+00  3.514175e-01 -1.055006e+00 -3.255984e-01
-9.959373e-01  4.035341e-01 -9.859472e-01 -1.027951e+00
-8.940911e-01  2.126655e-01 -2.577752e-01 -2.351663e-01
-8.017803e-01  2.398523e-01 -2.513933e-01 -6.965489e-01
-8.131886e-01  2.442513e-01 -7.950961e-01 -2.488534e-01
-7.463993e-01  2.231907e-01 -7.357020e-01 -6.735425e-01
-3.770740e-01  9.848292e-01 -3.915974e-01 -1.567129e+00
-2.843243e-01  8.674484e-01 -2.783316e-01 -1.066079e+00
-3.286923e-01  1.032262e+00 -1.308286e+00 -3.267702e-01
-3.069783e-01  1.037012e+00 -9.319098e-01 -8.977191e-01
-2.322361e-01  4.371184e-01 -2.253272e-01 -1.767682e-01
-2.341969e-01  6.390620e-01 -2.246749e-01 -5.874705e-01
-2.398916e-01  6.543431e-01 -7.705732e-01 -2.022118e-01
-1.897182e-01  7.890708e-01 -6.110286e-01 -5.060167e-01
-3.531802e-01  3.094252e-01 -4.248267e-01 -1.693394e+00
-2.951865e-01  2.762417e-01 -2.930764e-01 -1.194205e+00
-3.968603e-01  3.445476e-01 -1.531227e+00 -3.876379e-01
-3.134523e-01  3.610738e-01 -1.165996e+00 -1.084119e+00
-2.721318e-01  1.573382e-01 -2.632406e-01 -2.240773e-01
-2.771207e-01  2.103623e-01 -2.668281e-01 -7.158941e-01
-2.737983e-01  2.129599e-01 -9.016756e-01 -2.406789e-01
-2.651596e-01  2.399418e-01 -7.868133e-01 -6.957251e-01
-1.328659e+00 -9.821145e-01  3.480501e-01  3.407211e-01
-9.184824e-01 -1.040065e+00  3.246115e-01  9.088603e-01
-9.920162e-01 -1.048387e+00  1.005287e+00  3.683427e-01
-4.923835e-01 -1.585094e+00  4.830242e-01  4.946013e-01
-7.693216e-01 -6.532948e-01  2.412564e-01  2.013247e-01
-6.254027e-01 -7.983938e-01  1.945520e-01  5.033487e-01
-6.790209e-01 -7.446663e-01  6.916161e-01  1.849006e-01
-2.933039e-01 -1.220448e+00  3.143769e-01  2.417983e-01
-1.536325e+00 -3.351546e-01  3.938453e-01  3.812309e-01
-1.131553e+00 -3.734138e-01  3.291467e-01  1.113174e+00
-1.055594e+00 -3.549370e-01  1.351160e+00  3.094690e-01
-9.960859e-01 -3.661882e-01  9.993930e-01  1.019965e+00
-8.879008e-01 -2.234957e-01  2.683792e-01  2.410879e-01
-7.842851e-01 -2.354152e-01  2.704904e-01  6.972442e-01
-7.969329e-01 -2.511847e-01  8.104311e-01  2.360187e-01
-7.447512e-01 -2.280600e-01  7.536735e-01  6.662344e-01
-3.633443e-01 -1.003455e+00  4.058304e-01  1.563771e+00
-2.665142e-01 -8.596255e-01  2.892065e-01  1.065240e+00
-3.285873e-01 -9.979555e-01  1.340512e+00  3.307406e-01
-3.029971e-01 -1.042832e+00  9.276357e-01  8.955260e-01
-2.220808e-01 -4.435349e-01  2.311786e-01  1.773537e-01
-2.231853e-01 -6.332482e-01  2.342523e-01  5.842181e-01
-2.262865e-01 -6.467266e-01  7.730986e-01  1.957621e-01
-1.787418e-01 -7.983060e-01  6.238553e-01  5.009028e-01
-3.704389e-01 -3.129081e-01  4.525919e-01  1.672492e+00
-2.804077e-01 -2.755698e-01  3.026442e-01  1.191240e+00
-3.217508e-01 -3.178335e-01  1.526674e+00  3.621536e-01
-3.111359e-01 -3.652427e-01  1.190872e+00  1.067201e+00
-2.641535e-01 -1.549648e-01  2.711881e-01  2.227501e-01
-2.651662e-01 -2.026417e-01  2.796067e-01  7.195239e-01
-2.561073e-01 -2.157669e-01  8.936179e-01  2.363733e-01
-2.523684e-01 -2.373828e-01  7.933956e-01  6.937605e-01
-1.313588e+00 -1.006957e+00  3.350800e-01 -3.270153e-01
-9.310719e-01 -1.041708e+00  3.107124e-01 -8.965641e-01
-9.671136e-01 -1.113193e+00  9.786962e-01 -3.184065e-01
-4.934306e-01 -1.603616e+00  4.459295e-01 -4.720151e-01
-7.696190e-01 -6.659607e-01  2.455377e-01 -1.960468e-01
-6.198671e-01 -7.995925e-01  1.896833e-01 -4.929997e-01
-6.774044e-01 -7.550915e-01  6.876245e-01 -1.734294e-01
-2.988390e-01 -1.224314e+00  3.157259e-01 -2.300546e-01
-1.518352e+00 -3.409051e-01  3.282451e-01 -3.618625e-01
-1.181957e+00 -3.796916e-01  3.284276e-01 -1.064722e+00
-1.338161e+00 -3.664940e-01  1.057550e+00 -3.132938e-01
-9.814323e-01 -4.125247e-01  1.035138e+00 -9.903618e-01
-8.881643e-01 -2.163455e-01  2.588477e-01 -2.344325e-01
-7.860598e-01 -2.496454e-01  2.585591e-01 -6.839874e-01
-8.014638e-01 -2.546868e-01  8.042979e-01 -2.358019e-01
-7.382608e-01 -2.408646e-01  7.542301e-01 -6.699768e-01
-3.871879e-01 -1.002919e+00  3.899431e-01 -1.550086e+00
-2.822253e-01 -8.698219e-01  2.781342e-01 -1.049904e+00
-3.302587e-01 -9.876325e-01  1.350344e+00 -3.495776e-01
-2.956637e-01 -1.081555e+00  9.211100e-01 -8.786690e-01
-2.239169e-01 -4.462904e-01  2.279008e-01 -1.790425e-01
-2.200065e-01 -6.415529e-01  2.245239e-01 -5.784447e-01
-2.307545e-01 -6.600153e-01  7.823997e-01 -1.952581e-01
-1.803190e-01 -8.172466e-01  6.285734e-01 -4.977173e-01
-4.832711e-01 -3.267737e-01  3.818728e-01 -1.644843e+00
-2.968907e-01 -2.831545e-01  2.842297e-01 -1.174996e+00
-3.462055e-01 -3.316552e-01  1.534428e+00 -3.832894e-01
-3.012039e-01 -3.654308e-01  1.110452e+00 -1.118065e+00
-2.628396e-01 -1.580115e-01  2.699993e-01 -2.241776e-01
-2.681358e-01 -2.180611e-01  2.766640e-01 -7.112670e-01
-2.557659e-01 -2.206897e-01  8.975173e-01 -2.419331e-01
-2.568731e-01 -2.422342e-01  7.917968e-01 -6.908799e-01
-1.327252e+00 -1.002182e+00 -3.275624e-01  3.428913e-01
-9.224038e-01 -1.045658e+00 -2.976479e-01  9.089620e-01
-9.583778e-01 -1.129463e+00 -9.637424e-01  3.306089e-01
-4.402392e-01 -1.617122e+00 -3.951319e-01  5.331321e-01
-7.726860e-01 -6.594805e-01 -2.356848e-01  2.002939e-01
-6.223812e-01 -7.958699e-01 -1.837743e-01  5.139766e-01
-6.731910e-01 -7.552405e-01 -6.841937e-01  1.861679e-01
-3.099362e-01 -1.217246e+00 -3.209923e-01  2.474278e-01
-1.529902e+00 -3.306288e-01 -3.270300e-01  3.693170e-01
-1.188803e+00 -3.635562e-01 -2.994502e-01  1.081756e+00
-1.318405e+00 -3.730155e-01 -1.068657e+00  3.295913e-01
-1.003063e+00 -4.017074e-01 -1.004663e+00  1.007858e+00
-8.962201e-01 -2.239699e-01 -2.583255e-01  2.402422e-01
-7.922223e-01 -2.437387e-01 -2.554235e-01  6.994788e-01
-7.986189e-01 -2.529337e-01 -7.985845e-01  2.421591e-01
-7.376776e-01 -2.367383e-01 -7.383491e-01  6.856359e-01
-3.949993e-01 -9.810129e-01 -3.790772e-01  1.562584e+00
-2.811840e-01 -8.573833e-01 -2.665563e-01  1.074932e+00
-3.499976e-01 -9.762839e-01 -1.335633e+00  3.580683e-01
-3.093631e-01 -1.063453e+00 -9.247283e-01  9.144243e-01
-2.289241e-01 -4.368390e-01 -2.236149e-01  1.812545e-01
-2.261286e-01 -6.273386e-01 -2.186058e-01  5.925004e-01
-2.351748e-01 -6.533631e-01 -7.760116e-01  2.010464e-01
-1.864244e-01 -7.924790e-01 -6.185659e-01  5.192590e-01
-4.720730e-01 -2.962533e-01 -3.695602e-01  1.678541e+00
-2.835035e-01 -2.762327e-01 -2.737474e-01  1.194268e+00
-3.971903e-01 -3.260653e-01 -1.542083e+00  3.875094e-01
-3.115606e-01 -3.642758e-01 -1.127135e+00  1.137607e+00
-2.694016e-01 -1.593116e-01 -2.689375e-01  2.286712e-01
-2.698039e-01 -2.094551e-01 -2.663764e-01  7.182888e-01
-2.637818e-01 -2.127912e-01 -8.982134e-01  2.462302e-01
-2.613475e-01 -2.426437e-01 -7.878301e-01  7.063439e-01
-1.318836e+00 -1.027213e+00 -3.361737e-01 -3.230790e-01
-9.079182e-01 -1.087240e+00 -2.988807e-01 -8.708441e-01
-9.827303e-01 -1.056136e+00 -9.895125e-01 -3.513710e-01
-4.427969e-01 -1.611377e+00 -4.632134e-01 -4.901140e-01
-7.692452e-01 -6.666393e-01 -2.360297e-01 -1.923997e-01
-6.126800e-01 -8.082383e-01 -1.887742e-01 -4.909557e-01
-6.811014e-01 -7.551141e-01 -6.888918e-01 -1.721145e-01
-2.952264e-01 -1.220216e+00 -3.155790e-01 -2.358820e-01
-1.533826e+00 -3.505724e-01 -3.826770e-01 -3.701409e-01
-1.175643e+00 -3.870143e-01 -3.071640e-01 -1.077684e+00
-1.082085e+00 -3.505633e-01 -1.319602e+00 -3.233800e-01
-1.024165e+00 -3.999633e-01 -9.789134e-01 -1.010426e+00
-8.980740e-01 -2.206569e-01 -2.628043e-01 -2.312368e-01
-7.936723e-01 -2.476977e-01 -2.527419e-01 -6.837432e-01
-8.139498e-01 -2.540918e-01 -8.012481e-01 -2.334209e-01
-7.479402e-01 -2.354873e-01 -7.359515e-01 -6.706632e-01
-4.088486e-01 -9.912025e-01 -3.854517e-01 -1.550124e+00
-2.882320e-01 -8.782101e-01 -2.796835e-01 -1.050181e+00
-3.299327e-01 -9.932436e-01 -1.346962e+00 -3.310525e-01
-3.111754e-01 -1.038145e+00 -9.319514e-01 -8.957541e-01
-2.250104e-01 -4.427452e-01 -2.267560e-01 -1.711259e-01
-2.280664e-01 -6.387301e-01 -2.263155e-01 -5.807225e-01
-2.347506e-01 -6.498976e-01 -7.767349e-01 -1.950931e-01
-1.879770e-01 -7.833484e-01 -6.277230e-01 -4.987166e-01
-4.591238e-01 -3.133842e-01 -3.845439e-01 -1.654787e+00
-2.929265e-01 -2.792874e-01 -2.829585e-01 -1.178349e+00
-3.434287e-01 -3.178997e-01 -1.537455e+00 -3.765087e-01
-3.233823e-01 -3.715586e-01 -1.130944e+00 -1.103279e+00
-2.654465e-01 -1.600803e-01 -2.643563e-01 -2.198799e-01
-2.771698e-01 -2.142440e-01 -2.654608e-01 -7.103568e-01
-2.605638e-01 -2.101576e-01 -8.898886e-01 -2.369582e-01
-2.620208e-01 -2.387027e-01 -7.886254e-01 -6.889609e-01
