 1.432400e+00  3.524900e-01
 9.407700e-01  2.483400e-01
 1.602200e-01  2.243600e-01
 5.223900e-01  2.297800e-01
 3.230500e-01  1.305600e+00
 9.295000e-01  9.503000e-01
 1.796400e-01  7.398200e-01
 5.313600e-01  6.640000e-01
-1.432400e+00  3.524900e-01
-9.407700e-01  2.483400e-01
-1.602200e-01  2.243600e-01
-5.223900e-01  2.297800e-01
-3.230500e-01  1.305600e+00
-9.295000e-01  9.503000e-01
-1.796400e-01  7.398200e-01
-5.313600e-01  6.640000e-01
 1.432400e+00 -3.524900e-01
 9.407700e-01 -2.483400e-01
 1.602200e-01 -2.243600e-01
 5.223900e-01 -2.297800e-01
 3.230500e-01 -1.305600e+00
 9.295000e-01 -9.503000e-01
 1.796400e-01 -7.398200e-01
 5.313600e-01 -6.640000e-01
-1.432400e+00 -3.524900e-01
-9.407700e-01 -2.483400e-01
-1.602200e-01 -2.243600e-01
-5.223900e-01 -2.297800e-01
-3.230500e-01 -1.305600e+00
-9.295000e-01 -9.503000e-01
-1.796400e-01 -7.398200e-01
-5.313600e-01 -6.640000e-01
