 2.342153e-01  1.554136e-01
 7.110240e-01  1.693207e-01
 1.810402e+00  2.463710e-01
 1.222891e+00  1.973653e-01
 2.231779e-01  4.701676e-01
 6.858737e-01  5.140777e-01
 1.771444e+00  7.635735e-01
 1.188862e+00  6.018667e-01
 1.908339e-01  1.335265e+00
 5.751821e-01  1.298772e+00
 3.156251e-01  1.928029e+00
 9.318483e-01  1.683089e+00
 1.952166e-01  8.397083e-01
 6.306470e-01  8.875927e-01
 1.606149e+00  1.341565e+00
 1.115427e+00  1.050881e+00
-2.342153e-01  1.554136e-01
-7.110240e-01  1.693207e-01
-1.810402e+00  2.463710e-01
-1.222891e+00  1.973653e-01
-2.231779e-01  4.701676e-01
-6.858737e-01  5.140777e-01
-1.771444e+00  7.635735e-01
-1.188862e+00  6.018667e-01
-1.908339e-01  1.335265e+00
-5.751821e-01  1.298772e+00
-3.156251e-01  1.928029e+00
-9.318483e-01  1.683089e+00
-1.952166e-01  8.397083e-01
-6.306470e-01  8.875927e-01
-1.606149e+00  1.341565e+00
-1.115427e+00  1.050881e+00
 2.342153e-01 -1.554136e-01
 7.110240e-01 -1.693207e-01
 1.810402e+00 -2.463710e-01
 1.222891e+00 -1.973653e-01
 2.231779e-01 -4.701676e-01
 6.858737e-01 -5.140777e-01
 1.771444e+00 -7.635735e-01
 1.188862e+00 -6.018667e-01
 1.908339e-01 -1.335265e+00
 5.751821e-01 -1.298772e+00
 3.156251e-01 -1.928029e+00
 9.318483e-01 -1.683089e+00
 1.952166e-01 -8.397083e-01
 6.306470e-01 -8.875927e-01
 1.606149e+00 -1.341565e+00
 1.115427e+00 -1.050881e+00
-2.342153e-01 -1.554136e-01
-7.110240e-01 -1.693207e-01
-1.810402e+00 -2.463710e-01
-1.222891e+00 -1.973653e-01
-2.231779e-01 -4.701676e-01
-6.858737e-01 -5.140777e-01
-1.771444e+00 -7.635735e-01
-1.188862e+00 -6.018667e-01
-1.908339e-01 -1.335265e+00
-5.751821e-01 -1.298772e+00
-3.156251e-01 -1.928029e+00
-9.318483e-01 -1.683089e+00
-1.952166e-01 -8.397083e-01
-6.306470e-01 -8.875927e-01
-1.606149e+00 -1.341565e+00
-1.115427e+00 -1.050881e+00
