 1.249160e-01  1.475158e-01
 2.127461e-01  1.626944e-01
 1.593231e-01  5.398341e-01
 2.148890e-01  4.507386e-01
 1.860743e-01  1.700256e+00
 1.771248e-01  1.319266e+00
 1.821300e-01  8.127360e-01
 1.888304e-01  1.005695e+00
 6.896979e-01  1.490350e-01
 4.985464e-01  1.486318e-01
 6.001126e-01  4.988535e-01
 4.852442e-01  4.224876e-01
 5.605477e-01  1.669524e+00
 5.743086e-01  1.317623e+00
 5.743822e-01  8.040207e-01
 5.419648e-01  1.023269e+00
 2.057910e+00  2.330254e-01
 1.608848e+00  2.064479e-01
 1.983749e+00  6.992099e-01
 1.540508e+00  6.299510e-01
 2.939964e-01  2.170894e+00
 1.389843e+00  1.551513e+00
 1.875135e+00  1.188631e+00
 1.424581e+00  1.046280e+00
 9.611158e-01  1.750849e-01
 1.251006e+00  1.812243e-01
 9.272270e-01  5.084598e-01
 1.216210e+00  5.469466e-01
 9.079499e-01  1.933224e+00
 9.742659e-01  1.374165e+00
 8.765104e-01  7.931869e-01
 1.039354e+00  9.894868e-01
-1.249160e-01  1.475158e-01
-2.127461e-01  1.626944e-01
-1.593231e-01  5.398341e-01
-2.148890e-01  4.507386e-01
-1.860743e-01  1.700256e+00
-1.771248e-01  1.319266e+00
-1.821300e-01  8.127360e-01
-1.888304e-01  1.005695e+00
-6.896979e-01  1.490350e-01
-4.985464e-01  1.486318e-01
-6.001126e-01  4.988535e-01
-4.852442e-01  4.224876e-01
-5.605477e-01  1.669524e+00
-5.743086e-01  1.317623e+00
-5.743822e-01  8.040207e-01
-5.419648e-01  1.023269e+00
-2.057910e+00  2.330254e-01
-1.608848e+00  2.064479e-01
-1.983749e+00  6.992099e-01
-1.540508e+00  6.299510e-01
-2.939964e-01  2.170894e+00
-1.389843e+00  1.551513e+00
-1.875135e+00  1.188631e+00
-1.424581e+00  1.046280e+00
-9.611158e-01  1.750849e-01
-1.251006e+00  1.812243e-01
-9.272270e-01  5.084598e-01
-1.216210e+00  5.469466e-01
-9.079499e-01  1.933224e+00
-9.742659e-01  1.374165e+00
-8.765104e-01  7.931869e-01
-1.039354e+00  9.894868e-01
 1.249160e-01 -1.475158e-01
 2.127461e-01 -1.626944e-01
 1.593231e-01 -5.398341e-01
 2.148890e-01 -4.507386e-01
 1.860743e-01 -1.700256e+00
 1.771248e-01 -1.319266e+00
 1.821300e-01 -8.127360e-01
 1.888304e-01 -1.005695e+00
 6.896979e-01 -1.490350e-01
 4.985464e-01 -1.486318e-01
 6.001126e-01 -4.988535e-01
 4.852442e-01 -4.224876e-01
 5.605477e-01 -1.669524e+00
 5.743086e-01 -1.317623e+00
 5.743822e-01 -8.040207e-01
 5.419648e-01 -1.023269e+00
 2.057910e+00 -2.330254e-01
 1.608848e+00 -2.064479e-01
 1.983749e+00 -6.992099e-01
 1.540508e+00 -6.299510e-01
 2.939964e-01 -2.170894e+00
 1.389843e+00 -1.551513e+00
 1.875135e+00 -1.188631e+00
 1.424581e+00 -1.046280e+00
 9.611158e-01 -1.750849e-01
 1.251006e+00 -1.812243e-01
 9.272270e-01 -5.084598e-01
 1.216210e+00 -5.469466e-01
 9.079499e-01 -1.933224e+00
 9.742659e-01 -1.374165e+00
 8.765104e-01 -7.931869e-01
 1.039354e+00 -9.894868e-01
-1.249160e-01 -1.475158e-01
-2.127461e-01 -1.626944e-01
-1.593231e-01 -5.398341e-01
-2.148890e-01 -4.507386e-01
-1.860743e-01 -1.700256e+00
-1.771248e-01 -1.319266e+00
-1.821300e-01 -8.127360e-01
-1.888304e-01 -1.005695e+00
-6.896979e-01 -1.490350e-01
-4.985464e-01 -1.486318e-01
-6.001126e-01 -4.988535e-01
-4.852442e-01 -4.224876e-01
-5.605477e-01 -1.669524e+00
-5.743086e-01 -1.317623e+00
-5.743822e-01 -8.040207e-01
-5.419648e-01 -1.023269e+00
-2.057910e+00 -2.330254e-01
-1.608848e+00 -2.064479e-01
-1.983749e+00 -6.992099e-01
-1.540508e+00 -6.299510e-01
-2.939964e-01 -2.170894e+00
-1.389843e+00 -1.551513e+00
-1.875135e+00 -1.188631e+00
-1.424581e+00 -1.046280e+00
-9.611158e-01 -1.750849e-01
-1.251006e+00 -1.812243e-01
-9.272270e-01 -5.084598e-01
-1.216210e+00 -5.469466e-01
-9.079499e-01 -1.933224e+00
-9.742659e-01 -1.374165e+00
-8.765104e-01 -7.931869e-01
-1.039354e+00 -9.894868e-01
