 2.263733e+00  2.344694e-01
 1.904737e+00  1.947528e-01
 1.391705e+00  1.446201e-01
 1.622242e+00  1.689780e-01
 1.192807e-01  1.038365e-01
 7.304718e-01  9.775947e-02
 1.180589e+00  1.213433e-01
 9.715407e-01  1.117159e-01
 2.167526e+00  6.875999e-01
 1.823045e+00  5.777253e-01
 1.327326e+00  4.235011e-01
 1.551904e+00  4.966672e-01
 1.199645e-01  1.027016e-01
 7.186470e-01  1.282068e-01
 1.124780e+00  3.480700e-01
 9.309490e-01  2.550621e-01
 1.727020e+00  1.482704e+00
 1.447721e+00  1.245725e+00
 1.045660e+00  8.861292e-01
 1.228396e+00  1.054020e+00
 3.671612e-01  1.341195e-01
 5.830637e-01  3.086266e-01
 8.836663e-01  7.211818e-01
 7.365807e-01  5.366916e-01
 1.987240e+00  1.109719e+00
 1.668501e+00  9.351263e-01
 1.208833e+00  6.728318e-01
 1.417732e+00  7.957748e-01
 3.690745e-01  1.274857e-01
 6.016871e-01  2.769084e-01
 1.018077e+00  5.556813e-01
 8.239468e-01  4.390759e-01
 2.099440e-01  2.255654e+00
 1.772642e-01  1.883377e+00
 1.320854e-01  1.333413e+00
 1.535626e-01  1.583730e+00
 1.005600e-01  3.616403e-01
 1.015462e-01  6.429143e-01
 1.130969e-01  1.105459e+00
 1.050621e-01  8.840484e-01
 6.263349e-01  2.180147e+00
 5.285348e-01  1.819366e+00
 3.894034e-01  1.282983e+00
 4.534828e-01  1.529237e+00
 1.065590e-01  3.644111e-01
 1.578723e-01  6.320805e-01
 3.267032e-01  1.059664e+00
 2.518611e-01  8.491453e-01
 1.402866e+00  1.792462e+00
 1.176331e+00  1.499895e+00
 8.495570e-01  1.057427e+00
 9.978373e-01  1.263942e+00
 2.969119e-01  3.476340e-01
 4.300611e-01  5.026645e-01
 7.152220e-01  8.629901e-01
 5.788483e-01  6.774863e-01
 1.029722e+00  2.025999e+00
 8.656509e-01  1.692148e+00
 6.293802e-01  1.189579e+00
 7.368958e-01  1.422717e+00
 2.866982e-01  3.563077e-01
 3.728940e-01  5.447216e-01
 5.332872e-01  9.733973e-01
 4.500336e-01  7.636139e-01
-2.263733e+00  2.344694e-01
-1.904737e+00  1.947528e-01
-1.391705e+00  1.446201e-01
-1.622242e+00  1.689780e-01
-1.192807e-01  1.038365e-01
-7.304718e-01  9.775947e-02
-1.180589e+00  1.213433e-01
-9.715407e-01  1.117159e-01
-2.167526e+00  6.875999e-01
-1.823045e+00  5.777253e-01
-1.327326e+00  4.235011e-01
-1.551904e+00  4.966672e-01
-1.199645e-01  1.027016e-01
-7.186470e-01  1.282068e-01
-1.124780e+00  3.480700e-01
-9.309490e-01  2.550621e-01
-1.727020e+00  1.482704e+00
-1.447721e+00  1.245725e+00
-1.045660e+00  8.861292e-01
-1.228396e+00  1.054020e+00
-3.671612e-01  1.341195e-01
-5.830637e-01  3.086266e-01
-8.836663e-01  7.211818e-01
-7.365807e-01  5.366916e-01
-1.987240e+00  1.109719e+00
-1.668501e+00  9.351263e-01
-1.208833e+00  6.728318e-01
-1.417732e+00  7.957748e-01
-3.690745e-01  1.274857e-01
-6.016871e-01  2.769084e-01
-1.018077e+00  5.556813e-01
-8.239468e-01  4.390759e-01
-2.099440e-01  2.255654e+00
-1.772642e-01  1.883377e+00
-1.320854e-01  1.333413e+00
-1.535626e-01  1.583730e+00
-1.005600e-01  3.616403e-01
-1.015462e-01  6.429143e-01
-1.130969e-01  1.105459e+00
-1.050621e-01  8.840484e-01
-6.263349e-01  2.180147e+00
-5.285348e-01  1.819366e+00
-3.894034e-01  1.282983e+00
-4.534828e-01  1.529237e+00
-1.065590e-01  3.644111e-01
-1.578723e-01  6.320805e-01
-3.267032e-01  1.059664e+00
-2.518611e-01  8.491453e-01
-1.402866e+00  1.792462e+00
-1.176331e+00  1.499895e+00
-8.495570e-01  1.057427e+00
-9.978373e-01  1.263942e+00
-2.969119e-01  3.476340e-01
-4.300611e-01  5.026645e-01
-7.152220e-01  8.629901e-01
-5.788483e-01  6.774863e-01
-1.029722e+00  2.025999e+00
-8.656509e-01  1.692148e+00
-6.293802e-01  1.189579e+00
-7.368958e-01  1.422717e+00
-2.866982e-01  3.563077e-01
-3.728940e-01  5.447216e-01
-5.332872e-01  9.733973e-01
-4.500336e-01  7.636139e-01
 2.263733e+00 -2.344694e-01
 1.904737e+00 -1.947528e-01
 1.391705e+00 -1.446201e-01
 1.622242e+00 -1.689780e-01
 1.192807e-01 -1.038365e-01
 7.304718e-01 -9.775947e-02
 1.180589e+00 -1.213433e-01
 9.715407e-01 -1.117159e-01
 2.167526e+00 -6.875999e-01
 1.823045e+00 -5.777253e-01
 1.327326e+00 -4.235011e-01
 1.551904e+00 -4.966672e-01
 1.199645e-01 -1.027016e-01
 7.186470e-01 -1.282068e-01
 1.124780e+00 -3.480700e-01
 9.309490e-01 -2.550621e-01
 1.727020e+00 -1.482704e+00
 1.447721e+00 -1.245725e+00
 1.045660e+00 -8.861292e-01
 1.228396e+00 -1.054020e+00
 3.671612e-01 -1.341195e-01
 5.830637e-01 -3.086266e-01
 8.836663e-01 -7.211818e-01
 7.365807e-01 -5.366916e-01
 1.987240e+00 -1.109719e+00
 1.668501e+00 -9.351263e-01
 1.208833e+00 -6.728318e-01
 1.417732e+00 -7.957748e-01
 3.690745e-01 -1.274857e-01
 6.016871e-01 -2.769084e-01
 1.018077e+00 -5.556813e-01
 8.239468e-01 -4.390759e-01
 2.099440e-01 -2.255654e+00
 1.772642e-01 -1.883377e+00
 1.320854e-01 -1.333413e+00
 1.535626e-01 -1.583730e+00
 1.005600e-01 -3.616403e-01
 1.015462e-01 -6.429143e-01
 1.130969e-01 -1.105459e+00
 1.050621e-01 -8.840484e-01
 6.263349e-01 -2.180147e+00
 5.285348e-01 -1.819366e+00
 3.894034e-01 -1.282983e+00
 4.534828e-01 -1.529237e+00
 1.065590e-01 -3.644111e-01
 1.578723e-01 -6.320805e-01
 3.267032e-01 -1.059664e+00
 2.518611e-01 -8.491453e-01
 1.402866e+00 -1.792462e+00
 1.176331e+00 -1.499895e+00
 8.495570e-01 -1.057427e+00
 9.978373e-01 -1.263942e+00
 2.969119e-01 -3.476340e-01
 4.300611e-01 -5.026645e-01
 7.152220e-01 -8.629901e-01
 5.788483e-01 -6.774863e-01
 1.029722e+00 -2.025999e+00
 8.656509e-01 -1.692148e+00
 6.293802e-01 -1.189579e+00
 7.368958e-01 -1.422717e+00
 2.866982e-01 -3.563077e-01
 3.728940e-01 -5.447216e-01
 5.332872e-01 -9.733973e-01
 4.500336e-01 -7.636139e-01
-2.263733e+00 -2.344694e-01
-1.904737e+00 -1.947528e-01
-1.391705e+00 -1.446201e-01
-1.622242e+00 -1.689780e-01
-1.192807e-01 -1.038365e-01
-7.304718e-01 -9.775947e-02
-1.180589e+00 -1.213433e-01
-9.715407e-01 -1.117159e-01
-2.167526e+00 -6.875999e-01
-1.823045e+00 -5.777253e-01
-1.327326e+00 -4.235011e-01
-1.551904e+00 -4.966672e-01
-1.199645e-01 -1.027016e-01
-7.186470e-01 -1.282068e-01
-1.124780e+00 -3.480700e-01
-9.309490e-01 -2.550621e-01
-1.727020e+00 -1.482704e+00
-1.447721e+00 -1.245725e+00
-1.045660e+00 -8.861292e-01
-1.228396e+00 -1.054020e+00
-3.671612e-01 -1.341195e-01
-5.830637e-01 -3.086266e-01
-8.836663e-01 -7.211818e-01
-7.365807e-01 -5.366916e-01
-1.987240e+00 -1.109719e+00
-1.668501e+00 -9.351263e-01
-1.208833e+00 -6.728318e-01
-1.417732e+00 -7.957748e-01
-3.690745e-01 -1.274857e-01
-6.016871e-01 -2.769084e-01
-1.018077e+00 -5.556813e-01
-8.239468e-01 -4.390759e-01
-2.099440e-01 -2.255654e+00
-1.772642e-01 -1.883377e+00
-1.320854e-01 -1.333413e+00
-1.535626e-01 -1.583730e+00
-1.005600e-01 -3.616403e-01
-1.015462e-01 -6.429143e-01
-1.130969e-01 -1.105459e+00
-1.050621e-01 -8.840484e-01
-6.263349e-01 -2.180147e+00
-5.285348e-01 -1.819366e+00
-3.894034e-01 -1.282983e+00
-4.534828e-01 -1.529237e+00
-1.065590e-01 -3.644111e-01
-1.578723e-01 -6.320805e-01
-3.267032e-01 -1.059664e+00
-2.518611e-01 -8.491453e-01
-1.402866e+00 -1.792462e+00
-1.176331e+00 -1.499895e+00
-8.495570e-01 -1.057427e+00
-9.978373e-01 -1.263942e+00
-2.969119e-01 -3.476340e-01
-4.300611e-01 -5.026645e-01
-7.152220e-01 -8.629901e-01
-5.788483e-01 -6.774863e-01
-1.029722e+00 -2.025999e+00
-8.656509e-01 -1.692148e+00
-6.293802e-01 -1.189579e+00
-7.368958e-01 -1.422717e+00
-2.866982e-01 -3.563077e-01
-3.728940e-01 -5.447216e-01
-5.332872e-01 -9.733973e-01
-4.500336e-01 -7.636139e-01
