 4.231998e-01  6.114659e-01  5.875189e-01  4.269826e-01
 3.902801e-01  2.884952e-01 -8.871852e-01  3.119639e-01
 2.902564e-01  5.309734e-01 -2.259581e-01 -8.309635e-01
 3.073625e-01  8.659373e-01  3.669469e-01 -3.294177e-01
-7.514590e-01  6.446948e-01  6.072370e-02  3.564333e-01
-8.699043e-02  7.903472e-01 -5.281614e-01  4.450198e-01
-2.751937e-01  9.140862e-01 -2.532011e-01 -3.939743e-01
 5.016250e-01  8.554135e-01 -3.534325e-01 -1.028437e-01
-9.220267e-01  5.864428e-02  4.410057e-01  1.920145e-02
-5.185860e-01  2.414568e-01 -3.710197e-01  8.235785e-01
-6.007698e-01  5.225274e-01 -6.192872e-01  4.731757e-02
-5.230143e-01  7.262194e-01  4.702873e-01 -3.616741e-01
-7.970142e-01 -6.876059e-01  1.121033e-01  1.119342e-01
-9.634659e-01 -1.065679e-01 -3.602354e-01  2.480209e-01
-7.773964e-01 -4.112034e-01 -7.639474e-02 -6.009559e-01
-9.185688e-01  3.447149e-01 -1.115233e-01 -3.763946e-01
-6.179809e-02 -1.034176e+00 -1.763527e-01  1.352881e-01
-3.915887e-01 -5.636888e-01 -3.263860e-01  7.138359e-01
-4.908799e-01 -6.432162e-01 -6.715283e-01 -1.184079e-03
-3.193189e-01 -7.968807e-01  4.401755e-01 -3.555194e-01
 8.128593e-01 -1.936084e-01  5.636711e-01  2.107859e-01
 5.441583e-01 -7.314287e-01 -4.280204e-03  5.697986e-01
 5.540072e-01 -6.843368e-01 -5.650070e-01 -1.770459e-01
 3.846799e-01 -8.841075e-01  1.524612e-01 -3.965862e-01
 8.984592e-01  4.021664e-01  7.537930e-02  1.161787e-01
 8.464019e-01 -1.133267e-01 -4.503960e-01  3.994586e-01
 9.734565e-01 -3.808896e-01 -5.302630e-03 -1.342018e-01
 6.056797e-01 -3.143823e-01  5.433722e-01 -6.127850e-01
 5.515861e-01  2.895939e-01  8.035742e-01 -1.912427e-01
 5.277304e-01  6.172170e-01 -2.052875e-01  6.112301e-01
 7.814694e-01  1.509026e-01 -6.375439e-01 -3.468312e-01
 8.088474e-01  3.119782e-01  1.548455e-01 -5.577566e-01
 1.048570e-02 -3.060466e-01  2.475847e-01  9.662847e-01
 2.227074e-01 -1.107422e-02 -4.732106e-01  9.405135e-01
 1.294848e-01 -2.635816e-01 -9.592910e-01 -2.444134e-01
-3.265891e-02 -7.365777e-02 -5.653411e-01 -8.530103e-01
 5.529800e-01 -2.889671e-01 -2.283885e-01 -8.091312e-01
-7.719480e-02 -3.761431e-01  2.321372e-01 -9.738654e-01
 4.633190e-02 -3.027676e-01  9.441739e-01 -3.497810e-01
 1.745291e-01 -1.030983e-01  9.041854e-01  5.669354e-01
-4.170635e-01  4.180144e-01  7.040318e-01  4.969529e-01
-5.838934e-02  4.710632e-01  2.042719e-01  9.153829e-01
-3.205255e-01 -1.485945e-02 -9.248810e-01  3.603826e-01
 1.038694e-02  5.063618e-01 -8.604162e-01 -3.637601e-01
-4.166611e-01  3.106907e-01 -6.634453e-02 -8.878386e-01
 9.004935e-02  3.417565e-01  5.514043e-01 -8.449893e-01
-1.531877e-01  4.060252e-01  9.415584e-01 -1.078920e-01
-8.127081e-02  1.000805e+00  2.038175e-01  2.867447e-01
-2.085422e-01 -7.715543e-01  4.110029e-01  4.997509e-01
-6.818236e-01 -1.282859e-01  2.976873e-01  7.028060e-01
 2.153072e-01 -5.563142e-01 -7.177314e-01  4.627362e-01
-5.960644e-01 -1.104737e-02 -7.291721e-01 -4.430724e-01
-1.361521e-01 -7.427079e-01 -3.819070e-01 -5.819304e-01
-5.826837e-01 -5.248467e-02  6.185029e-01 -5.895557e-01
 3.566603e-01 -7.378421e-01  6.518478e-01  1.313214e-01
-4.892138e-01 -3.432180e-01  8.470560e-01  1.706154e-01
 6.477584e-01  1.092685e-02  2.164949e-01  7.770020e-01
 4.161964e-02 -2.822745e-02  3.720328e-01  1.917269e-01
-5.691677e-02  7.385208e-02 -1.782732e-01  3.700832e-01
 2.314562e-01 -3.441984e-01 -6.745522e-02  8.479731e-02
 2.183608e-01  1.559146e-01 -3.021200e-01 -1.335613e-01
-3.559430e-01 -1.854907e-01 -9.199157e-02 -7.880242e-02
 7.301812e-02 -6.247006e-02  1.761486e-01 -3.792021e-01
-1.433062e-01  3.877094e-01  9.212321e-02 -5.681957e-02
