-8.483014e-03 -1.426448e-02 -2.835333e-03 -1.295499e-02
 5.686864e-01  9.469726e-01 -1.398809e-01 -2.853482e-02
-4.706142e-01  3.108237e-01  8.700331e-01  3.990240e-01
-3.901182e-01  8.729201e-01  3.988576e-01  3.260243e-01
-5.430856e-01 -8.747949e-01  2.309600e-01  3.420735e-01
-3.733312e-01 -9.880763e-01  4.821022e-02 -3.675990e-01
 6.922121e-01 -6.797677e-01  5.211022e-01  2.932008e-02
 3.967963e-02 -9.915941e-01  4.828767e-01  1.591714e-01
-4.012938e-01  1.290040e-01  3.723175e-01  1.873809e-01
 4.753494e-01  5.367488e-01  7.210913e-01 -4.404990e-01
 2.162014e-01  9.674971e-01  5.099944e-01  3.272813e-02
-1.881732e-01 -6.007210e-02  1.091143e+00 -1.406165e-01
-5.376765e-01 -3.926470e-01  8.015091e-01  4.009525e-01
 1.571157e-01 -5.117344e-01  9.349625e-01  2.649171e-01
-1.126741e-01 -2.402718e-01  5.360251e-01  6.552420e-02
 5.853047e-01 -6.593385e-02  9.196281e-01 -1.592057e-01
 1.777338e-01 -1.108677e-01  2.118455e-01  1.077352e+00
 5.622878e-01  3.255443e-01  3.728840e-01  7.896051e-01
-7.443314e-01  1.875818e-01 -2.597701e-01  7.510918e-01
 2.422964e-01  3.625373e-01  9.866641e-01  1.946421e-01
-4.319634e-01 -5.000632e-01 -1.229697e-01  8.809964e-01
 3.280702e-02 -3.704456e-02  8.226307e-01  7.159575e-01
 4.799116e-01 -6.707569e-01  3.252781e-01  6.518066e-01
 6.652823e-01 -1.316091e-01  7.328815e-01  4.998391e-01
 9.473352e-01  4.555849e-01 -1.005955e-01  3.460373e-01
 7.743366e-01  5.604378e-01  5.511334e-01  1.964665e-01
-1.102100e+00  1.190478e-01  1.849829e-02 -1.064762e-01
-7.968359e-01  6.332075e-01  3.740019e-01 -2.265016e-01
-9.242924e-01 -2.259862e-01  2.536773e-01  5.111300e-01
-8.800630e-01 -5.459121e-01  2.644950e-01 -6.395806e-02
 1.046832e+00 -8.189245e-02  3.460305e-01  4.317311e-02
 3.083609e-01 -1.045623e+00 -1.776014e-01 -3.707898e-02
 6.648710e-01 -6.905740e-02 -8.848853e-01 -3.476385e-02
 4.593425e-01  6.758964e-01 -6.606874e-01  3.698187e-01
-4.706346e-01  1.075090e-01 -8.649980e-01  5.005626e-01
-8.409219e-02  1.056230e+00 -1.870807e-01  2.559519e-01
-8.113831e-01 -6.166476e-01 -3.410869e-01 -3.153792e-01
-4.892785e-02 -8.312585e-01 -7.217794e-01 -1.701470e-01
 3.894716e-01 -4.038614e-01 -3.622271e-01  8.938591e-01
 8.401595e-02 -9.226115e-01 -1.641046e-01  5.842132e-01
 6.716161e-02  6.138107e-01  6.376464e-01  6.772313e-01
 2.256348e-01  8.689472e-02 -9.238347e-01  5.878975e-01
 3.385558e-02  3.747757e-01  3.511334e-01  2.761849e-01
-4.527668e-01  2.334106e-01 -9.637029e-01 -2.169235e-01
-4.660290e-01  4.401786e-02  3.949664e-01  9.111897e-01
-6.000629e-01 -3.806952e-01 -8.349010e-01 -6.842526e-03
-1.445732e-01 -6.084641e-01  4.565353e-01  7.760698e-01
 6.036914e-01 -6.081299e-01 -6.111006e-01 -3.376505e-01
 4.267819e-01  3.333800e-01 -3.068546e-01  9.208914e-01
 7.928365e-01 -1.817552e-02 -5.614044e-01  5.046543e-01
-2.466255e-01  5.991930e-01  9.569550e-02  9.027028e-01
-1.557411e-01  6.276954e-01 -5.152562e-01  7.249858e-01
-1.696602e-01 -2.473731e-03 -4.227098e-01  9.975210e-01
-2.027763e-01 -5.286201e-01 -7.511690e-01  5.933781e-01
-6.725146e-02  1.410284e-01  3.820379e-02  5.933288e-01
 4.320213e-01 -6.202751e-01 -7.373234e-01  3.498040e-01
 1.053985e+00 -1.383816e-01 -2.934219e-01 -7.408852e-02
 3.735541e-01  8.345373e-01  4.846137e-02  6.008374e-01
-9.244491e-01  2.218596e-01 -5.431279e-01  1.250036e-01
-7.143242e-01  7.797057e-01 -2.196640e-01  2.860176e-01
-8.909946e-01 -4.137274e-01 -3.706441e-01  3.977519e-01
-4.136151e-01 -8.967815e-01 -3.690043e-01  2.067143e-01
 8.654610e-01 -1.703710e-01  6.982084e-02  6.556010e-01
 8.134114e-01 -6.925102e-01 -1.821137e-01  2.785462e-01
 4.595367e-01  3.164461e-01  1.951099e-01 -9.472125e-01
 4.588618e-01  5.147351e-01 -4.787783e-01 -7.341966e-01
-8.618827e-02 -2.787830e-02 -5.580895e-01 -1.776419e-01
 3.214901e-02  9.085485e-01 -5.336757e-01 -3.354309e-01
-3.610843e-01 -2.965290e-01  1.284566e-01  3.384506e-01
 1.373908e-01 -7.640330e-01 -3.180414e-01 -7.342295e-01
 4.894733e-01 -3.444420e-01  1.484626e-02  8.341427e-02
 1.861560e-01 -3.932981e-01 -4.074182e-01  4.626348e-02
 1.409348e-01  3.512864e-01 -3.051609e-01 -3.458206e-01
 3.261972e-01 -8.830466e-02 -8.400642e-01 -6.044608e-01
 2.150007e-01  4.350436e-01 -9.671535e-01 -1.523662e-01
-2.880373e-01  6.850977e-01 -7.741695e-01  1.652382e-01
-3.682551e-01  3.346153e-01 -3.039038e-01 -1.374552e-01
-2.640798e-01 -3.774332e-01 -7.918925e-01 -6.210507e-01
 2.657281e-02  1.329282e-01 -5.000731e-01  3.198058e-01
 2.589950e-02 -2.416597e-01 -1.084236e+00  1.824974e-02
-2.245794e-01  5.121035e-02  2.307889e-01 -1.061593e+00
 7.942333e-01 -8.415083e-02 -3.043449e-01 -7.246999e-01
-7.273923e-01  3.592270e-01  5.551774e-02 -7.566670e-01
-2.446473e-01  3.312275e-01 -6.951312e-01 -7.643065e-01
-4.394292e-01 -4.284534e-01 -2.140669e-01 -8.958760e-01
-2.463993e-01  1.309877e-02 -1.727337e-01 -5.448186e-01
 3.578690e-01 -4.011173e-01  2.070860e-01 -9.404990e-01
 1.335304e-01 -6.614018e-02 -3.560194e-01 -1.036552e+00
 9.379990e-01  4.552526e-01  1.348003e-01 -3.904089e-01
 8.078503e-01  4.748239e-01 -5.399575e-01 -1.997528e-01
-8.381452e-01 -2.784048e-01  2.407046e-01 -6.230381e-01
-6.772490e-01  7.045871e-01 -4.010763e-01 -3.740316e-01
-8.233745e-01  7.209646e-03 -4.870555e-01 -5.527029e-01
-2.268620e-01 -4.721168e-01 -2.206374e-01 -2.459642e-01
 4.233774e-01  8.300485e-02 -3.937926e-01  7.789909e-03
 8.070737e-01 -6.253281e-01  3.272280e-02 -4.215142e-01
 4.247385e-01  1.548205e-01 -6.670825e-02  3.804639e-01
-1.671322e-01  6.266237e-01  5.254934e-01 -7.311651e-01
-8.692633e-01  4.227727e-01  3.107382e-01  4.400813e-01
-3.041613e-01  1.023301e+00  1.061405e-01 -3.281003e-01
-3.252546e-01 -1.965790e-01 -3.674263e-01  2.824894e-01
 2.559283e-01 -9.063192e-01  2.981093e-01 -4.669149e-01
 1.820577e-01 -1.927128e-01  3.354746e-01  4.138190e-01
-4.276535e-03 -5.921670e-01  1.025524e-01  7.023357e-02
 1.522403e-01  1.225849e-02  7.913339e-01 -7.642417e-01
-1.417099e-01  5.359363e-01  1.326133e-01 -1.714846e-01
 9.130612e-02  5.164107e-01 -2.238841e-01  1.758128e-01
-2.758301e-01  6.239467e-01  8.478589e-01 -1.802960e-01
-3.992253e-01  3.178026e-01 -1.001904e-01  2.968173e-01
-4.470606e-01 -6.688472e-01  7.374609e-01 -2.348912e-01
 1.165118e-01 -3.100426e-01 -1.639279e-01  4.782695e-01
 2.120028e-01 -5.569207e-01  8.320455e-01 -4.278346e-01
 3.501723e-01  8.596716e-01  1.265343e-01 -5.570267e-01
 7.901481e-01 -1.273837e-01  4.764142e-01 -5.902569e-01
-1.525903e-01  6.240783e-01 -1.446992e-01 -8.746450e-01
-5.054214e-01  4.758532e-02  7.456154e-01 -6.271573e-01
-2.401149e-01 -5.642976e-01  4.321841e-01 -8.037692e-01
 2.843435e-02  1.793507e-01  5.589051e-01 -2.152500e-01
 1.048301e-01  1.350782e-01  1.857703e-01 -5.360400e-01
 2.323220e-01 -2.818190e-01 -2.040697e-01 -4.501208e-01
 4.425696e-01  4.669181e-02  3.930594e-01  6.544475e-02
 3.790327e-01  4.583603e-01  1.488800e-01 -5.727053e-02
-8.517748e-01  5.531219e-03  7.008109e-01 -8.166263e-02
-4.407325e-01  1.771058e-01  2.435144e-01 -2.900102e-01
-5.881352e-01 -1.217727e-01 -1.172585e-01 -5.135673e-02
-2.748852e-01 -3.204123e-01  2.665585e-01 -3.209394e-01
 5.325016e-01  7.306171e-02 -1.717974e-02 -3.005244e-01
 2.559737e-01 -3.180424e-01  3.189853e-01 -2.946922e-01
