-9.448115e-01  5.513980e-01  3.367059e-01  1.425733e-01
-1.678058e-01 -1.072186e+00 -3.612422e-01  1.846026e-01
-4.916633e-01 -8.171336e-01  3.294103e-01 -5.871057e-01
-5.196343e-01 -7.877064e-01 -3.338273e-02  6.650697e-01
-3.553258e-01 -8.704439e-01  6.740355e-01  1.601358e-02
-6.353939e-01 -2.886184e-01 -9.063770e-01  1.984783e-01
-6.764773e-01 -5.445431e-01 -6.398916e-01 -4.354732e-01
-7.906912e-01 -3.347444e-01 -3.748327e-01  6.692301e-01
-2.303376e-01  1.781485e-01 -5.265242e-02 -1.118481e+00
-1.132409e+00 -5.221487e-02  2.003434e-01 -5.461638e-02
-2.408978e-02  1.333761e-01 -2.494869e-01  1.107683e+00
-8.584352e-01 -2.967170e-01  3.543350e-01 -6.055726e-01
-9.048706e-01 -1.267399e-01  5.360767e-01  4.276540e-01
-3.640561e-02 -1.563197e-01  1.131468e+00 -1.659481e-01
-2.738704e-01  3.031898e-01 -9.021443e-01 -6.211918e-01
-2.576126e-01  2.227603e-01 -1.009844e+00  4.280410e-01
-6.762883e-01  2.214021e-01 -3.866036e-01 -8.163269e-01
-1.035254e+00 -2.056060e-01 -4.505872e-01  7.000050e-02
-6.124890e-01  2.007343e-01 -1.965757e-01  9.399596e-01
-1.012544e+00 -7.608018e-02 -2.378899e-01 -4.763424e-01
-1.056276e+00  1.344178e-01 -2.779784e-02  4.680831e-01
-4.219615e-01  1.287655e-01  7.706677e-01 -7.481511e-01
-8.599622e-01  4.676601e-02  7.002354e-01 -2.875792e-01
-4.435084e-01  6.059984e-02  7.298959e-01  7.807824e-01
-3.603002e-01  2.826115e-01  1.025732e+00 -2.495504e-01
-7.332255e-01  2.464335e-01  8.316016e-01  2.185597e-01
-4.241284e-01  9.155130e-01 -5.669224e-01  1.214192e-01
-6.737127e-01  6.439282e-01 -5.540405e-01 -4.240174e-01
-7.630059e-01  6.797344e-01 -2.327515e-01  5.051393e-01
-5.748502e-01  7.554223e-01  4.044388e-02 -6.505189e-01
 8.420904e-02  8.070310e-02 -2.106337e-01  2.032008e-01
-2.544021e-01  6.274389e-01  3.904847e-02  9.324424e-01
-9.828526e-01  3.977733e-01  1.058227e-01 -4.236301e-01
-7.195508e-01  4.534881e-01  3.675384e-01  6.997748e-01
-4.236860e-01  7.298960e-01  7.779013e-01  1.750893e-01
-1.830673e-02  1.148484e+00  4.330181e-02  6.561095e-02
-3.799238e-01  9.985394e-01  3.614414e-01 -2.335728e-01
-4.442001e-01  9.512228e-01  2.548994e-01  4.024017e-01
-6.906708e-01  5.867586e-01  6.013354e-01 -4.015005e-01
 3.081523e-01 -3.289206e-01 -1.058664e+00 -1.194165e-01
 7.066703e-02 -9.218582e-01 -5.748915e-01 -3.886711e-01
 2.690168e-01 -8.022972e-01 -6.507423e-01  4.379731e-01
 1.594453e-01 -5.779159e-01  3.606319e-01 -9.115372e-01
-6.369313e-01 -9.322402e-01  1.225739e-01  8.141538e-02
 2.999195e-01 -4.566189e-01  1.706292e-01  1.015335e+00
 2.649852e-02 -8.049898e-01  6.787891e-01 -4.620410e-01
 5.453519e-02 -7.529294e-01  6.266506e-01  5.804656e-01
 5.727715e-02 -5.985571e-01  9.665342e-01  1.182715e-01
-1.847201e-01 -4.041314e-01 -9.277542e-01 -5.065282e-01
 1.816411e-02 -3.414683e-01 -1.006402e+00  4.420380e-01
-1.938922e-01 -7.037810e-01 -2.134151e-01 -8.631415e-01
-7.297515e-01 -7.554009e-01 -4.710197e-01  1.670280e-01
-2.759276e-01 -3.841107e-01 -1.888787e-01  1.041996e+00
-9.309175e-01 -6.184328e-01 -6.230899e-02 -2.971205e-01
-9.753980e-01 -5.049055e-01  5.273795e-02  3.472669e-01
-3.710158e-01 -3.604555e-01  3.777685e-01 -9.777467e-01
-8.644006e-01 -5.234318e-01  5.567645e-01 -4.561984e-02
-2.318098e-01 -4.676709e-01  4.059489e-01  9.386962e-01
-4.737156e-01 -4.392803e-01  8.780526e-01 -4.277204e-01
-4.741583e-01 -3.368713e-01  9.739503e-01  2.608977e-01
 1.775554e-01  2.680424e-01 -5.442586e-01 -9.706858e-01
-6.474158e-01  3.994279e-01 -8.602115e-01  4.165813e-02
 1.645182e-01  1.352826e-01 -7.495232e-01  8.389915e-01
-7.457294e-01  2.164813e-02 -7.853211e-01 -3.818294e-01
-8.202682e-01  1.922203e-01 -6.193883e-01  4.838444e-01
 1.562209e-02 -1.101116e-01 -2.834075e-02 -3.137853e-01
-2.295955e-01 -2.053706e-01  7.221739e-02  1.742936e-02
-2.797980e-01 -2.121638e-01 -4.073934e-02  5.747801e-01
-6.793367e-01  1.902573e-01  2.419425e-01 -8.767522e-01
-7.064239e-01 -1.914721e-01  2.121236e-01  8.652044e-01
 1.959039e-01  3.103770e-01  9.284021e-01 -6.068100e-01
-5.804165e-01  2.592586e-03  2.326340e-01 -3.198774e-01
 2.878484e-01  3.555532e-01  8.408450e-01  6.663720e-01
 8.797915e-02  7.632657e-01 -7.221975e-01 -5.088096e-01
 1.911203e-01  6.652052e-01 -7.601919e-01  5.163952e-01
-2.489762e-01  6.107617e-01 -3.463301e-01 -8.457080e-01
-1.042432e+00  4.012739e-01 -3.450553e-01 -2.486872e-02
-3.500743e-01  5.328645e-01 -6.142732e-01  7.530645e-01
-6.586415e-01  1.247944e-01 -1.679145e-01 -1.076098e-01
-6.094176e-01  1.267062e-01 -5.250496e-02  3.649997e-01
 4.064448e-01  5.327967e-01  4.717897e-01 -7.792587e-01
-6.277218e-01  7.568079e-02  3.052278e-01  1.094441e-01
 3.727591e-01  4.801764e-01  2.883964e-01  9.385582e-01
 1.633749e-01  5.155236e-01  1.034713e+00  1.632986e-02
-1.779864e-01  1.981697e-01  1.032039e+00  3.627068e-01
 2.300231e-01  1.020694e+00 -4.887744e-01  1.250245e-01
-1.891270e-01  1.031749e+00 -2.725097e-01 -4.035560e-01
-1.582750e-01  9.457438e-01 -2.974560e-01  5.403285e-01
 1.995154e-01  1.009420e+00  2.460916e-01 -4.821371e-01
-7.230078e-01  8.900338e-01 -7.368900e-02 -6.768994e-02
 2.149548e-01  9.548804e-01  1.330752e-01  6.028664e-01
-8.977375e-02  7.500294e-01  7.484737e-01 -4.292123e-01
-1.448750e-01  6.435722e-01  6.091727e-01  7.206291e-01
 1.219886e-01  9.558784e-01  6.201618e-01  1.802070e-01
 8.650167e-01 -7.117863e-01  2.731485e-01  8.818072e-02
 7.751232e-01 -3.360149e-01 -6.351908e-01 -4.510697e-01
 7.346877e-01 -3.793969e-01 -3.307848e-01  7.106422e-01
 1.917799e-01 -9.712341e-01  1.850575e-02 -6.147313e-01
 3.504196e-01 -1.096218e+00 -1.005820e-01  2.414675e-02
 8.243515e-02 -8.277901e-01 -1.883773e-01  7.614302e-01
-1.252431e-01 -1.097669e+00  1.998350e-01 -2.040205e-01
-9.925574e-02 -1.056428e+00  2.105266e-01  4.060768e-01
 9.428004e-01  3.881453e-02  1.509173e-01 -6.293709e-01
 3.270542e-01 -9.861205e-01  5.099540e-01  4.574715e-02
 9.081975e-01 -1.271706e-02  6.222536e-01  3.635620e-01
 5.236488e-01 -5.396863e-01  8.494848e-01 -2.115613e-01
 5.967191e-01 -5.437764e-01  7.123832e-01  4.257535e-01
 3.072658e-01 -5.486831e-01 -5.907483e-01 -7.950759e-01
-2.211607e-01 -7.306234e-01 -8.782703e-01 -5.260786e-03
 2.367675e-01 -3.893459e-01 -5.386609e-01  9.202135e-01
-4.438558e-01 -9.648462e-01 -2.861611e-01 -3.769351e-01
-3.258754e-01 -6.825196e-01 -6.429279e-01  6.040010e-01
-6.567447e-01 -3.842988e-01 -1.691396e-01 -8.565698e-01
-3.777324e-01 -5.157509e-01 -3.216656e-01 -7.044749e-02
-2.442280e-01 -5.614742e-01 -2.041973e-01  3.131872e-01
-4.190602e-01 -4.612723e-01  3.580046e-01 -1.681318e-01
-5.676412e-01 -6.587606e-01  5.548705e-01  5.183590e-01
 7.297598e-02 -2.999564e-01  8.748350e-01 -6.795294e-01
-6.584522e-02 -4.677887e-01  4.789742e-01  7.449368e-02
 3.249984e-02 -2.644734e-01  8.799604e-01  7.106976e-01
 3.453603e-01  2.019375e-01 -1.045654e+00  2.915746e-01
 2.869630e-01  3.187454e-01 -1.015392e+00 -2.984275e-01
-2.236436e-01 -1.244580e-02 -1.142948e+00 -1.085496e-01
-2.763083e-01 -1.883639e-01 -6.027982e-01 -9.320295e-01
-5.084054e-01 -1.448107e-01 -4.569556e-01 -1.792111e-01
-3.764518e-01 -1.263158e-01 -7.165775e-01  8.127612e-01
 4.825583e-01  1.755403e-01  8.510159e-02 -1.028265e+00
-4.461104e-01 -6.245360e-02 -1.496951e-01 -4.857794e-01
-5.302168e-01 -2.311559e-01 -2.602424e-01  2.724110e-01
 8.904273e-01  3.109184e-01  1.475734e-01  6.610290e-01
 6.245380e-02  6.244761e-02  4.943179e-01 -1.046020e+00
-6.568478e-01 -2.973924e-01  1.491272e-02 -4.639472e-02
-8.185559e-02  1.020660e-01  3.531894e-01  1.108747e+00
-2.528885e-01 -2.080568e-01  4.424243e-01 -4.942727e-01
-4.855501e-01 -3.168881e-01  2.367007e-01  3.339576e-01
 6.840984e-01  3.882975e-01  8.176825e-01  1.411267e-01
 1.056270e+00  1.603752e-01 -3.203012e-01 -3.011104e-01
-9.256006e-02  6.479668e-01 -9.579191e-01 -4.008845e-04
 1.035314e+00  2.141425e-01 -3.364493e-01  3.366523e-01
-2.280754e-01  4.885163e-01 -4.520291e-01 -2.667952e-01
-1.674491e-01  4.202686e-01 -5.222620e-01  2.471256e-01
-1.797082e-01  6.187506e-01  3.860609e-01 -8.950952e-01
 7.946935e-02  1.391554e-01  2.214893e-01  1.900272e-01
-3.040856e-01  1.319894e-01  1.729091e-01  6.473362e-01
-3.205837e-01  3.038034e-01  3.159579e-01 -4.765637e-01
-3.285483e-01  3.326372e-01  4.523004e-01  3.480313e-01
 8.347238e-01  3.110965e-01  5.979847e-01 -4.165125e-01
-3.021904e-01  3.005237e-01  5.462008e-01 -8.247041e-02
 1.016612e+00  5.025735e-01  2.727609e-01  4.935093e-02
 6.627315e-01  4.824398e-01 -5.895696e-01 -5.572486e-01
 6.865018e-01  7.604301e-01 -2.311924e-01  5.006797e-01
 2.782568e-01  6.955085e-01 -1.124710e-01 -8.816129e-01
-5.215780e-01  3.943374e-01 -3.269513e-01  8.610449e-02
 2.915444e-01  5.898435e-01 -3.091586e-01  9.007033e-01
-4.238690e-01  3.441194e-01 -1.111740e-01 -4.175426e-01
-3.588409e-01  5.109854e-01  1.477796e-02  3.664521e-01
 8.122671e-01  6.392069e-01  5.990084e-02 -5.511602e-01
-5.229025e-01  4.599453e-01  1.740240e-01 -6.388054e-02
 6.071860e-01  7.099731e-01  4.877160e-01  4.563121e-01
 5.344468e-01  7.819651e-01  6.226093e-01 -2.305632e-01
 1.126839e-01  3.798456e-01  5.725716e-01  2.586539e-01
 5.907561e-01  1.000728e+00  1.221528e-01  4.903978e-02
 1.003815e+00 -3.512469e-01 -4.372389e-01  1.252936e-01
 6.588154e-01 -8.261835e-01 -2.654102e-01 -3.800368e-01
 7.273744e-01 -7.899364e-01 -2.783061e-01  2.976101e-01
 6.446355e-01 -4.692233e-01 -1.942115e-02 -8.505015e-01
 4.217993e-01 -5.259208e-01 -9.535476e-02 -1.301181e-01
 9.012578e-01 -3.529972e-01  1.768345e-01  6.181806e-01
 6.080648e-01 -7.752984e-01  3.690219e-01 -4.673550e-01
 4.992458e-01 -8.507918e-01  1.910295e-01  5.793436e-01
 9.594422e-01 -2.371717e-01  5.632492e-01 -2.092239e-01
 7.961826e-01  6.567390e-02 -8.407302e-01 -8.172257e-02
 6.111703e-01 -2.953010e-01 -8.308717e-01  4.153138e-01
 6.933549e-01  1.066729e-02 -3.965350e-01 -8.303137e-01
 5.154534e-01 -7.250606e-01 -7.367215e-01 -8.114750e-02
 5.562852e-01  3.036863e-02 -9.591683e-02  1.017491e+00
 1.818679e-03 -6.816355e-01 -8.798703e-02 -1.844289e-01
 1.025858e-01 -5.831162e-01 -4.551688e-01  4.726615e-02
 6.044486e-01 -1.917304e-01  6.029042e-01 -7.718579e-01
-2.072202e-01 -6.328745e-01  1.333916e-01  1.055025e-01
 5.202793e-01 -8.743673e-02  5.573601e-01  8.783136e-01
 5.263281e-01  8.832564e-03  9.511241e-01 -2.651390e-01
 4.059670e-01 -8.544560e-02  1.033625e+00  2.975507e-01
 3.005490e-01 -5.775526e-02 -8.873064e-01 -6.641061e-01
 1.428119e-01  4.478975e-02 -6.854887e-01  1.701935e-02
 6.916990e-01  2.223215e-01 -6.114634e-01  6.605587e-01
 1.694927e-01 -2.906831e-01 -5.626898e-01 -3.164551e-01
-1.596011e-01 -2.821666e-01 -6.518680e-01  7.841843e-02
 1.271479e-01 -2.667365e-01 -1.530922e-01 -1.110093e+00
 3.645676e-02 -2.237356e-01 -2.249685e-01 -2.470120e-02
 1.340878e-01 -1.674167e-01 -5.414978e-02  7.039902e-01
 3.262775e-02 -5.192828e-01  2.563189e-01 -3.982377e-01
-3.666801e-02 -4.779437e-01  2.145592e-01  4.974773e-01
 3.906703e-01  1.213516e-01  3.788870e-01 -4.266416e-01
-3.687917e-01 -1.257930e-01  6.600456e-01 -6.654194e-02
 4.575024e-01  1.360166e-01  3.912314e-01  4.235415e-01
-1.476415e-01  8.955124e-02 -4.372375e-01 -5.479023e-01
 1.472991e-01  4.054482e-02 -5.768811e-01  3.888730e-01
-1.861131e-01 -1.519480e-01  3.909803e-02 -7.043029e-01
-2.040993e-01  1.235199e-01 -6.635836e-01 -1.960140e-01
-2.127649e-01  1.371067e-01 -3.131057e-01  5.922922e-01
-1.760446e-01 -3.962884e-01 -4.083373e-01 -4.522469e-01
-3.908049e-01  1.783079e-02 -5.368078e-01  2.570806e-01
 1.643580e-01  4.416966e-01  4.823403e-01 -2.095814e-01
-3.685277e-01 -4.832209e-01  1.106910e-03 -4.109989e-01
 5.086908e-02 -1.641340e-02  4.365680e-01  6.033597e-01
 2.142849e-04  1.373849e-01  5.133921e-01 -4.848805e-01
-2.785653e-01 -1.302799e-01  5.165479e-01  3.561304e-01
 6.406228e-01  6.301227e-01 -7.551992e-01  6.840990e-02
 4.409227e-01  9.174056e-01 -2.970866e-01 -3.582691e-01
 2.024171e-01  6.542971e-01 -1.149282e-01  6.012333e-02
 8.337325e-01  6.113422e-01 -2.577028e-01 -5.594317e-02
-2.036187e-01  6.753450e-01 -1.462933e-01 -1.093600e-02
 5.144270e-01  4.351170e-01  8.826006e-02  2.617930e-01
-3.681824e-02  6.159295e-01  9.202129e-02 -4.278862e-01
 8.840153e-02  5.877399e-01  2.168702e-01  3.214029e-01
 4.083377e-01  5.564800e-01  1.516344e-01 -1.826044e-01
 1.141242e+00 -8.088336e-02  1.208209e-01  1.196667e-01
 1.012110e+00 -4.324681e-01 -4.338607e-02 -3.428269e-01
 6.408725e-01 -3.129607e-01 -1.035591e-02  1.215663e-01
 5.294153e-01 -2.255804e-01  4.629833e-01  6.704993e-02
 6.013949e-01  8.992604e-02 -4.070927e-01  9.490859e-02
 5.707528e-01 -1.491659e-01 -1.915916e-01 -3.423331e-01
 3.615934e-01 -2.966024e-01 -3.336428e-01  4.001619e-01
 7.285511e-01  1.259631e-01  9.136322e-02 -1.089172e-01
 2.828380e-01 -5.817855e-01  2.809769e-01  2.658063e-02
 6.238046e-01 -5.629871e-03 -1.972285e-02  3.584252e-01
 5.238616e-01 -3.023780e-01  2.603276e-01 -3.482567e-01
 3.896264e-01 -3.255735e-01  2.515962e-01  4.835709e-01
 4.890772e-01  1.986880e-01  4.273193e-01 -5.349219e-03
 3.713161e-01  1.282128e-01 -5.036386e-01 -3.128429e-01
 3.786470e-01  4.120619e-01 -3.751401e-01  2.953347e-01
 2.032075e-01 -4.148892e-02 -2.727070e-01 -6.293999e-01
 4.513850e-01 -2.744290e-01 -4.748294e-01  1.364401e-02
 3.692748e-01  1.461129e-01 -1.794952e-01  5.831144e-01
 2.296204e-01 -4.609957e-01 -1.499362e-01 -5.187047e-01
 2.313654e-01 -6.183809e-01 -8.989551e-02  3.085110e-01
 4.766168e-01  2.781757e-01 -4.121533e-02 -4.895094e-01
 1.519301e-01 -2.854303e-01  5.712493e-01 -2.693614e-01
 1.066036e-01  2.791042e-01  1.363029e-01  6.244274e-01
 8.698007e-02  7.103894e-02  6.983174e-01 -3.331913e-02
 1.393260e-01 -2.060517e-01  5.960695e-01  2.456325e-01
 2.014338e-01  4.860474e-01 -5.122501e-01 -6.226294e-02
 1.650342e-01  4.347865e-01 -2.963121e-01 -4.477224e-01
-5.824032e-02 -2.949929e-01 -4.268760e-01  4.854385e-01
 8.232294e-03  2.565774e-01  5.867342e-02 -6.765011e-01
-1.577952e-01  1.022911e-01 -2.641647e-01 -8.695065e-02
-2.268899e-01  1.513499e-01  1.108950e-02  1.791714e-01
 2.479979e-01 -1.444300e-01  2.017406e-01 -6.464756e-01
 1.351685e-01 -1.867067e-01  6.396707e-02  2.355021e-01
-1.264099e-01  6.209524e-01  2.990877e-01 -2.454034e-02
 3.853221e-01  2.174292e-01 -1.410541e-01 -7.574991e-02
 6.444002e-03  2.953320e-01  1.259401e-02 -1.836882e-01
 1.229206e-02  4.701759e-01 -2.068393e-01  4.719453e-01
-1.315271e-01  4.857657e-03  2.775985e-01 -1.273768e-01
 2.700599e-01 -8.176810e-02  1.355897e-01 -9.443436e-02
