-9.797268e-01 -5.353056e-01 -3.532185e-01 -2.684526e-01
-1.013010e+00 -2.735869e-01  2.334073e-02  5.791767e-01
-5.615019e-01 -2.850860e-01  1.004270e+00 -1.665474e-02
-1.083959e-01 -3.447763e-01  4.970417e-01  3.524048e-01
-6.394314e-01  8.544543e-01 -3.728167e-01 -4.222273e-01
-6.020285e-01  4.217881e-01 -1.955249e-02  4.115362e-01
-6.419271e-01  6.019362e-01  7.833438e-01 -1.933392e-01
-5.301725e-01  4.737962e-01  4.014967e-01  1.405642e-01
 1.050034e+00 -4.802590e-01 -1.177313e-01 -2.129635e-01
 8.546603e-01 -9.733193e-02 -4.834714e-01  6.514905e-01
 8.033530e-01 -5.008627e-01  7.280065e-01  1.363988e-01
-6.585061e-01 -3.604276e-02  1.608457e-01 -3.910437e-01
 6.507657e-01  3.697120e-01  2.497557e-01 -2.594011e-01
 1.445185e-01  7.558960e-01 -4.571343e-02 -5.351647e-02
 9.890544e-02  2.625326e-01 -1.125053e-02  4.642705e-01
-6.870726e-01  2.567102e-01  3.185993e-01 -2.507961e-01
-8.404313e-01 -1.299723e-01 -5.244778e-01 -6.553355e-01
-7.432098e-01 -3.260105e-01 -4.827133e-01  7.349717e-01
-8.284101e-01 -2.189892e-01  6.849034e-01 -4.553681e-01
-8.022331e-01 -4.735046e-01  4.818316e-01  5.738507e-01
-1.130577e+00  3.462460e-01 -1.331340e-01 -1.098631e-01
-9.771543e-01 -4.883014e-01 -3.936386e-01  2.835295e-01
-1.013979e+00 -4.583050e-01  2.310452e-01 -4.055491e-01
-6.323920e-01 -3.064870e-01 -1.038726e-01 -4.202473e-01
 1.115085e+00  2.296880e-01 -3.298872e-01  5.425436e-02
 8.519479e-01 -6.192728e-01 -2.734576e-01  5.046517e-01
 5.082171e-01 -1.917385e-01  5.354644e-01 -2.937346e-01
 7.064187e-01 -2.026194e-01  4.149230e-01  8.489800e-01
 6.997987e-01  6.725727e-01 -2.239283e-01 -6.621100e-01
 6.631213e-01  6.401189e-01 -1.057900e-01  7.454228e-01
 8.228689e-01  3.188889e-01  8.164728e-01  1.156089e-01
 1.002791e+00  2.810969e-01 -1.939872e-01  5.443622e-01
-1.070753e-02 -1.020011e+00 -4.614075e-01 -4.295500e-01
-2.297398e-01 -5.765575e-01 -4.792607e-01  2.816406e-01
 8.236233e-02 -6.538069e-01  4.458877e-01 -1.793712e-01
-1.543921e-01 -3.677385e-01  3.145026e-02  3.312377e-01
-1.498092e-02  9.896660e-01 -5.846521e-01 -3.872830e-01
-1.145060e-01  9.231355e-01 -5.555209e-01  5.302842e-01
 1.291164e-01  1.009094e+00  4.450822e-01 -4.780079e-01
 9.495224e-03  6.174782e-01  7.057466e-01  7.470237e-01
 3.135025e-01 -5.202468e-01 -4.019023e-01 -4.058317e-01
-2.272781e-02 -4.359503e-01 -2.186878e-01  6.374916e-02
-2.794410e-02 -4.377058e-01  7.639676e-03 -1.607170e-01
-1.421772e-01 -5.574929e-01  2.370387e-01  7.945762e-02
 2.518822e-01  6.789091e-01 -3.122373e-01 -2.914917e-01
-5.936227e-02  7.370268e-01 -2.105994e-01  2.497105e-01
 2.243745e-01  6.891806e-01  1.090745e-01 -3.939068e-01
-4.625000e-01  9.639852e-01 -5.498805e-01  1.075100e-01
-2.290369e-01 -1.576258e-01 -1.078060e+00 -4.326715e-01
 4.316493e-02 -2.123640e-01 -1.018547e+00  5.705181e-01
-2.169180e-03  9.655029e-02  9.844070e-01 -6.390939e-01
 1.077166e-01 -2.728458e-01  7.263596e-01  9.246516e-01
-1.966503e-01  3.959522e-01 -9.139255e-01 -6.287911e-01
 1.619396e-01  1.409435e-01 -6.242085e-01  4.962523e-01
-4.950434e-01  1.786284e-02  7.403067e-01 -7.849795e-01
-1.490435e-01 -1.437716e-02  1.151009e+00  2.798285e-01
 3.799484e-01  1.766764e-02 -6.292014e-01 -2.816454e-01
-1.142708e-01 -2.109436e-01 -4.130269e-01  3.799037e-01
 4.737849e-01 -1.371449e-01  8.524623e-01 -6.846034e-01
 1.241742e-01 -5.694529e-02  7.828801e-01  1.611223e-01
-2.100376e-01  3.470903e-01 -6.955946e-01 -8.993879e-02
-1.326861e-01  1.111118e-01 -4.600680e-01  7.309953e-02
 2.452535e-01  6.159255e-01  7.934846e-01 -6.248266e-01
-2.861591e-01 -1.769614e-01  7.231656e-01  1.663578e-01
-6.321085e-02 -6.053069e-01  1.615447e-01 -1.034464e+00
-9.771340e-02  2.577299e-01  2.765976e-03  1.162310e+00
-2.542050e-01 -8.905520e-02  4.065827e-01 -1.105852e+00
-1.729561e-01 -3.202319e-01  2.392667e-01  1.111867e+00
-1.926865e-01  4.916715e-01  1.285694e-01 -5.151334e-01
-6.643878e-01  5.483076e-01  4.676959e-02  8.377632e-01
-5.169688e-02  5.336658e-01  4.339811e-01 -4.940594e-01
-3.342644e-02  5.578499e-01  4.814225e-01  3.421889e-01
-9.875656e-02 -3.836604e-02 -3.294634e-01 -7.485001e-01
 4.760460e-01  1.216102e-01  1.677669e-01  6.291522e-01
 6.312312e-02 -1.249543e-01  1.612953e-01 -7.772176e-01
 1.840676e-01 -2.359321e-01  1.658585e-01  3.765535e-01
-1.687365e-01  1.468424e-01  7.244783e-02 -7.823005e-01
-2.763929e-01  2.746613e-01 -2.276295e-02  7.031457e-01
-2.378638e-01 -2.080580e-01  1.531187e-01 -3.863117e-01
-1.020072e-01 -1.201973e-01 -2.001957e-02  8.083875e-01
-5.886523e-01 -8.311553e-01 -4.697008e-01 -4.529770e-01
-5.881516e-01 -4.150974e-01 -1.653092e-01  3.744856e-01
-9.193915e-01 -4.479150e-01  6.263952e-01  2.914764e-02
-3.688745e-01 -6.330297e-01 -3.329407e-01 -1.319389e-01
-9.034879e-01  4.159864e-01 -5.112621e-01 -4.133969e-01
-1.067455e+00  4.340985e-02 -3.770426e-01  3.532236e-01
-6.181334e-01  4.970393e-01  5.451176e-02 -3.547907e-02
-7.363276e-01  2.922186e-01 -2.340704e-01  1.625252e-01
 5.619492e-01 -4.935412e-01 -1.677979e-01 -2.241856e-01
 1.057195e+00 -2.897473e-01 -4.204900e-01  1.811040e-01
 6.334037e-01 -4.056175e-01  2.003657e-01 -2.686655e-01
 9.868283e-01 -5.971592e-01  2.206246e-01  2.666034e-01
 5.590297e-01  4.955848e-01 -1.371169e-01 -2.713025e-01
 6.357832e-01  4.155514e-01 -3.507417e-02  3.014962e-01
 4.423513e-01  7.106728e-01  8.637714e-01 -1.276123e-01
 4.016086e-01  5.657223e-01  4.514680e-01  1.350300e-01
-2.820358e-01 -2.740615e-02 -5.091123e-01 -4.735463e-01
-6.325780e-01 -6.960130e-03 -3.733344e-01  2.682929e-01
-4.865463e-01  1.289613e-01  1.023823e+00 -3.582691e-01
-1.792995e-01  6.840811e-02  2.876523e-01  3.815801e-01
-5.400144e-01  5.378657e-01 -4.218980e-01 -5.780942e-02
-7.753841e-01 -5.848605e-02 -1.869983e-01 -1.116529e-01
-4.849428e-01  1.827388e-01  5.860783e-01 -1.660768e-02
-6.104645e-01 -9.038413e-02  5.038998e-01  8.631508e-02
 6.870895e-01  3.991221e-02 -3.595012e-01  2.561618e-01
 5.324893e-01 -4.440065e-01 -3.803812e-01  1.862344e-01
 2.320527e-01 -3.601418e-02  7.479901e-01 -2.523005e-01
 6.173705e-01 -3.376769e-01  3.497409e-01  3.620558e-01
 6.790737e-01  1.303493e-01 -4.432377e-01 -1.314802e-01
 3.795866e-01 -1.221972e-01 -2.917591e-01  3.622404e-02
 5.280209e-01  7.738025e-02  2.345525e-01 -8.559400e-02
 5.267878e-01  2.222464e-01  5.954326e-01 -1.487868e-01
-5.583211e-01  2.375569e-02 -1.777029e-01 -6.144870e-01
-6.232150e-01  1.222589e-02  4.305524e-02  5.459554e-01
-4.869316e-01 -1.229513e-01  5.444964e-01 -3.124123e-01
-5.939836e-01 -4.345609e-01  2.534260e-01  2.518863e-01
-2.954365e-01  1.927950e-01 -4.350134e-02 -3.193232e-01
-7.485422e-01 -1.528897e-01 -7.344238e-03  2.457486e-01
-6.917553e-01  2.744172e-01 -1.342600e-01 -2.982378e-01
-6.154604e-01  1.572342e-01  3.417584e-01  3.643439e-01
 2.478888e-01 -1.885270e-01 -1.544967e-01 -3.907642e-01
 2.520197e-01 -2.858978e-02 -1.032454e-01  3.415721e-01
 1.013972e-01 -1.128212e-01  4.940289e-01 -4.771025e-01
 5.682725e-01 -2.268282e-01  2.897381e-02  4.850647e-01
 3.444324e-01  1.468894e-01 -1.799066e-01 -2.936082e-01
 5.395567e-01  1.234453e-01 -2.010018e-01  5.281997e-01
 4.078124e-01 -6.046945e-02  1.486026e-01 -3.255710e-01
 3.789358e-01  1.879192e-01  1.027817e-01  2.339261e-01
-7.608213e-02 -3.141055e-01 -3.005305e-01 -2.615705e-01
-2.860313e-01 -1.558316e-01 -4.185411e-01 -3.790757e-02
 2.391592e-02 -2.277379e-01  3.991134e-01 -1.844678e-02
-3.642826e-01 -1.942886e-01  2.406427e-01  1.390355e-01
-1.975372e-01  7.802261e-01 -2.651647e-01 -2.118294e-01
-7.189997e-02  3.899390e-01 -2.748123e-01  1.170580e-01
-8.062941e-02  4.179100e-01  2.312052e-01 -9.226644e-02
-7.461868e-02  1.497593e-01  5.075412e-01  1.396793e-01
 7.829110e-02 -1.334615e-01 -4.399119e-01  3.020962e-02
 7.537116e-01 -2.624400e-01 -1.229779e-01  1.610581e-01
 1.990986e-01 -4.201496e-01  1.141633e-01  1.036616e-01
 3.216519e-01 -1.290234e-01  3.800439e-01  7.227192e-02
 1.628318e-01  2.858990e-01 -3.663950e-01 -1.057936e-01
 2.293436e-01  4.016670e-01 -1.112772e-01  1.425221e-01
 5.447218e-02  3.143882e-01  6.812267e-01 -3.258195e-01
 1.339632e-01  3.171267e-01  2.879853e-01  1.462974e-01
-1.610076e-01 -1.121609e-01 -8.161919e-02 -4.905109e-01
-5.507392e-02 -6.309122e-02 -3.484502e-02  5.014720e-01
-3.487091e-01 -3.009658e-01  1.347158e-01 -1.293634e-01
-3.401397e-01 -3.412382e-01 -1.405046e-01  7.610787e-02
 7.141245e-02  4.005116e-01 -9.840718e-02 -2.741180e-01
-3.246973e-01  3.141358e-01 -9.780248e-02  2.278990e-01
-1.930322e-01  4.782060e-01 -6.348126e-02 -9.640499e-02
-7.015580e-02  3.577468e-01  9.518215e-02  2.794827e-01
 1.070097e-01 -3.156122e-02 -3.532584e-01 -2.714371e-01
 1.572105e-01 -2.796092e-01 -1.993836e-01  2.607471e-01
 6.017566e-02 -1.724633e-01  1.680783e-01 -3.162132e-01
 2.737289e-01 -3.254995e-01 -1.345740e-01 -1.298372e-01
 4.330822e-02  1.135263e-01  1.171675e-02 -4.440691e-01
 1.873340e-01  3.128644e-02  3.322981e-01  3.398082e-01
 2.307381e-01  2.557823e-01  2.124841e-01 -3.359749e-01
 3.097477e-01  4.210977e-01  1.249280e-01 -7.248995e-02
-3.754162e-01 -1.125782e-01 -1.831045e-01 -2.174959e-01
-5.834629e-02  1.454937e-01 -2.849950e-01  3.717715e-01
-3.671499e-01  2.512642e-01  5.830368e-01 -3.849556e-01
-1.868245e-01 -1.026818e-01  4.262022e-01 -1.020277e-01
-3.861745e-01  2.311981e-01 -2.816941e-01 -5.823806e-02
-3.669815e-01  3.010182e-02  1.347818e-02  3.199129e-01
-6.434727e-02  1.708356e-01  3.392122e-01 -3.018442e-01
-3.120414e-01  2.305781e-01  2.384302e-01  6.785994e-02
-1.213845e-01  1.873544e-01 -3.293225e-01 -2.959278e-01
-2.969992e-01 -8.330243e-02 -2.171322e-01  2.523662e-01
-3.138114e-01  1.139637e-01  2.232281e-01 -2.122830e-01
-6.414494e-02 -1.223447e-01  1.909893e-01  1.904057e-01
 4.559230e-01  1.268762e-01 -1.333571e-01 -3.341497e-03
 2.258649e-01  1.305053e-01 -3.580084e-01  2.057580e-01
 1.931468e-01  1.284506e-01  4.299030e-01 -9.969133e-02
 1.586892e-01  1.639142e-02  7.025579e-02 -3.966938e-02
-1.059738e+00 -8.121952e-02 -1.373572e-01 -5.095533e-01
-1.071900e+00  3.495414e-01  5.553358e-02  4.146599e-01
-1.087245e+00 -4.967353e-02  4.098557e-01  2.540662e-01
-1.009888e+00 -6.049241e-01  1.460127e-01  1.390031e-01
-1.016495e+00  5.263197e-01  3.801763e-01 -3.028183e-02
-1.181271e+00 -1.744220e-01 -4.851412e-02  1.588150e-02
-7.603629e-01 -2.246227e-01  2.539571e-01 -9.646461e-02
-4.920238e-01  4.718514e-02  2.405516e-02 -1.315375e-02
 1.146751e+00  3.732859e-02 -1.898630e-02 -3.683201e-01
 1.085492e+00  4.138927e-01  2.004277e-01  2.367368e-01
 1.019257e+00 -8.803078e-02  5.379346e-01  3.400675e-01
 1.177308e+00 -1.145764e-01  6.829244e-02  1.355092e-01
 8.516172e-01  7.029502e-01  4.872373e-01 -6.935258e-02
 8.077474e-01  2.216785e-01 -2.373978e-02 -6.093996e-02
 7.720167e-01 -1.500171e-01  3.296637e-01  3.879330e-03
 4.532811e-01 -1.965107e-01  6.767028e-02  9.336357e-02
 6.290065e-02 -1.047751e+00  9.323753e-02 -5.647221e-01
-5.071776e-02 -9.801970e-01 -3.919232e-01  5.420378e-01
-2.611075e-01 -1.056112e+00  3.780826e-01 -2.047287e-01
-3.041863e-01 -1.123695e+00  2.391201e-02  3.099974e-01
 2.602467e-01  9.575991e-01 -1.631134e-01 -6.717322e-01
 1.138938e-01  9.254608e-01 -7.181906e-02  7.446755e-01
-1.206596e-01  1.124551e+00  4.175634e-01  4.015128e-02
-8.559313e-02  1.141999e+00 -2.813014e-02  2.999557e-01
 1.816674e-01 -1.175532e+00  1.707201e-01  9.562715e-03
 1.419016e-01 -1.130662e+00 -3.431433e-01  8.200716e-02
-3.293423e-02 -8.297433e-01 -5.266328e-02 -9.948004e-02
-6.162560e-02 -8.182994e-02 -6.642869e-02 -1.460807e-02
 4.221311e-01  1.042278e+00  4.036719e-01  6.801311e-03
 9.378578e-02  1.096095e+00 -4.579412e-01  7.506352e-02
 1.333535e-01  1.165369e+00 -2.192463e-02 -2.101598e-01
-3.048930e-02  1.228323e-01 -3.874244e-02 -6.369009e-03
 1.870437e-01 -4.618488e-01 -1.042927e+00 -3.231886e-01
-3.693453e-01 -5.366310e-01 -8.849390e-01  4.697519e-01
 1.847645e-01 -5.403694e-01  9.560983e-01 -4.502386e-01
 6.340229e-02 -7.269213e-01  7.494156e-01  5.642663e-01
 1.531164e-01  6.137419e-01 -9.470577e-01 -2.978288e-01
-4.327819e-01  3.245585e-02 -1.075489e+00  2.871072e-01
-5.775809e-02  4.527794e-01  1.103003e+00 -1.826779e-01
-5.115426e-01  2.917361e-01  1.023468e+00  1.529095e-01
 6.012229e-01 -1.217815e-01 -1.016731e+00 -8.087689e-02
 3.284021e-01 -4.963614e-01 -1.012157e+00  1.865755e-01
 3.713411e-01  2.105773e-01  1.106352e+00  1.714887e-01
-9.132941e-02 -4.971276e-01  1.053179e+00  8.922510e-02
-6.545535e-03  2.985100e-01 -1.067740e+00  4.130160e-01
 1.378328e-01 -6.149429e-02 -1.171099e+00  5.676776e-02
 6.841734e-04 -1.085685e-01  1.179158e+00 -2.095305e-01
-1.658440e-01  1.144612e-01  8.053903e-01 -5.615419e-02
 2.013652e-02 -4.225333e-01 -4.120590e-01 -1.042303e+00
 1.309662e-01 -5.026064e-01 -1.517516e-01  1.056215e+00
 2.550768e-01 -2.568762e-01  4.944606e-01 -1.005517e+00
 2.418551e-01 -6.237019e-01  3.534084e-01  9.379138e-01
-1.549275e-01  2.334054e-01 -5.576680e-01 -1.014687e+00
 5.100843e-02  1.713057e-01 -7.635176e-01  9.280631e-01
-3.730623e-01  4.078445e-01  4.291795e-01 -9.556644e-01
-1.051726e-01  1.881310e-01  5.369002e-01  1.049317e+00
 5.523884e-01 -3.510836e-01 -4.483640e-01 -8.910243e-01
 3.552048e-01 -3.016249e-01 -6.468213e-01  9.047022e-01
 4.511593e-01 -3.241393e-01  3.293821e-02 -1.063347e+00
 2.978970e-01 -6.438838e-02  2.295250e-01  1.135590e+00
 3.166825e-01  5.488207e-01 -1.935039e-01 -9.790247e-01
 2.056146e-01  5.573196e-01 -3.527159e-01  1.001499e+00
-9.439194e-02 -9.987111e-02 -6.244482e-02 -1.175889e+00
 1.965967e-01 -4.343396e-03 -3.049546e-01  1.139321e+00
-6.394176e-01 -6.825153e-01 -7.293035e-01  5.040473e-02
-6.286248e-01 -3.254648e-01 -4.375616e-01  2.548555e-02
-6.520473e-01 -7.448563e-01  5.931979e-01 -3.349027e-01
-4.916848e-01 -6.800913e-01  7.849398e-01  3.061171e-01
-6.690985e-01  2.004511e-01 -9.500130e-01 -2.537844e-01
-5.076966e-01  5.449731e-01 -9.031901e-01  2.303396e-01
-4.448821e-01  8.727709e-01  4.445707e-01 -5.427995e-01
-4.157230e-01  7.564674e-01  7.682434e-01  3.190520e-01
 3.973439e-01 -8.553392e-01 -7.092682e-01 -2.281737e-01
 4.806651e-01 -8.759677e-01 -5.834806e-01  2.927662e-01
 6.427855e-01 -6.232857e-01  6.948583e-01 -3.737330e-01
 3.191649e-01 -7.762006e-01  8.568471e-01  6.999077e-02
 6.990926e-01  2.888615e-01 -8.520132e-01 -3.497202e-01
 4.521415e-01  8.232475e-01 -7.238224e-01  1.012588e-01
 7.521237e-01  4.080247e-01  6.918556e-01 -5.227975e-01
 5.354110e-01  5.739801e-01  7.738302e-01  4.883307e-01
-4.314374e-01 -8.594109e-01  1.693388e-01 -6.847808e-01
-5.602388e-01 -7.983165e-01 -4.555277e-01  5.418814e-01
-5.361924e-01 -4.439616e-01  2.698370e-01 -4.180577e-01
-2.499614e-01 -8.029702e-01 -4.461640e-02  8.487394e-01
-6.378138e-01  3.850242e-01 -4.513517e-01 -8.341784e-01
-7.721750e-01  6.191505e-01 -4.299533e-01  5.423545e-01
-5.433543e-01  6.775347e-01  1.360509e-02 -8.117575e-01
-5.212571e-01  4.949104e-01  5.439306e-01  7.844159e-01
 3.397305e-01 -7.862139e-01 -1.941992e-01 -8.016915e-01
 3.819279e-01 -7.908840e-01 -2.884069e-01  7.553555e-01
 7.533601e-01 -7.566793e-01  1.008705e-01 -5.480356e-01
 1.329990e-01 -1.005420e+00  1.771201e-01  6.185109e-01
 7.291190e-01  1.682883e-01 -1.265614e-01 -9.308918e-01
 4.164441e-01  8.706231e-01 -4.437196e-01  5.389944e-01
 4.790641e-01  6.309838e-01  3.293900e-01 -8.410550e-01
 7.325901e-01  7.895397e-01  3.049115e-01  4.219945e-01
-4.614455e-01  3.306107e-02 -7.895133e-01 -7.099232e-01
-3.774948e-01 -9.563928e-02 -8.085282e-01  7.795254e-01
-5.436975e-01 -4.926203e-01  4.988291e-01 -8.239850e-01
-4.921071e-01 -1.922087e-01  5.861492e-01  9.026313e-01
-4.019726e-01  3.773271e-01 -5.180862e-01 -4.229155e-01
-7.301713e-01  1.795213e-01 -7.173742e-01  5.662220e-01
-5.986460e-01  1.437858e-01  8.462750e-03 -1.030278e+00
-3.768940e-01  1.830195e-01  8.889225e-01  6.879679e-01
 5.670047e-01 -3.086475e-01 -8.290603e-01 -5.270122e-01
 6.628007e-01 -4.311456e-01 -7.615489e-01  4.720015e-01
 7.605858e-01 -3.616257e-01  4.321756e-01 -7.438699e-01
 5.717342e-01 -5.334270e-01  7.004365e-01  6.048763e-01
 5.974123e-01  1.377763e-01 -6.603762e-01 -7.874886e-01
 4.983348e-01  5.186774e-02 -9.621185e-01  5.256047e-01
 6.502447e-01  1.260925e-01  4.101817e-01 -9.166893e-01
 4.258750e-01  2.150832e-01  6.004728e-01  8.826232e-01
 1.754352e-01 -6.579735e-01 -6.999883e-01 -6.967205e-01
-1.985492e-01 -5.654750e-01 -5.617679e-01  8.779260e-01
-1.022293e-01 -7.996243e-01  5.920323e-01 -6.555250e-01
-3.310956e-01 -7.210127e-01  4.777662e-01  7.808363e-01
-4.436622e-01  7.009916e-01 -8.207878e-01 -2.929603e-01
-2.971942e-01  5.049787e-01 -7.739932e-01  6.937168e-01
-1.613079e-02  7.456630e-01  2.810423e-01 -8.920637e-01
-1.567273e-01  6.462021e-01  2.187205e-01  9.485621e-01
 2.256984e-01 -1.805110e-01 -4.850669e-01 -5.909481e-01
 1.586658e-01 -6.484620e-01 -7.453080e-01  6.027617e-01
 3.688055e-01 -7.303145e-01  3.756699e-01 -7.825205e-01
 2.152417e-01 -5.708010e-01  3.560588e-01  4.403256e-01
 2.504894e-01  5.436583e-01 -6.761488e-01 -7.954408e-01
 2.729160e-01  5.745668e-01 -8.129515e-01  6.163575e-01
 2.403836e-01  2.032960e-01  1.693674e-01 -1.129946e+00
 3.638984e-01  5.799209e-01  2.709979e-01  9.646770e-01
-7.655127e-01 -8.521747e-01  6.931114e-02 -3.170942e-01
-7.306844e-01 -9.019386e-01 -2.128674e-01  8.932721e-02
-6.416578e-01 -9.271994e-01  3.912053e-01  1.562702e-01
-6.918092e-01 -7.831984e-01  5.176714e-02  5.518668e-01
-1.029384e+00 -5.704634e-02 -5.665973e-01 -1.386842e-01
-8.887680e-01  7.807954e-01 -1.882043e-01  8.502948e-02
-8.219541e-01  7.600806e-01  1.189663e-01 -3.615003e-01
-7.862690e-01  7.587400e-01  2.581101e-01  4.093678e-01
 7.485389e-01 -6.559739e-01 -4.426773e-01 -5.040330e-01
 8.172380e-01 -8.204933e-01 -2.776898e-01  4.852268e-03
 1.051406e+00 -4.077631e-01  3.907189e-01 -2.430630e-01
 5.020214e-01 -9.217327e-01  4.777972e-01  3.238517e-01
 1.003584e+00  6.400464e-01 -4.293028e-02 -1.904069e-01
 8.488366e-01  7.653800e-01 -2.242342e-01  2.656203e-01
 9.344767e-01  4.294521e-01  1.961120e-01 -6.089646e-01
 6.648629e-01  3.193693e-01  3.749555e-01  1.678916e-01
-6.914591e-01 -3.608253e-01 -8.647980e-01 -3.234704e-01
-8.008917e-01 -2.000108e-01 -8.398682e-01  2.146744e-01
-9.014233e-01  1.227809e-01  7.614602e-01 -9.566369e-02
-7.339176e-01 -1.028277e-01  8.368478e-01  4.186343e-01
-6.117902e-01  6.909295e-02 -4.841205e-01 -2.535952e-01
-9.112382e-01  4.255521e-01 -6.432518e-01  9.018420e-02
-8.105812e-01  3.910903e-01  5.396658e-01 -6.049398e-01
-8.355331e-01  4.017762e-01  6.646407e-01  3.704518e-01
 9.991458e-01 -1.475209e-01 -5.632914e-01 -3.524304e-01
 8.920241e-01  6.431464e-02 -7.694737e-01  1.750267e-01
 8.570192e-01 -9.725352e-02  8.139379e-01 -2.718488e-01
 6.557406e-01 -1.424246e-02  8.723341e-01  5.228942e-01
 8.596376e-01  5.733851e-01 -5.874421e-01 -7.020937e-02
 7.680649e-01  4.703816e-01 -6.348877e-01  4.633152e-01
 1.081212e+00  1.923835e-01  4.392419e-01 -1.554825e-01
 5.418374e-01  7.543111e-02  4.550171e-01  3.869856e-01
-7.627265e-01 -5.321135e-01 -1.412103e-01 -7.853756e-01
-5.409998e-01  8.272034e-02  1.252514e-01  1.045763e+00
-8.343247e-01 -1.037221e-01  2.728586e-01 -8.059567e-01
-8.648925e-01  9.635665e-02  3.937442e-01  7.304123e-01
-9.341295e-01  3.644006e-01 -4.805707e-04 -6.430786e-01
-8.500505e-01  1.358508e-01 -2.237725e-01  7.938304e-01
-1.110389e+00  6.929655e-02  3.319395e-01 -2.997975e-01
-8.062203e-01  1.635105e-01  1.622163e-01  8.181436e-02
 9.125406e-01 -2.747526e-01 -8.211406e-02 -7.118507e-01
 6.263650e-01 -3.351346e-01 -1.573641e-01  9.532360e-01
 8.160792e-01 -1.545463e-02  3.445842e-01 -4.785952e-01
 9.972657e-01 -1.831581e-01  4.572124e-02  6.253553e-01
 9.415575e-01  3.051112e-01 -3.850853e-01 -4.979878e-01
 8.578566e-01  3.210750e-01  3.821857e-01  6.672322e-01
 7.518473e-01 -1.377053e-01 -8.638595e-02 -1.991078e-01
 7.625966e-01  5.392448e-02  9.613328e-02  2.960868e-01
-3.327793e-01 -1.113056e+00 -1.107083e-01 -2.422783e-01
-3.296748e-01 -6.993116e-01 -1.359162e-01  2.230707e-01
-4.243203e-01 -6.988053e-01  1.551633e-01 -4.365100e-02
-6.687563e-01 -4.570085e-01 -6.424527e-02 -5.226297e-02
-4.535555e-01  1.108924e+00 -5.852362e-02 -7.547947e-02
-4.980652e-01  9.500805e-01 -1.334877e-01  5.008460e-01
-6.084123e-01  9.434291e-01  4.056515e-01 -7.874771e-03
-4.152723e-01  7.015146e-01 -7.573048e-02  1.384990e-01
 4.584501e-01 -1.038917e+00 -1.819024e-01 -3.122442e-01
 5.252821e-01 -1.019861e+00 -5.413437e-02  3.213705e-01
 7.241318e-01 -8.995450e-01  2.764262e-01 -9.764194e-02
 5.896155e-01 -5.681309e-01  7.306287e-02  1.205254e-01
 5.890166e-01  9.959779e-01 -2.570458e-01 -1.719511e-01
 4.367894e-01  1.069714e+00 -4.466734e-02  2.854505e-01
 6.287196e-01  9.049232e-01  2.279469e-01 -4.264416e-01
 5.493317e-01  6.910143e-01  8.485728e-02  1.444947e-02
-2.605678e-01 -4.029963e-01 -1.098870e+00  3.967650e-02
-8.725020e-02 -9.812116e-02 -7.800188e-01  1.949266e-01
-3.787652e-01 -4.282830e-01  9.495563e-01 -4.664740e-01
-2.741067e-01 -3.543332e-01  9.162508e-01  5.921644e-01
-1.821191e-01  3.043882e-01 -1.132462e+00 -1.108430e-01
-3.985980e-01 -8.236224e-02 -7.653739e-01 -8.906812e-02
-2.887626e-01  5.284733e-01  8.157803e-01 -6.426128e-01
-3.010243e-01  2.613443e-01  6.317489e-01  3.705058e-01
 7.793070e-01 -5.329500e-01 -7.367715e-01 -4.075265e-02
 4.299578e-01 -1.034434e-01 -6.892149e-01  1.402754e-01
 4.821231e-01 -2.901251e-01  1.064441e+00 -5.758482e-02
 2.564061e-01 -3.242372e-01  1.030309e+00  4.318419e-01
 2.606717e-01  1.224339e-01 -1.064522e+00 -4.533976e-01
 4.563193e-01  3.954059e-01 -1.045692e+00  9.883157e-02
 4.395886e-01  2.246187e-01  1.040715e+00 -3.408692e-01
 5.410678e-01 -7.460708e-02  6.871529e-01  1.080921e-01
-4.826330e-01 -1.805536e-01 -3.781520e-01 -1.018932e+00
-3.085436e-01 -2.169357e-01 -2.941654e-01  1.094400e+00
-3.987970e-01 -3.262099e-01  5.074197e-02 -8.532392e-01
-6.376009e-01 -4.193679e-01  2.871114e-02  9.221797e-01
-1.640444e-01  4.486111e-01 -8.843011e-02 -1.090996e+00
-4.320927e-01  2.405449e-01 -4.414178e-01  1.004462e+00
-3.951486e-01 -4.726434e-02  3.061901e-01 -6.287164e-01
-3.139808e-01  1.054658e-01  3.199036e-01  7.032896e-01
 6.022522e-01 -1.116181e-01 -3.351162e-01 -5.034254e-01
 4.623590e-01 -3.379993e-01 -3.228006e-01  5.231419e-01
 4.738050e-01 -3.926573e-01  2.281047e-03 -5.870060e-01
 6.613377e-01 -6.857443e-01  1.854515e-01  6.904773e-01
 2.848216e-01  6.513844e-02 -3.815352e-01 -1.082281e+00
 5.443728e-01  2.214338e-01 -5.422834e-01  8.567925e-01
 3.364538e-01  2.000539e-02 -1.006485e-01 -7.350498e-01
 6.688104e-01  1.797326e-01 -3.488784e-02  9.781768e-01
-2.355275e-01 -7.325885e-01 -8.450681e-01 -3.331182e-01
-3.219974e-01 -1.023580e+00 -5.160651e-01  6.756776e-02
-2.000759e-01 -8.305493e-01  8.176580e-01 -1.577204e-01
-9.444650e-02 -1.023628e+00  5.275763e-01  2.626844e-01
-3.806715e-02  7.700131e-01 -9.160606e-01  1.496503e-01
-3.528924e-01  5.563054e-01 -4.361569e-01  3.251257e-01
-1.516224e-01  8.474572e-01  7.874821e-01 -2.145914e-01
-2.926489e-01  9.532027e-01  3.620591e-01  5.592500e-01
 4.283337e-03 -6.773646e-01 -4.639721e-01 -1.056348e-01
-1.369072e-02 -8.328802e-01 -8.475395e-01  1.427026e-01
 2.955730e-01 -9.883336e-01  5.323549e-01 -3.046569e-01
 2.119430e-01 -7.498415e-01  2.678376e-01  1.041779e-01
 5.197808e-01  7.551196e-01 -6.394155e-01 -4.222493e-01
 2.985629e-01  6.724438e-01 -3.491209e-01  1.512130e-01
 1.307812e-01  8.612316e-01  7.627480e-01  2.358890e-01
 2.471031e-01  9.401264e-01  3.897005e-01  5.583458e-01
-2.350565e-01 -7.877163e-01 -2.800076e-01 -8.136198e-01
-1.027770e-02 -5.320313e-01  8.074645e-02  6.192040e-01
-1.528010e-01 -6.609048e-01  2.100147e-01 -3.459655e-01
 1.303515e-02 -7.783064e-01 -1.919265e-02  2.954491e-01
-2.411891e-01  1.028181e+00 -3.200778e-02 -5.648586e-01
-2.993420e-01  6.754584e-01 -2.987525e-01  8.723417e-01
-1.765343e-01  8.082014e-01  1.745369e-01 -2.165542e-01
-1.368726e-01  6.121268e-01  6.905622e-03  5.310873e-01
 1.388304e-02 -6.414621e-01 -2.356974e-01 -4.289097e-01
 1.543306e-01 -6.434994e-01 -3.542057e-01  2.972752e-01
 3.182163e-01 -7.150083e-01  1.102970e-01 -3.065669e-01
 3.256258e-01 -7.150024e-01 -1.902114e-01 -1.515167e-02
 4.215819e-01  3.875113e-01  5.742172e-02 -5.933893e-01
 3.045435e-01  6.209030e-01 -9.099909e-03  4.492187e-01
 3.834721e-01  5.647971e-01  4.501579e-01 -3.325929e-01
-2.541594e-01  7.074481e-01  2.521224e-01  1.688346e-01
-2.215087e-01 -4.174691e-01 -6.650243e-01 -4.287982e-02
 9.085936e-02 -3.692580e-01 -6.544430e-01  2.796363e-01
-4.490081e-01 -4.705075e-01  5.313733e-01 -2.879548e-02
-9.167010e-02 -5.610867e-01  5.857600e-01  1.428250e-01
-6.183083e-02  6.356516e-01 -5.235378e-01 -3.376094e-02
 3.248670e-02  4.494833e-01 -6.332259e-01  2.619498e-01
-2.011553e-01  4.928772e-01  6.338587e-01 -9.436905e-03
-3.661174e-02  4.824666e-01  1.009590e+00  3.263498e-01
 1.426034e-01 -2.390590e-01 -7.280029e-01 -1.843107e-01
 2.890780e-01 -4.841381e-01 -5.758025e-01 -3.941268e-02
 1.586182e-01 -3.691642e-01  7.024654e-01 -1.204061e-01
 4.803858e-01 -5.145282e-01  4.432791e-01 -1.764888e-02
 3.178976e-01  3.982034e-01 -6.264569e-01 -1.597936e-01
 5.612611e-01  4.471011e-01 -3.165645e-01  3.925542e-02
 2.132092e-01  3.639824e-01  7.195963e-01  2.774394e-02
 8.949152e-02  6.635942e-01  4.389111e-01 -1.050013e-01
-3.585862e-01 -5.993981e-01 -8.840010e-02 -3.951331e-01
-2.925248e-01 -4.562509e-01 -2.151905e-01  5.973861e-01
-1.358599e-01 -3.674896e-01  3.492294e-01 -6.447012e-01
-4.104249e-01 -2.968934e-01  1.511809e-01  6.045190e-01
-2.213846e-01  7.376436e-01 -4.643759e-01 -7.883060e-01
 2.319674e-02  5.103634e-01 -3.627326e-01  5.514042e-01
-5.274370e-03  5.943359e-01 -1.356867e-01 -6.032521e-01
 2.000118e-01  3.212670e-01 -1.104231e-02  7.991107e-01
 1.089908e-01 -3.443883e-01 -1.472412e-01 -7.125744e-01
 3.057357e-01 -2.836934e-01  1.236051e-01  7.308211e-01
 7.352599e-02 -5.413589e-01  9.740044e-02 -5.830163e-01
 3.707256e-01 -5.873845e-01 -2.111330e-02  4.054603e-01
 1.290880e-01  2.734167e-01 -2.473362e-01 -6.708614e-01
 3.773208e-01  3.967091e-01 -3.329160e-01  5.058538e-01
 6.492537e-01  1.081196e-01 -1.686464e-02 -4.799415e-01
 1.222204e-01  7.488432e-01  1.872963e-01  2.106891e-01
-3.731846e-01 -4.801805e-01 -7.121411e-01 -7.606920e-01
-4.500155e-02 -1.670974e-01 -5.040322e-01  6.996240e-01
-6.741367e-02 -3.200839e-01  7.751256e-01 -8.187275e-01
-1.030585e-01 -3.088793e-01  3.910910e-01  6.681671e-01
 8.532161e-02 -1.364950e-01 -8.508078e-01 -8.368299e-01
-2.343209e-01  1.470254e-01 -6.486223e-01  4.249116e-01
-4.870784e-01  3.053554e-01  1.984747e-01 -5.835264e-01
 1.559695e-01  1.426463e-01  9.564335e-01  6.779453e-01
-8.622944e-02 -3.636691e-01 -6.045750e-01 -4.510726e-01
 3.362340e-01 -1.218438e-01 -5.480920e-01  4.528507e-01
 2.647616e-01 -4.418399e-01  4.906256e-01 -5.117647e-01
 2.969446e-01 -1.708443e-01  5.294862e-01  5.794739e-01
-7.087043e-02  5.523324e-02 -7.454521e-01 -2.880624e-01
 1.458794e-01  1.702909e-01 -7.805708e-01  3.359872e-02
 1.249847e-01  2.608886e-01  6.467925e-01 -9.703612e-01
 2.462161e-01  2.553864e-01  6.449562e-01  3.737292e-01
-2.761094e-01 -3.724295e-01 -2.604217e-01 -6.236420e-01
-4.280462e-01 -7.850923e-02 -2.662490e-01  6.529961e-01
-1.594473e-01 -1.732544e-01  7.361952e-01 -3.014977e-01
-4.671984e-01 -1.835286e-01  4.773682e-01  4.390239e-01
-2.974689e-01  2.998949e-01 -2.374888e-01 -6.478614e-01
-4.323137e-01  2.748306e-01 -3.436101e-01  5.248381e-01
-9.976698e-02  9.041182e-02  5.055206e-01 -6.358907e-01
 2.456770e-02  3.569501e-01  3.708860e-01  6.284953e-01
 1.142494e-01  1.713700e-01 -6.100940e-01 -5.643731e-01
-5.561358e-02  2.003765e-01 -3.344174e-01  7.451326e-01
 3.929276e-01 -1.043399e-01  2.586295e-01 -6.392986e-01
-6.416327e-02 -1.973871e-02  6.438572e-01  5.090002e-01
-2.415473e-02  4.944483e-01 -5.012407e-01 -4.120580e-01
 2.721266e-01 -4.436394e-02 -2.164194e-01  7.195657e-01
 1.232192e-01  3.160225e-01  2.399860e-01 -7.100283e-01
 3.800147e-01  4.624276e-01  3.058433e-01  5.040985e-01
-5.072068e-01 -3.522960e-01 -4.674926e-01 -3.702403e-01
-4.474902e-01 -2.448830e-01 -5.801265e-01  3.636560e-01
-2.121138e-01 -4.590037e-01  5.289535e-01 -3.236086e-01
-2.936472e-01 -6.771361e-01  2.831782e-01  4.014512e-01
-4.472265e-01  5.617512e-01 -1.111190e-01 -3.662384e-01
-4.898489e-01  1.978800e-01 -6.179224e-01  1.253287e-01
-4.134703e-01  5.529585e-01  3.490940e-01 -2.463640e-01
-3.586546e-01  4.630648e-01  2.709969e-01  4.795361e-01
 5.940628e-01 -2.540736e-01 -4.736855e-01 -1.542263e-01
 9.294611e-02 -4.320628e-01 -2.651852e-01  6.131822e-01
 2.497950e-01 -3.651544e-01  2.441242e-01 -2.334953e-01
 2.782692e-01 -3.702870e-01  6.129361e-01  2.446743e-01
 4.479772e-01  3.254152e-01 -3.921253e-01 -4.995387e-01
 4.466274e-01  3.015068e-01 -6.038661e-01  2.200351e-01
 3.762345e-01  1.836015e-01  5.205093e-01 -5.575794e-01
 9.797493e-02  3.913795e-02  2.740738e-01  7.351310e-01
