 8.921700e-01  2.191600e-01  8.845600e-01  2.134700e-01
 6.321600e-01  5.397000e-01  8.552900e-01  1.955200e-01
 5.353600e-01  1.738800e-01  1.107100e+00  2.478900e-01
 3.875000e-01  1.657700e-01  7.946200e-01  1.905000e-01
 2.282600e-01  7.503700e-01  1.089100e+00  3.226800e-01
 2.086000e-01  5.984500e-01  8.599100e-01  1.712200e-01
 1.749800e-01  2.313800e-01  1.199000e+00  2.655800e-01
 1.295600e-01  2.229100e-01  8.226300e-01  2.098400e-01
 8.588300e-01  1.948200e-01  6.296000e-01  5.211700e-01
 5.996900e-01  4.903900e-01  5.976200e-01  4.873900e-01
 5.767900e-01  2.041300e-01  8.955600e-01  6.939500e-01
 4.273700e-01  2.055500e-01  6.164400e-01  4.852900e-01
 2.427600e-01  7.652900e-01  7.721900e-01  7.643900e-01
 2.202900e-01  6.264000e-01  5.968400e-01  5.189500e-01
 1.848000e-01  2.426000e-01  9.716800e-01  7.236700e-01
 1.501800e-01  2.859300e-01  6.479900e-01  5.260700e-01
 1.117800e+00  2.587100e-01  5.266600e-01  1.730600e-01
 8.859100e-01  7.032700e-01  5.604000e-01  1.991200e-01
 3.332600e-01  1.064200e-01  3.405300e-01  1.086000e-01
 3.276900e-01  1.417600e-01  5.328600e-01  1.572900e-01
 1.832400e-01  1.083100e+00  6.281400e-01  2.161900e-01
 5.381200e-01  9.695600e-01  5.925100e-01  2.180800e-01
 1.071000e-01  1.573700e-01  3.328000e-01  1.092800e-01
 1.141600e-01  1.839100e-01  5.249100e-01  1.758800e-01
 7.985000e-01  1.889000e-01  3.857200e-01  1.611400e-01
 6.074700e-01  5.014300e-01  4.165400e-01  1.933900e-01
 5.315200e-01  1.631200e-01  3.277500e-01  1.362100e-01
 4.385000e-01  2.682200e-01  4.334200e-01  2.446700e-01
 1.495400e-01  7.457800e-01  3.719000e-01  1.380400e-01
 3.071300e-01  6.691800e-01  4.370100e-01  2.362200e-01
 1.263100e-01  4.364000e-01  3.034300e-01  1.175300e-01
 1.628700e-01  4.006400e-01  4.219400e-01  2.619300e-01
 1.095700e+00  2.959000e-01  2.268000e-01  7.434500e-01
 8.105200e-01  7.444800e-01  2.373000e-01  7.476700e-01
 6.244700e-01  2.119900e-01  1.794600e-01  1.069900e+00
 3.690700e-01  1.433900e-01  1.471700e-01  7.269600e-01
 2.569800e-01  6.843900e-01  2.559700e-01  1.124800e+00
 1.640400e-01  5.597800e-01  1.524400e-01  8.168700e-01
 2.001100e-01  2.133400e-01  2.169500e-01  1.190300e+00
 1.293300e-01  2.068200e-01  1.735000e-01  7.722000e-01
 8.528400e-01  1.752500e-01  2.089200e-01  5.892100e-01
 6.158200e-01  5.018800e-01  2.347300e-01  6.208400e-01
 6.087100e-01  2.149200e-01  5.406600e-01  9.609900e-01
 4.366100e-01  1.988400e-01  3.443400e-01  6.577400e-01
 2.191300e-01  1.023300e+00  2.513100e-01  7.395300e-01
 2.660200e-01  6.806300e-01  2.407000e-01  6.399400e-01
 1.993800e-01  2.263000e-01  6.380300e-01  1.040600e+00
 1.436600e-01  2.187800e-01  4.367100e-01  7.103400e-01
 1.194100e+00  2.752600e-01  1.692000e-01  2.311500e-01
 9.441600e-01  7.301500e-01  1.754900e-01  2.349400e-01
 3.234200e-01  1.051800e-01  1.100300e-01  1.640800e-01
 2.998500e-01  1.279400e-01  1.231400e-01  4.304300e-01
 2.132700e-01  1.203000e+00  1.972800e-01  2.216500e-01
 6.159100e-01  1.040600e+00  1.895200e-01  2.344600e-01
 1.100000e-01  1.512000e-01  1.128300e-01  1.561600e-01
 1.100900e-01  1.771800e-01  1.361900e-01  4.334600e-01
 8.218800e-01  2.070300e-01  1.293500e-01  2.210100e-01
 6.356900e-01  5.344700e-01  1.446400e-01  2.759000e-01
 5.213400e-01  1.792500e-01  1.148400e-01  1.782700e-01
 4.283500e-01  2.733400e-01  1.614400e-01  3.772200e-01
 1.665300e-01  7.970800e-01  1.260400e-01  1.920500e-01
 3.497200e-01  7.096700e-01  1.502500e-01  3.388800e-01
 1.405900e-01  4.358300e-01  1.093600e-01  1.517700e-01
 1.723300e-01  4.077400e-01  1.590700e-01  3.672400e-01
-8.921700e-01  2.191600e-01  8.845600e-01  2.134700e-01
-6.321600e-01  5.397000e-01  8.552900e-01  1.955200e-01
-5.353600e-01  1.738800e-01  1.107100e+00  2.478900e-01
-3.875000e-01  1.657700e-01  7.946200e-01  1.905000e-01
-2.282600e-01  7.503700e-01  1.089100e+00  3.226800e-01
-2.086000e-01  5.984500e-01  8.599100e-01  1.712200e-01
-1.749800e-01  2.313800e-01  1.199000e+00  2.655800e-01
-1.295600e-01  2.229100e-01  8.226300e-01  2.098400e-01
-8.588300e-01  1.948200e-01  6.296000e-01  5.211700e-01
-5.996900e-01  4.903900e-01  5.976200e-01  4.873900e-01
-5.767900e-01  2.041300e-01  8.955600e-01  6.939500e-01
-4.273700e-01  2.055500e-01  6.164400e-01  4.852900e-01
-2.427600e-01  7.652900e-01  7.721900e-01  7.643900e-01
-2.202900e-01  6.264000e-01  5.968400e-01  5.189500e-01
-1.848000e-01  2.426000e-01  9.716800e-01  7.236700e-01
-1.501800e-01  2.859300e-01  6.479900e-01  5.260700e-01
-1.117800e+00  2.587100e-01  5.266600e-01  1.730600e-01
-8.859100e-01  7.032700e-01  5.604000e-01  1.991200e-01
-3.332600e-01  1.064200e-01  3.405300e-01  1.086000e-01
-3.276900e-01  1.417600e-01  5.328600e-01  1.572900e-01
-1.832400e-01  1.083100e+00  6.281400e-01  2.161900e-01
-5.381200e-01  9.695600e-01  5.925100e-01  2.180800e-01
-1.071000e-01  1.573700e-01  3.328000e-01  1.092800e-01
-1.141600e-01  1.839100e-01  5.249100e-01  1.758800e-01
-7.985000e-01  1.889000e-01  3.857200e-01  1.611400e-01
-6.074700e-01  5.014300e-01  4.165400e-01  1.933900e-01
-5.315200e-01  1.631200e-01  3.277500e-01  1.362100e-01
-4.385000e-01  2.682200e-01  4.334200e-01  2.446700e-01
-1.495400e-01  7.457800e-01  3.719000e-01  1.380400e-01
-3.071300e-01  6.691800e-01  4.370100e-01  2.362200e-01
-1.263100e-01  4.364000e-01  3.034300e-01  1.175300e-01
-1.628700e-01  4.006400e-01  4.219400e-01  2.619300e-01
-1.095700e+00  2.959000e-01  2.268000e-01  7.434500e-01
-8.105200e-01  7.444800e-01  2.373000e-01  7.476700e-01
-6.244700e-01  2.119900e-01  1.794600e-01  1.069900e+00
-3.690700e-01  1.433900e-01  1.471700e-01  7.269600e-01
-2.569800e-01  6.843900e-01  2.559700e-01  1.124800e+00
-1.640400e-01  5.597800e-01  1.524400e-01  8.168700e-01
-2.001100e-01  2.133400e-01  2.169500e-01  1.190300e+00
-1.293300e-01  2.068200e-01  1.735000e-01  7.722000e-01
-8.528400e-01  1.752500e-01  2.089200e-01  5.892100e-01
-6.158200e-01  5.018800e-01  2.347300e-01  6.208400e-01
-6.087100e-01  2.149200e-01  5.406600e-01  9.609900e-01
-4.366100e-01  1.988400e-01  3.443400e-01  6.577400e-01
-2.191300e-01  1.023300e+00  2.513100e-01  7.395300e-01
-2.660200e-01  6.806300e-01  2.407000e-01  6.399400e-01
-1.993800e-01  2.263000e-01  6.380300e-01  1.040600e+00
-1.436600e-01  2.187800e-01  4.367100e-01  7.103400e-01
-1.194100e+00  2.752600e-01  1.692000e-01  2.311500e-01
-9.441600e-01  7.301500e-01  1.754900e-01  2.349400e-01
-3.234200e-01  1.051800e-01  1.100300e-01  1.640800e-01
-2.998500e-01  1.279400e-01  1.231400e-01  4.304300e-01
-2.132700e-01  1.203000e+00  1.972800e-01  2.216500e-01
-6.159100e-01  1.040600e+00  1.895200e-01  2.344600e-01
-1.100000e-01  1.512000e-01  1.128300e-01  1.561600e-01
-1.100900e-01  1.771800e-01  1.361900e-01  4.334600e-01
-8.218800e-01  2.070300e-01  1.293500e-01  2.210100e-01
-6.356900e-01  5.344700e-01  1.446400e-01  2.759000e-01
-5.213400e-01  1.792500e-01  1.148400e-01  1.782700e-01
-4.283500e-01  2.733400e-01  1.614400e-01  3.772200e-01
-1.665300e-01  7.970800e-01  1.260400e-01  1.920500e-01
-3.497200e-01  7.096700e-01  1.502500e-01  3.388800e-01
-1.405900e-01  4.358300e-01  1.093600e-01  1.517700e-01
-1.723300e-01  4.077400e-01  1.590700e-01  3.672400e-01
 8.921700e-01 -2.191600e-01  8.845600e-01  2.134700e-01
 6.321600e-01 -5.397000e-01  8.552900e-01  1.955200e-01
 5.353600e-01 -1.738800e-01  1.107100e+00  2.478900e-01
 3.875000e-01 -1.657700e-01  7.946200e-01  1.905000e-01
 2.282600e-01 -7.503700e-01  1.089100e+00  3.226800e-01
 2.086000e-01 -5.984500e-01  8.599100e-01  1.712200e-01
 1.749800e-01 -2.313800e-01  1.199000e+00  2.655800e-01
 1.295600e-01 -2.229100e-01  8.226300e-01  2.098400e-01
 8.588300e-01 -1.948200e-01  6.296000e-01  5.211700e-01
 5.996900e-01 -4.903900e-01  5.976200e-01  4.873900e-01
 5.767900e-01 -2.041300e-01  8.955600e-01  6.939500e-01
 4.273700e-01 -2.055500e-01  6.164400e-01  4.852900e-01
 2.427600e-01 -7.652900e-01  7.721900e-01  7.643900e-01
 2.202900e-01 -6.264000e-01  5.968400e-01  5.189500e-01
 1.848000e-01 -2.426000e-01  9.716800e-01  7.236700e-01
 1.501800e-01 -2.859300e-01  6.479900e-01  5.260700e-01
 1.117800e+00 -2.587100e-01  5.266600e-01  1.730600e-01
 8.859100e-01 -7.032700e-01  5.604000e-01  1.991200e-01
 3.332600e-01 -1.064200e-01  3.405300e-01  1.086000e-01
 3.276900e-01 -1.417600e-01  5.328600e-01  1.572900e-01
 1.832400e-01 -1.083100e+00  6.281400e-01  2.161900e-01
 5.381200e-01 -9.695600e-01  5.925100e-01  2.180800e-01
 1.071000e-01 -1.573700e-01  3.328000e-01  1.092800e-01
 1.141600e-01 -1.839100e-01  5.249100e-01  1.758800e-01
 7.985000e-01 -1.889000e-01  3.857200e-01  1.611400e-01
 6.074700e-01 -5.014300e-01  4.165400e-01  1.933900e-01
 5.315200e-01 -1.631200e-01  3.277500e-01  1.362100e-01
 4.385000e-01 -2.682200e-01  4.334200e-01  2.446700e-01
 1.495400e-01 -7.457800e-01  3.719000e-01  1.380400e-01
 3.071300e-01 -6.691800e-01  4.370100e-01  2.362200e-01
 1.263100e-01 -4.364000e-01  3.034300e-01  1.175300e-01
 1.628700e-01 -4.006400e-01  4.219400e-01  2.619300e-01
 1.095700e+00 -2.959000e-01  2.268000e-01  7.434500e-01
 8.105200e-01 -7.444800e-01  2.373000e-01  7.476700e-01
 6.244700e-01 -2.119900e-01  1.794600e-01  1.069900e+00
 3.690700e-01 -1.433900e-01  1.471700e-01  7.269600e-01
 2.569800e-01 -6.843900e-01  2.559700e-01  1.124800e+00
 1.640400e-01 -5.597800e-01  1.524400e-01  8.168700e-01
 2.001100e-01 -2.133400e-01  2.169500e-01  1.190300e+00
 1.293300e-01 -2.068200e-01  1.735000e-01  7.722000e-01
 8.528400e-01 -1.752500e-01  2.089200e-01  5.892100e-01
 6.158200e-01 -5.018800e-01  2.347300e-01  6.208400e-01
 6.087100e-01 -2.149200e-01  5.406600e-01  9.609900e-01
 4.366100e-01 -1.988400e-01  3.443400e-01  6.577400e-01
 2.191300e-01 -1.023300e+00  2.513100e-01  7.395300e-01
 2.660200e-01 -6.806300e-01  2.407000e-01  6.399400e-01
 1.993800e-01 -2.263000e-01  6.380300e-01  1.040600e+00
 1.436600e-01 -2.187800e-01  4.367100e-01  7.103400e-01
 1.194100e+00 -2.752600e-01  1.692000e-01  2.311500e-01
 9.441600e-01 -7.301500e-01  1.754900e-01  2.349400e-01
 3.234200e-01 -1.051800e-01  1.100300e-01  1.640800e-01
 2.998500e-01 -1.279400e-01  1.231400e-01  4.304300e-01
 2.132700e-01 -1.203000e+00  1.972800e-01  2.216500e-01
 6.159100e-01 -1.040600e+00  1.895200e-01  2.344600e-01
 1.100000e-01 -1.512000e-01  1.128300e-01  1.561600e-01
 1.100900e-01 -1.771800e-01  1.361900e-01  4.334600e-01
 8.218800e-01 -2.070300e-01  1.293500e-01  2.210100e-01
 6.356900e-01 -5.344700e-01  1.446400e-01  2.759000e-01
 5.213400e-01 -1.792500e-01  1.148400e-01  1.782700e-01
 4.283500e-01 -2.733400e-01  1.614400e-01  3.772200e-01
 1.665300e-01 -7.970800e-01  1.260400e-01  1.920500e-01
 3.497200e-01 -7.096700e-01  1.502500e-01  3.388800e-01
 1.405900e-01 -4.358300e-01  1.093600e-01  1.517700e-01
 1.723300e-01 -4.077400e-01  1.590700e-01  3.672400e-01
-8.921700e-01 -2.191600e-01  8.845600e-01  2.134700e-01
-6.321600e-01 -5.397000e-01  8.552900e-01  1.955200e-01
-5.353600e-01 -1.738800e-01  1.107100e+00  2.478900e-01
-3.875000e-01 -1.657700e-01  7.946200e-01  1.905000e-01
-2.282600e-01 -7.503700e-01  1.089100e+00  3.226800e-01
-2.086000e-01 -5.984500e-01  8.599100e-01  1.712200e-01
-1.749800e-01 -2.313800e-01  1.199000e+00  2.655800e-01
-1.295600e-01 -2.229100e-01  8.226300e-01  2.098400e-01
-8.588300e-01 -1.948200e-01  6.296000e-01  5.211700e-01
-5.996900e-01 -4.903900e-01  5.976200e-01  4.873900e-01
-5.767900e-01 -2.041300e-01  8.955600e-01  6.939500e-01
-4.273700e-01 -2.055500e-01  6.164400e-01  4.852900e-01
-2.427600e-01 -7.652900e-01  7.721900e-01  7.643900e-01
-2.202900e-01 -6.264000e-01  5.968400e-01  5.189500e-01
-1.848000e-01 -2.426000e-01  9.716800e-01  7.236700e-01
-1.501800e-01 -2.859300e-01  6.479900e-01  5.260700e-01
-1.117800e+00 -2.587100e-01  5.266600e-01  1.730600e-01
-8.859100e-01 -7.032700e-01  5.604000e-01  1.991200e-01
-3.332600e-01 -1.064200e-01  3.405300e-01  1.086000e-01
-3.276900e-01 -1.417600e-01  5.328600e-01  1.572900e-01
-1.832400e-01 -1.083100e+00  6.281400e-01  2.161900e-01
-5.381200e-01 -9.695600e-01  5.925100e-01  2.180800e-01
-1.071000e-01 -1.573700e-01  3.328000e-01  1.092800e-01
-1.141600e-01 -1.839100e-01  5.249100e-01  1.758800e-01
-7.985000e-01 -1.889000e-01  3.857200e-01  1.611400e-01
-6.074700e-01 -5.014300e-01  4.165400e-01  1.933900e-01
-5.315200e-01 -1.631200e-01  3.277500e-01  1.362100e-01
-4.385000e-01 -2.682200e-01  4.334200e-01  2.446700e-01
-1.495400e-01 -7.457800e-01  3.719000e-01  1.380400e-01
-3.071300e-01 -6.691800e-01  4.370100e-01  2.362200e-01
-1.263100e-01 -4.364000e-01  3.034300e-01  1.175300e-01
-1.628700e-01 -4.006400e-01  4.219400e-01  2.619300e-01
-1.095700e+00 -2.959000e-01  2.268000e-01  7.434500e-01
-8.105200e-01 -7.444800e-01  2.373000e-01  7.476700e-01
-6.244700e-01 -2.119900e-01  1.794600e-01  1.069900e+00
-3.690700e-01 -1.433900e-01  1.471700e-01  7.269600e-01
-2.569800e-01 -6.843900e-01  2.559700e-01  1.124800e+00
-1.640400e-01 -5.597800e-01  1.524400e-01  8.168700e-01
-2.001100e-01 -2.133400e-01  2.169500e-01  1.190300e+00
-1.293300e-01 -2.068200e-01  1.735000e-01  7.722000e-01
-8.528400e-01 -1.752500e-01  2.089200e-01  5.892100e-01
-6.158200e-01 -5.018800e-01  2.347300e-01  6.208400e-01
-6.087100e-01 -2.149200e-01  5.406600e-01  9.609900e-01
-4.366100e-01 -1.988400e-01  3.443400e-01  6.577400e-01
-2.191300e-01 -1.023300e+00  2.513100e-01  7.395300e-01
-2.660200e-01 -6.806300e-01  2.407000e-01  6.399400e-01
-1.993800e-01 -2.263000e-01  6.380300e-01  1.040600e+00
-1.436600e-01 -2.187800e-01  4.367100e-01  7.103400e-01
-1.194100e+00 -2.752600e-01  1.692000e-01  2.311500e-01
-9.441600e-01 -7.301500e-01  1.754900e-01  2.349400e-01
-3.234200e-01 -1.051800e-01  1.100300e-01  1.640800e-01
-2.998500e-01 -1.279400e-01  1.231400e-01  4.304300e-01
-2.132700e-01 -1.203000e+00  1.972800e-01  2.216500e-01
-6.159100e-01 -1.040600e+00  1.895200e-01  2.344600e-01
-1.100000e-01 -1.512000e-01  1.128300e-01  1.561600e-01
-1.100900e-01 -1.771800e-01  1.361900e-01  4.334600e-01
-8.218800e-01 -2.070300e-01  1.293500e-01  2.210100e-01
-6.356900e-01 -5.344700e-01  1.446400e-01  2.759000e-01
-5.213400e-01 -1.792500e-01  1.148400e-01  1.782700e-01
-4.283500e-01 -2.733400e-01  1.614400e-01  3.772200e-01
-1.665300e-01 -7.970800e-01  1.260400e-01  1.920500e-01
-3.497200e-01 -7.096700e-01  1.502500e-01  3.388800e-01
-1.405900e-01 -4.358300e-01  1.093600e-01  1.517700e-01
-1.723300e-01 -4.077400e-01  1.590700e-01  3.672400e-01
 8.921700e-01  2.191600e-01 -8.845600e-01  2.134700e-01
 6.321600e-01  5.397000e-01 -8.552900e-01  1.955200e-01
 5.353600e-01  1.738800e-01 -1.107100e+00  2.478900e-01
 3.875000e-01  1.657700e-01 -7.946200e-01  1.905000e-01
 2.282600e-01  7.503700e-01 -1.089100e+00  3.226800e-01
 2.086000e-01  5.984500e-01 -8.599100e-01  1.712200e-01
 1.749800e-01  2.313800e-01 -1.199000e+00  2.655800e-01
 1.295600e-01  2.229100e-01 -8.226300e-01  2.098400e-01
 8.588300e-01  1.948200e-01 -6.296000e-01  5.211700e-01
 5.996900e-01  4.903900e-01 -5.976200e-01  4.873900e-01
 5.767900e-01  2.041300e-01 -8.955600e-01  6.939500e-01
 4.273700e-01  2.055500e-01 -6.164400e-01  4.852900e-01
 2.427600e-01  7.652900e-01 -7.721900e-01  7.643900e-01
 2.202900e-01  6.264000e-01 -5.968400e-01  5.189500e-01
 1.848000e-01  2.426000e-01 -9.716800e-01  7.236700e-01
 1.501800e-01  2.859300e-01 -6.479900e-01  5.260700e-01
 1.117800e+00  2.587100e-01 -5.266600e-01  1.730600e-01
 8.859100e-01  7.032700e-01 -5.604000e-01  1.991200e-01
 3.332600e-01  1.064200e-01 -3.405300e-01  1.086000e-01
 3.276900e-01  1.417600e-01 -5.328600e-01  1.572900e-01
 1.832400e-01  1.083100e+00 -6.281400e-01  2.161900e-01
 5.381200e-01  9.695600e-01 -5.925100e-01  2.180800e-01
 1.071000e-01  1.573700e-01 -3.328000e-01  1.092800e-01
 1.141600e-01  1.839100e-01 -5.249100e-01  1.758800e-01
 7.985000e-01  1.889000e-01 -3.857200e-01  1.611400e-01
 6.074700e-01  5.014300e-01 -4.165400e-01  1.933900e-01
 5.315200e-01  1.631200e-01 -3.277500e-01  1.362100e-01
 4.385000e-01  2.682200e-01 -4.334200e-01  2.446700e-01
 1.495400e-01  7.457800e-01 -3.719000e-01  1.380400e-01
 3.071300e-01  6.691800e-01 -4.370100e-01  2.362200e-01
 1.263100e-01  4.364000e-01 -3.034300e-01  1.175300e-01
 1.628700e-01  4.006400e-01 -4.219400e-01  2.619300e-01
 1.095700e+00  2.959000e-01 -2.268000e-01  7.434500e-01
 8.105200e-01  7.444800e-01 -2.373000e-01  7.476700e-01
 6.244700e-01  2.119900e-01 -1.794600e-01  1.069900e+00
 3.690700e-01  1.433900e-01 -1.471700e-01  7.269600e-01
 2.569800e-01  6.843900e-01 -2.559700e-01  1.124800e+00
 1.640400e-01  5.597800e-01 -1.524400e-01  8.168700e-01
 2.001100e-01  2.133400e-01 -2.169500e-01  1.190300e+00
 1.293300e-01  2.068200e-01 -1.735000e-01  7.722000e-01
 8.528400e-01  1.752500e-01 -2.089200e-01  5.892100e-01
 6.158200e-01  5.018800e-01 -2.347300e-01  6.208400e-01
 6.087100e-01  2.149200e-01 -5.406600e-01  9.609900e-01
 4.366100e-01  1.988400e-01 -3.443400e-01  6.577400e-01
 2.191300e-01  1.023300e+00 -2.513100e-01  7.395300e-01
 2.660200e-01  6.806300e-01 -2.407000e-01  6.399400e-01
 1.993800e-01  2.263000e-01 -6.380300e-01  1.040600e+00
 1.436600e-01  2.187800e-01 -4.367100e-01  7.103400e-01
 1.194100e+00  2.752600e-01 -1.692000e-01  2.311500e-01
 9.441600e-01  7.301500e-01 -1.754900e-01  2.349400e-01
 3.234200e-01  1.051800e-01 -1.100300e-01  1.640800e-01
 2.998500e-01  1.279400e-01 -1.231400e-01  4.304300e-01
 2.132700e-01  1.203000e+00 -1.972800e-01  2.216500e-01
 6.159100e-01  1.040600e+00 -1.895200e-01  2.344600e-01
 1.100000e-01  1.512000e-01 -1.128300e-01  1.561600e-01
 1.100900e-01  1.771800e-01 -1.361900e-01  4.334600e-01
 8.218800e-01  2.070300e-01 -1.293500e-01  2.210100e-01
 6.356900e-01  5.344700e-01 -1.446400e-01  2.759000e-01
 5.213400e-01  1.792500e-01 -1.148400e-01  1.782700e-01
 4.283500e-01  2.733400e-01 -1.614400e-01  3.772200e-01
 1.665300e-01  7.970800e-01 -1.260400e-01  1.920500e-01
 3.497200e-01  7.096700e-01 -1.502500e-01  3.388800e-01
 1.405900e-01  4.358300e-01 -1.093600e-01  1.517700e-01
 1.723300e-01  4.077400e-01 -1.590700e-01  3.672400e-01
-8.921700e-01  2.191600e-01 -8.845600e-01  2.134700e-01
-6.321600e-01  5.397000e-01 -8.552900e-01  1.955200e-01
-5.353600e-01  1.738800e-01 -1.107100e+00  2.478900e-01
-3.875000e-01  1.657700e-01 -7.946200e-01  1.905000e-01
-2.282600e-01  7.503700e-01 -1.089100e+00  3.226800e-01
-2.086000e-01  5.984500e-01 -8.599100e-01  1.712200e-01
-1.749800e-01  2.313800e-01 -1.199000e+00  2.655800e-01
-1.295600e-01  2.229100e-01 -8.226300e-01  2.098400e-01
-8.588300e-01  1.948200e-01 -6.296000e-01  5.211700e-01
-5.996900e-01  4.903900e-01 -5.976200e-01  4.873900e-01
-5.767900e-01  2.041300e-01 -8.955600e-01  6.939500e-01
-4.273700e-01  2.055500e-01 -6.164400e-01  4.852900e-01
-2.427600e-01  7.652900e-01 -7.721900e-01  7.643900e-01
-2.202900e-01  6.264000e-01 -5.968400e-01  5.189500e-01
-1.848000e-01  2.426000e-01 -9.716800e-01  7.236700e-01
-1.501800e-01  2.859300e-01 -6.479900e-01  5.260700e-01
-1.117800e+00  2.587100e-01 -5.266600e-01  1.730600e-01
-8.859100e-01  7.032700e-01 -5.604000e-01  1.991200e-01
-3.332600e-01  1.064200e-01 -3.405300e-01  1.086000e-01
-3.276900e-01  1.417600e-01 -5.328600e-01  1.572900e-01
-1.832400e-01  1.083100e+00 -6.281400e-01  2.161900e-01
-5.381200e-01  9.695600e-01 -5.925100e-01  2.180800e-01
-1.071000e-01  1.573700e-01 -3.328000e-01  1.092800e-01
-1.141600e-01  1.839100e-01 -5.249100e-01  1.758800e-01
-7.985000e-01  1.889000e-01 -3.857200e-01  1.611400e-01
-6.074700e-01  5.014300e-01 -4.165400e-01  1.933900e-01
-5.315200e-01  1.631200e-01 -3.277500e-01  1.362100e-01
-4.385000e-01  2.682200e-01 -4.334200e-01  2.446700e-01
-1.495400e-01  7.457800e-01 -3.719000e-01  1.380400e-01
-3.071300e-01  6.691800e-01 -4.370100e-01  2.362200e-01
-1.263100e-01  4.364000e-01 -3.034300e-01  1.175300e-01
-1.628700e-01  4.006400e-01 -4.219400e-01  2.619300e-01
-1.095700e+00  2.959000e-01 -2.268000e-01  7.434500e-01
-8.105200e-01  7.444800e-01 -2.373000e-01  7.476700e-01
-6.244700e-01  2.119900e-01 -1.794600e-01  1.069900e+00
-3.690700e-01  1.433900e-01 -1.471700e-01  7.269600e-01
-2.569800e-01  6.843900e-01 -2.559700e-01  1.124800e+00
-1.640400e-01  5.597800e-01 -1.524400e-01  8.168700e-01
-2.001100e-01  2.133400e-01 -2.169500e-01  1.190300e+00
-1.293300e-01  2.068200e-01 -1.735000e-01  7.722000e-01
-8.528400e-01  1.752500e-01 -2.089200e-01  5.892100e-01
-6.158200e-01  5.018800e-01 -2.347300e-01  6.208400e-01
-6.087100e-01  2.149200e-01 -5.406600e-01  9.609900e-01
-4.366100e-01  1.988400e-01 -3.443400e-01  6.577400e-01
-2.191300e-01  1.023300e+00 -2.513100e-01  7.395300e-01
-2.660200e-01  6.806300e-01 -2.407000e-01  6.399400e-01
-1.993800e-01  2.263000e-01 -6.380300e-01  1.040600e+00
-1.436600e-01  2.187800e-01 -4.367100e-01  7.103400e-01
-1.194100e+00  2.752600e-01 -1.692000e-01  2.311500e-01
-9.441600e-01  7.301500e-01 -1.754900e-01  2.349400e-01
-3.234200e-01  1.051800e-01 -1.100300e-01  1.640800e-01
-2.998500e-01  1.279400e-01 -1.231400e-01  4.304300e-01
-2.132700e-01  1.203000e+00 -1.972800e-01  2.216500e-01
-6.159100e-01  1.040600e+00 -1.895200e-01  2.344600e-01
-1.100000e-01  1.512000e-01 -1.128300e-01  1.561600e-01
-1.100900e-01  1.771800e-01 -1.361900e-01  4.334600e-01
-8.218800e-01  2.070300e-01 -1.293500e-01  2.210100e-01
-6.356900e-01  5.344700e-01 -1.446400e-01  2.759000e-01
-5.213400e-01  1.792500e-01 -1.148400e-01  1.782700e-01
-4.283500e-01  2.733400e-01 -1.614400e-01  3.772200e-01
-1.665300e-01  7.970800e-01 -1.260400e-01  1.920500e-01
-3.497200e-01  7.096700e-01 -1.502500e-01  3.388800e-01
-1.405900e-01  4.358300e-01 -1.093600e-01  1.517700e-01
-1.723300e-01  4.077400e-01 -1.590700e-01  3.672400e-01
 8.921700e-01 -2.191600e-01 -8.845600e-01  2.134700e-01
 6.321600e-01 -5.397000e-01 -8.552900e-01  1.955200e-01
 5.353600e-01 -1.738800e-01 -1.107100e+00  2.478900e-01
 3.875000e-01 -1.657700e-01 -7.946200e-01  1.905000e-01
 2.282600e-01 -7.503700e-01 -1.089100e+00  3.226800e-01
 2.086000e-01 -5.984500e-01 -8.599100e-01  1.712200e-01
 1.749800e-01 -2.313800e-01 -1.199000e+00  2.655800e-01
 1.295600e-01 -2.229100e-01 -8.226300e-01  2.098400e-01
 8.588300e-01 -1.948200e-01 -6.296000e-01  5.211700e-01
 5.996900e-01 -4.903900e-01 -5.976200e-01  4.873900e-01
 5.767900e-01 -2.041300e-01 -8.955600e-01  6.939500e-01
 4.273700e-01 -2.055500e-01 -6.164400e-01  4.852900e-01
 2.427600e-01 -7.652900e-01 -7.721900e-01  7.643900e-01
 2.202900e-01 -6.264000e-01 -5.968400e-01  5.189500e-01
 1.848000e-01 -2.426000e-01 -9.716800e-01  7.236700e-01
 1.501800e-01 -2.859300e-01 -6.479900e-01  5.260700e-01
 1.117800e+00 -2.587100e-01 -5.266600e-01  1.730600e-01
 8.859100e-01 -7.032700e-01 -5.604000e-01  1.991200e-01
 3.332600e-01 -1.064200e-01 -3.405300e-01  1.086000e-01
 3.276900e-01 -1.417600e-01 -5.328600e-01  1.572900e-01
 1.832400e-01 -1.083100e+00 -6.281400e-01  2.161900e-01
 5.381200e-01 -9.695600e-01 -5.925100e-01  2.180800e-01
 1.071000e-01 -1.573700e-01 -3.328000e-01  1.092800e-01
 1.141600e-01 -1.839100e-01 -5.249100e-01  1.758800e-01
 7.985000e-01 -1.889000e-01 -3.857200e-01  1.611400e-01
 6.074700e-01 -5.014300e-01 -4.165400e-01  1.933900e-01
 5.315200e-01 -1.631200e-01 -3.277500e-01  1.362100e-01
 4.385000e-01 -2.682200e-01 -4.334200e-01  2.446700e-01
 1.495400e-01 -7.457800e-01 -3.719000e-01  1.380400e-01
 3.071300e-01 -6.691800e-01 -4.370100e-01  2.362200e-01
 1.263100e-01 -4.364000e-01 -3.034300e-01  1.175300e-01
 1.628700e-01 -4.006400e-01 -4.219400e-01  2.619300e-01
 1.095700e+00 -2.959000e-01 -2.268000e-01  7.434500e-01
 8.105200e-01 -7.444800e-01 -2.373000e-01  7.476700e-01
 6.244700e-01 -2.119900e-01 -1.794600e-01  1.069900e+00
 3.690700e-01 -1.433900e-01 -1.471700e-01  7.269600e-01
 2.569800e-01 -6.843900e-01 -2.559700e-01  1.124800e+00
 1.640400e-01 -5.597800e-01 -1.524400e-01  8.168700e-01
 2.001100e-01 -2.133400e-01 -2.169500e-01  1.190300e+00
 1.293300e-01 -2.068200e-01 -1.735000e-01  7.722000e-01
 8.528400e-01 -1.752500e-01 -2.089200e-01  5.892100e-01
 6.158200e-01 -5.018800e-01 -2.347300e-01  6.208400e-01
 6.087100e-01 -2.149200e-01 -5.406600e-01  9.609900e-01
 4.366100e-01 -1.988400e-01 -3.443400e-01  6.577400e-01
 2.191300e-01 -1.023300e+00 -2.513100e-01  7.395300e-01
 2.660200e-01 -6.806300e-01 -2.407000e-01  6.399400e-01
 1.993800e-01 -2.263000e-01 -6.380300e-01  1.040600e+00
 1.436600e-01 -2.187800e-01 -4.367100e-01  7.103400e-01
 1.194100e+00 -2.752600e-01 -1.692000e-01  2.311500e-01
 9.441600e-01 -7.301500e-01 -1.754900e-01  2.349400e-01
 3.234200e-01 -1.051800e-01 -1.100300e-01  1.640800e-01
 2.998500e-01 -1.279400e-01 -1.231400e-01  4.304300e-01
 2.132700e-01 -1.203000e+00 -1.972800e-01  2.216500e-01
 6.159100e-01 -1.040600e+00 -1.895200e-01  2.344600e-01
 1.100000e-01 -1.512000e-01 -1.128300e-01  1.561600e-01
 1.100900e-01 -1.771800e-01 -1.361900e-01  4.334600e-01
 8.218800e-01 -2.070300e-01 -1.293500e-01  2.210100e-01
 6.356900e-01 -5.344700e-01 -1.446400e-01  2.759000e-01
 5.213400e-01 -1.792500e-01 -1.148400e-01  1.782700e-01
 4.283500e-01 -2.733400e-01 -1.614400e-01  3.772200e-01
 1.665300e-01 -7.970800e-01 -1.260400e-01  1.920500e-01
 3.497200e-01 -7.096700e-01 -1.502500e-01  3.388800e-01
 1.405900e-01 -4.358300e-01 -1.093600e-01  1.517700e-01
 1.723300e-01 -4.077400e-01 -1.590700e-01  3.672400e-01
-8.921700e-01 -2.191600e-01 -8.845600e-01  2.134700e-01
-6.321600e-01 -5.397000e-01 -8.552900e-01  1.955200e-01
-5.353600e-01 -1.738800e-01 -1.107100e+00  2.478900e-01
-3.875000e-01 -1.657700e-01 -7.946200e-01  1.905000e-01
-2.282600e-01 -7.503700e-01 -1.089100e+00  3.226800e-01
-2.086000e-01 -5.984500e-01 -8.599100e-01  1.712200e-01
-1.749800e-01 -2.313800e-01 -1.199000e+00  2.655800e-01
-1.295600e-01 -2.229100e-01 -8.226300e-01  2.098400e-01
-8.588300e-01 -1.948200e-01 -6.296000e-01  5.211700e-01
-5.996900e-01 -4.903900e-01 -5.976200e-01  4.873900e-01
-5.767900e-01 -2.041300e-01 -8.955600e-01  6.939500e-01
-4.273700e-01 -2.055500e-01 -6.164400e-01  4.852900e-01
-2.427600e-01 -7.652900e-01 -7.721900e-01  7.643900e-01
-2.202900e-01 -6.264000e-01 -5.968400e-01  5.189500e-01
-1.848000e-01 -2.426000e-01 -9.716800e-01  7.236700e-01
-1.501800e-01 -2.859300e-01 -6.479900e-01  5.260700e-01
-1.117800e+00 -2.587100e-01 -5.266600e-01  1.730600e-01
-8.859100e-01 -7.032700e-01 -5.604000e-01  1.991200e-01
-3.332600e-01 -1.064200e-01 -3.405300e-01  1.086000e-01
-3.276900e-01 -1.417600e-01 -5.328600e-01  1.572900e-01
-1.832400e-01 -1.083100e+00 -6.281400e-01  2.161900e-01
-5.381200e-01 -9.695600e-01 -5.925100e-01  2.180800e-01
-1.071000e-01 -1.573700e-01 -3.328000e-01  1.092800e-01
-1.141600e-01 -1.839100e-01 -5.249100e-01  1.758800e-01
-7.985000e-01 -1.889000e-01 -3.857200e-01  1.611400e-01
-6.074700e-01 -5.014300e-01 -4.165400e-01  1.933900e-01
-5.315200e-01 -1.631200e-01 -3.277500e-01  1.362100e-01
-4.385000e-01 -2.682200e-01 -4.334200e-01  2.446700e-01
-1.495400e-01 -7.457800e-01 -3.719000e-01  1.380400e-01
-3.071300e-01 -6.691800e-01 -4.370100e-01  2.362200e-01
-1.263100e-01 -4.364000e-01 -3.034300e-01  1.175300e-01
-1.628700e-01 -4.006400e-01 -4.219400e-01  2.619300e-01
-1.095700e+00 -2.959000e-01 -2.268000e-01  7.434500e-01
-8.105200e-01 -7.444800e-01 -2.373000e-01  7.476700e-01
-6.244700e-01 -2.119900e-01 -1.794600e-01  1.069900e+00
-3.690700e-01 -1.433900e-01 -1.471700e-01  7.269600e-01
-2.569800e-01 -6.843900e-01 -2.559700e-01  1.124800e+00
-1.640400e-01 -5.597800e-01 -1.524400e-01  8.168700e-01
-2.001100e-01 -2.133400e-01 -2.169500e-01  1.190300e+00
-1.293300e-01 -2.068200e-01 -1.735000e-01  7.722000e-01
-8.528400e-01 -1.752500e-01 -2.089200e-01  5.892100e-01
-6.158200e-01 -5.018800e-01 -2.347300e-01  6.208400e-01
-6.087100e-01 -2.149200e-01 -5.406600e-01  9.609900e-01
-4.366100e-01 -1.988400e-01 -3.443400e-01  6.577400e-01
-2.191300e-01 -1.023300e+00 -2.513100e-01  7.395300e-01
-2.660200e-01 -6.806300e-01 -2.407000e-01  6.399400e-01
-1.993800e-01 -2.263000e-01 -6.380300e-01  1.040600e+00
-1.436600e-01 -2.187800e-01 -4.367100e-01  7.103400e-01
-1.194100e+00 -2.752600e-01 -1.692000e-01  2.311500e-01
-9.441600e-01 -7.301500e-01 -1.754900e-01  2.349400e-01
-3.234200e-01 -1.051800e-01 -1.100300e-01  1.640800e-01
-2.998500e-01 -1.279400e-01 -1.231400e-01  4.304300e-01
-2.132700e-01 -1.203000e+00 -1.972800e-01  2.216500e-01
-6.159100e-01 -1.040600e+00 -1.895200e-01  2.344600e-01
-1.100000e-01 -1.512000e-01 -1.128300e-01  1.561600e-01
-1.100900e-01 -1.771800e-01 -1.361900e-01  4.334600e-01
-8.218800e-01 -2.070300e-01 -1.293500e-01  2.210100e-01
-6.356900e-01 -5.344700e-01 -1.446400e-01  2.759000e-01
-5.213400e-01 -1.792500e-01 -1.148400e-01  1.782700e-01
-4.283500e-01 -2.733400e-01 -1.614400e-01  3.772200e-01
-1.665300e-01 -7.970800e-01 -1.260400e-01  1.920500e-01
-3.497200e-01 -7.096700e-01 -1.502500e-01  3.388800e-01
-1.405900e-01 -4.358300e-01 -1.093600e-01  1.517700e-01
-1.723300e-01 -4.077400e-01 -1.590700e-01  3.672400e-01
 8.921700e-01  2.191600e-01  8.845600e-01 -2.134700e-01
 6.321600e-01  5.397000e-01  8.552900e-01 -1.955200e-01
 5.353600e-01  1.738800e-01  1.107100e+00 -2.478900e-01
 3.875000e-01  1.657700e-01  7.946200e-01 -1.905000e-01
 2.282600e-01  7.503700e-01  1.089100e+00 -3.226800e-01
 2.086000e-01  5.984500e-01  8.599100e-01 -1.712200e-01
 1.749800e-01  2.313800e-01  1.199000e+00 -2.655800e-01
 1.295600e-01  2.229100e-01  8.226300e-01 -2.098400e-01
 8.588300e-01  1.948200e-01  6.296000e-01 -5.211700e-01
 5.996900e-01  4.903900e-01  5.976200e-01 -4.873900e-01
 5.767900e-01  2.041300e-01  8.955600e-01 -6.939500e-01
 4.273700e-01  2.055500e-01  6.164400e-01 -4.852900e-01
 2.427600e-01  7.652900e-01  7.721900e-01 -7.643900e-01
 2.202900e-01  6.264000e-01  5.968400e-01 -5.189500e-01
 1.848000e-01  2.426000e-01  9.716800e-01 -7.236700e-01
 1.501800e-01  2.859300e-01  6.479900e-01 -5.260700e-01
 1.117800e+00  2.587100e-01  5.266600e-01 -1.730600e-01
 8.859100e-01  7.032700e-01  5.604000e-01 -1.991200e-01
 3.332600e-01  1.064200e-01  3.405300e-01 -1.086000e-01
 3.276900e-01  1.417600e-01  5.328600e-01 -1.572900e-01
 1.832400e-01  1.083100e+00  6.281400e-01 -2.161900e-01
 5.381200e-01  9.695600e-01  5.925100e-01 -2.180800e-01
 1.071000e-01  1.573700e-01  3.328000e-01 -1.092800e-01
 1.141600e-01  1.839100e-01  5.249100e-01 -1.758800e-01
 7.985000e-01  1.889000e-01  3.857200e-01 -1.611400e-01
 6.074700e-01  5.014300e-01  4.165400e-01 -1.933900e-01
 5.315200e-01  1.631200e-01  3.277500e-01 -1.362100e-01
 4.385000e-01  2.682200e-01  4.334200e-01 -2.446700e-01
 1.495400e-01  7.457800e-01  3.719000e-01 -1.380400e-01
 3.071300e-01  6.691800e-01  4.370100e-01 -2.362200e-01
 1.263100e-01  4.364000e-01  3.034300e-01 -1.175300e-01
 1.628700e-01  4.006400e-01  4.219400e-01 -2.619300e-01
 1.095700e+00  2.959000e-01  2.268000e-01 -7.434500e-01
 8.105200e-01  7.444800e-01  2.373000e-01 -7.476700e-01
 6.244700e-01  2.119900e-01  1.794600e-01 -1.069900e+00
 3.690700e-01  1.433900e-01  1.471700e-01 -7.269600e-01
 2.569800e-01  6.843900e-01  2.559700e-01 -1.124800e+00
 1.640400e-01  5.597800e-01  1.524400e-01 -8.168700e-01
 2.001100e-01  2.133400e-01  2.169500e-01 -1.190300e+00
 1.293300e-01  2.068200e-01  1.735000e-01 -7.722000e-01
 8.528400e-01  1.752500e-01  2.089200e-01 -5.892100e-01
 6.158200e-01  5.018800e-01  2.347300e-01 -6.208400e-01
 6.087100e-01  2.149200e-01  5.406600e-01 -9.609900e-01
 4.366100e-01  1.988400e-01  3.443400e-01 -6.577400e-01
 2.191300e-01  1.023300e+00  2.513100e-01 -7.395300e-01
 2.660200e-01  6.806300e-01  2.407000e-01 -6.399400e-01
 1.993800e-01  2.263000e-01  6.380300e-01 -1.040600e+00
 1.436600e-01  2.187800e-01  4.367100e-01 -7.103400e-01
 1.194100e+00  2.752600e-01  1.692000e-01 -2.311500e-01
 9.441600e-01  7.301500e-01  1.754900e-01 -2.349400e-01
 3.234200e-01  1.051800e-01  1.100300e-01 -1.640800e-01
 2.998500e-01  1.279400e-01  1.231400e-01 -4.304300e-01
 2.132700e-01  1.203000e+00  1.972800e-01 -2.216500e-01
 6.159100e-01  1.040600e+00  1.895200e-01 -2.344600e-01
 1.100000e-01  1.512000e-01  1.128300e-01 -1.561600e-01
 1.100900e-01  1.771800e-01  1.361900e-01 -4.334600e-01
 8.218800e-01  2.070300e-01  1.293500e-01 -2.210100e-01
 6.356900e-01  5.344700e-01  1.446400e-01 -2.759000e-01
 5.213400e-01  1.792500e-01  1.148400e-01 -1.782700e-01
 4.283500e-01  2.733400e-01  1.614400e-01 -3.772200e-01
 1.665300e-01  7.970800e-01  1.260400e-01 -1.920500e-01
 3.497200e-01  7.096700e-01  1.502500e-01 -3.388800e-01
 1.405900e-01  4.358300e-01  1.093600e-01 -1.517700e-01
 1.723300e-01  4.077400e-01  1.590700e-01 -3.672400e-01
-8.921700e-01  2.191600e-01  8.845600e-01 -2.134700e-01
-6.321600e-01  5.397000e-01  8.552900e-01 -1.955200e-01
-5.353600e-01  1.738800e-01  1.107100e+00 -2.478900e-01
-3.875000e-01  1.657700e-01  7.946200e-01 -1.905000e-01
-2.282600e-01  7.503700e-01  1.089100e+00 -3.226800e-01
-2.086000e-01  5.984500e-01  8.599100e-01 -1.712200e-01
-1.749800e-01  2.313800e-01  1.199000e+00 -2.655800e-01
-1.295600e-01  2.229100e-01  8.226300e-01 -2.098400e-01
-8.588300e-01  1.948200e-01  6.296000e-01 -5.211700e-01
-5.996900e-01  4.903900e-01  5.976200e-01 -4.873900e-01
-5.767900e-01  2.041300e-01  8.955600e-01 -6.939500e-01
-4.273700e-01  2.055500e-01  6.164400e-01 -4.852900e-01
-2.427600e-01  7.652900e-01  7.721900e-01 -7.643900e-01
-2.202900e-01  6.264000e-01  5.968400e-01 -5.189500e-01
-1.848000e-01  2.426000e-01  9.716800e-01 -7.236700e-01
-1.501800e-01  2.859300e-01  6.479900e-01 -5.260700e-01
-1.117800e+00  2.587100e-01  5.266600e-01 -1.730600e-01
-8.859100e-01  7.032700e-01  5.604000e-01 -1.991200e-01
-3.332600e-01  1.064200e-01  3.405300e-01 -1.086000e-01
-3.276900e-01  1.417600e-01  5.328600e-01 -1.572900e-01
-1.832400e-01  1.083100e+00  6.281400e-01 -2.161900e-01
-5.381200e-01  9.695600e-01  5.925100e-01 -2.180800e-01
-1.071000e-01  1.573700e-01  3.328000e-01 -1.092800e-01
-1.141600e-01  1.839100e-01  5.249100e-01 -1.758800e-01
-7.985000e-01  1.889000e-01  3.857200e-01 -1.611400e-01
-6.074700e-01  5.014300e-01  4.165400e-01 -1.933900e-01
-5.315200e-01  1.631200e-01  3.277500e-01 -1.362100e-01
-4.385000e-01  2.682200e-01  4.334200e-01 -2.446700e-01
-1.495400e-01  7.457800e-01  3.719000e-01 -1.380400e-01
-3.071300e-01  6.691800e-01  4.370100e-01 -2.362200e-01
-1.263100e-01  4.364000e-01  3.034300e-01 -1.175300e-01
-1.628700e-01  4.006400e-01  4.219400e-01 -2.619300e-01
-1.095700e+00  2.959000e-01  2.268000e-01 -7.434500e-01
-8.105200e-01  7.444800e-01  2.373000e-01 -7.476700e-01
-6.244700e-01  2.119900e-01  1.794600e-01 -1.069900e+00
-3.690700e-01  1.433900e-01  1.471700e-01 -7.269600e-01
-2.569800e-01  6.843900e-01  2.559700e-01 -1.124800e+00
-1.640400e-01  5.597800e-01  1.524400e-01 -8.168700e-01
-2.001100e-01  2.133400e-01  2.169500e-01 -1.190300e+00
-1.293300e-01  2.068200e-01  1.735000e-01 -7.722000e-01
-8.528400e-01  1.752500e-01  2.089200e-01 -5.892100e-01
-6.158200e-01  5.018800e-01  2.347300e-01 -6.208400e-01
-6.087100e-01  2.149200e-01  5.406600e-01 -9.609900e-01
-4.366100e-01  1.988400e-01  3.443400e-01 -6.577400e-01
-2.191300e-01  1.023300e+00  2.513100e-01 -7.395300e-01
-2.660200e-01  6.806300e-01  2.407000e-01 -6.399400e-01
-1.993800e-01  2.263000e-01  6.380300e-01 -1.040600e+00
-1.436600e-01  2.187800e-01  4.367100e-01 -7.103400e-01
-1.194100e+00  2.752600e-01  1.692000e-01 -2.311500e-01
-9.441600e-01  7.301500e-01  1.754900e-01 -2.349400e-01
-3.234200e-01  1.051800e-01  1.100300e-01 -1.640800e-01
-2.998500e-01  1.279400e-01  1.231400e-01 -4.304300e-01
-2.132700e-01  1.203000e+00  1.972800e-01 -2.216500e-01
-6.159100e-01  1.040600e+00  1.895200e-01 -2.344600e-01
-1.100000e-01  1.512000e-01  1.128300e-01 -1.561600e-01
-1.100900e-01  1.771800e-01  1.361900e-01 -4.334600e-01
-8.218800e-01  2.070300e-01  1.293500e-01 -2.210100e-01
-6.356900e-01  5.344700e-01  1.446400e-01 -2.759000e-01
-5.213400e-01  1.792500e-01  1.148400e-01 -1.782700e-01
-4.283500e-01  2.733400e-01  1.614400e-01 -3.772200e-01
-1.665300e-01  7.970800e-01  1.260400e-01 -1.920500e-01
-3.497200e-01  7.096700e-01  1.502500e-01 -3.388800e-01
-1.405900e-01  4.358300e-01  1.093600e-01 -1.517700e-01
-1.723300e-01  4.077400e-01  1.590700e-01 -3.672400e-01
 8.921700e-01 -2.191600e-01  8.845600e-01 -2.134700e-01
 6.321600e-01 -5.397000e-01  8.552900e-01 -1.955200e-01
 5.353600e-01 -1.738800e-01  1.107100e+00 -2.478900e-01
 3.875000e-01 -1.657700e-01  7.946200e-01 -1.905000e-01
 2.282600e-01 -7.503700e-01  1.089100e+00 -3.226800e-01
 2.086000e-01 -5.984500e-01  8.599100e-01 -1.712200e-01
 1.749800e-01 -2.313800e-01  1.199000e+00 -2.655800e-01
 1.295600e-01 -2.229100e-01  8.226300e-01 -2.098400e-01
 8.588300e-01 -1.948200e-01  6.296000e-01 -5.211700e-01
 5.996900e-01 -4.903900e-01  5.976200e-01 -4.873900e-01
 5.767900e-01 -2.041300e-01  8.955600e-01 -6.939500e-01
 4.273700e-01 -2.055500e-01  6.164400e-01 -4.852900e-01
 2.427600e-01 -7.652900e-01  7.721900e-01 -7.643900e-01
 2.202900e-01 -6.264000e-01  5.968400e-01 -5.189500e-01
 1.848000e-01 -2.426000e-01  9.716800e-01 -7.236700e-01
 1.501800e-01 -2.859300e-01  6.479900e-01 -5.260700e-01
 1.117800e+00 -2.587100e-01  5.266600e-01 -1.730600e-01
 8.859100e-01 -7.032700e-01  5.604000e-01 -1.991200e-01
 3.332600e-01 -1.064200e-01  3.405300e-01 -1.086000e-01
 3.276900e-01 -1.417600e-01  5.328600e-01 -1.572900e-01
 1.832400e-01 -1.083100e+00  6.281400e-01 -2.161900e-01
 5.381200e-01 -9.695600e-01  5.925100e-01 -2.180800e-01
 1.071000e-01 -1.573700e-01  3.328000e-01 -1.092800e-01
 1.141600e-01 -1.839100e-01  5.249100e-01 -1.758800e-01
 7.985000e-01 -1.889000e-01  3.857200e-01 -1.611400e-01
 6.074700e-01 -5.014300e-01  4.165400e-01 -1.933900e-01
 5.315200e-01 -1.631200e-01  3.277500e-01 -1.362100e-01
 4.385000e-01 -2.682200e-01  4.334200e-01 -2.446700e-01
 1.495400e-01 -7.457800e-01  3.719000e-01 -1.380400e-01
 3.071300e-01 -6.691800e-01  4.370100e-01 -2.362200e-01
 1.263100e-01 -4.364000e-01  3.034300e-01 -1.175300e-01
 1.628700e-01 -4.006400e-01  4.219400e-01 -2.619300e-01
 1.095700e+00 -2.959000e-01  2.268000e-01 -7.434500e-01
 8.105200e-01 -7.444800e-01  2.373000e-01 -7.476700e-01
 6.244700e-01 -2.119900e-01  1.794600e-01 -1.069900e+00
 3.690700e-01 -1.433900e-01  1.471700e-01 -7.269600e-01
 2.569800e-01 -6.843900e-01  2.559700e-01 -1.124800e+00
 1.640400e-01 -5.597800e-01  1.524400e-01 -8.168700e-01
 2.001100e-01 -2.133400e-01  2.169500e-01 -1.190300e+00
 1.293300e-01 -2.068200e-01  1.735000e-01 -7.722000e-01
 8.528400e-01 -1.752500e-01  2.089200e-01 -5.892100e-01
 6.158200e-01 -5.018800e-01  2.347300e-01 -6.208400e-01
 6.087100e-01 -2.149200e-01  5.406600e-01 -9.609900e-01
 4.366100e-01 -1.988400e-01  3.443400e-01 -6.577400e-01
 2.191300e-01 -1.023300e+00  2.513100e-01 -7.395300e-01
 2.660200e-01 -6.806300e-01  2.407000e-01 -6.399400e-01
 1.993800e-01 -2.263000e-01  6.380300e-01 -1.040600e+00
 1.436600e-01 -2.187800e-01  4.367100e-01 -7.103400e-01
 1.194100e+00 -2.752600e-01  1.692000e-01 -2.311500e-01
 9.441600e-01 -7.301500e-01  1.754900e-01 -2.349400e-01
 3.234200e-01 -1.051800e-01  1.100300e-01 -1.640800e-01
 2.998500e-01 -1.279400e-01  1.231400e-01 -4.304300e-01
 2.132700e-01 -1.203000e+00  1.972800e-01 -2.216500e-01
 6.159100e-01 -1.040600e+00  1.895200e-01 -2.344600e-01
 1.100000e-01 -1.512000e-01  1.128300e-01 -1.561600e-01
 1.100900e-01 -1.771800e-01  1.361900e-01 -4.334600e-01
 8.218800e-01 -2.070300e-01  1.293500e-01 -2.210100e-01
 6.356900e-01 -5.344700e-01  1.446400e-01 -2.759000e-01
 5.213400e-01 -1.792500e-01  1.148400e-01 -1.782700e-01
 4.283500e-01 -2.733400e-01  1.614400e-01 -3.772200e-01
 1.665300e-01 -7.970800e-01  1.260400e-01 -1.920500e-01
 3.497200e-01 -7.096700e-01  1.502500e-01 -3.388800e-01
 1.405900e-01 -4.358300e-01  1.093600e-01 -1.517700e-01
 1.723300e-01 -4.077400e-01  1.590700e-01 -3.672400e-01
-8.921700e-01 -2.191600e-01  8.845600e-01 -2.134700e-01
-6.321600e-01 -5.397000e-01  8.552900e-01 -1.955200e-01
-5.353600e-01 -1.738800e-01  1.107100e+00 -2.478900e-01
-3.875000e-01 -1.657700e-01  7.946200e-01 -1.905000e-01
-2.282600e-01 -7.503700e-01  1.089100e+00 -3.226800e-01
-2.086000e-01 -5.984500e-01  8.599100e-01 -1.712200e-01
-1.749800e-01 -2.313800e-01  1.199000e+00 -2.655800e-01
-1.295600e-01 -2.229100e-01  8.226300e-01 -2.098400e-01
-8.588300e-01 -1.948200e-01  6.296000e-01 -5.211700e-01
-5.996900e-01 -4.903900e-01  5.976200e-01 -4.873900e-01
-5.767900e-01 -2.041300e-01  8.955600e-01 -6.939500e-01
-4.273700e-01 -2.055500e-01  6.164400e-01 -4.852900e-01
-2.427600e-01 -7.652900e-01  7.721900e-01 -7.643900e-01
-2.202900e-01 -6.264000e-01  5.968400e-01 -5.189500e-01
-1.848000e-01 -2.426000e-01  9.716800e-01 -7.236700e-01
-1.501800e-01 -2.859300e-01  6.479900e-01 -5.260700e-01
-1.117800e+00 -2.587100e-01  5.266600e-01 -1.730600e-01
-8.859100e-01 -7.032700e-01  5.604000e-01 -1.991200e-01
-3.332600e-01 -1.064200e-01  3.405300e-01 -1.086000e-01
-3.276900e-01 -1.417600e-01  5.328600e-01 -1.572900e-01
-1.832400e-01 -1.083100e+00  6.281400e-01 -2.161900e-01
-5.381200e-01 -9.695600e-01  5.925100e-01 -2.180800e-01
-1.071000e-01 -1.573700e-01  3.328000e-01 -1.092800e-01
-1.141600e-01 -1.839100e-01  5.249100e-01 -1.758800e-01
-7.985000e-01 -1.889000e-01  3.857200e-01 -1.611400e-01
-6.074700e-01 -5.014300e-01  4.165400e-01 -1.933900e-01
-5.315200e-01 -1.631200e-01  3.277500e-01 -1.362100e-01
-4.385000e-01 -2.682200e-01  4.334200e-01 -2.446700e-01
-1.495400e-01 -7.457800e-01  3.719000e-01 -1.380400e-01
-3.071300e-01 -6.691800e-01  4.370100e-01 -2.362200e-01
-1.263100e-01 -4.364000e-01  3.034300e-01 -1.175300e-01
-1.628700e-01 -4.006400e-01  4.219400e-01 -2.619300e-01
-1.095700e+00 -2.959000e-01  2.268000e-01 -7.434500e-01
-8.105200e-01 -7.444800e-01  2.373000e-01 -7.476700e-01
-6.244700e-01 -2.119900e-01  1.794600e-01 -1.069900e+00
-3.690700e-01 -1.433900e-01  1.471700e-01 -7.269600e-01
-2.569800e-01 -6.843900e-01  2.559700e-01 -1.124800e+00
-1.640400e-01 -5.597800e-01  1.524400e-01 -8.168700e-01
-2.001100e-01 -2.133400e-01  2.169500e-01 -1.190300e+00
-1.293300e-01 -2.068200e-01  1.735000e-01 -7.722000e-01
-8.528400e-01 -1.752500e-01  2.089200e-01 -5.892100e-01
-6.158200e-01 -5.018800e-01  2.347300e-01 -6.208400e-01
-6.087100e-01 -2.149200e-01  5.406600e-01 -9.609900e-01
-4.366100e-01 -1.988400e-01  3.443400e-01 -6.577400e-01
-2.191300e-01 -1.023300e+00  2.513100e-01 -7.395300e-01
-2.660200e-01 -6.806300e-01  2.407000e-01 -6.399400e-01
-1.993800e-01 -2.263000e-01  6.380300e-01 -1.040600e+00
-1.436600e-01 -2.187800e-01  4.367100e-01 -7.103400e-01
-1.194100e+00 -2.752600e-01  1.692000e-01 -2.311500e-01
-9.441600e-01 -7.301500e-01  1.754900e-01 -2.349400e-01
-3.234200e-01 -1.051800e-01  1.100300e-01 -1.640800e-01
-2.998500e-01 -1.279400e-01  1.231400e-01 -4.304300e-01
-2.132700e-01 -1.203000e+00  1.972800e-01 -2.216500e-01
-6.159100e-01 -1.040600e+00  1.895200e-01 -2.344600e-01
-1.100000e-01 -1.512000e-01  1.128300e-01 -1.561600e-01
-1.100900e-01 -1.771800e-01  1.361900e-01 -4.334600e-01
-8.218800e-01 -2.070300e-01  1.293500e-01 -2.210100e-01
-6.356900e-01 -5.344700e-01  1.446400e-01 -2.759000e-01
-5.213400e-01 -1.792500e-01  1.148400e-01 -1.782700e-01
-4.283500e-01 -2.733400e-01  1.614400e-01 -3.772200e-01
-1.665300e-01 -7.970800e-01  1.260400e-01 -1.920500e-01
-3.497200e-01 -7.096700e-01  1.502500e-01 -3.388800e-01
-1.405900e-01 -4.358300e-01  1.093600e-01 -1.517700e-01
-1.723300e-01 -4.077400e-01  1.590700e-01 -3.672400e-01
 8.921700e-01  2.191600e-01 -8.845600e-01 -2.134700e-01
 6.321600e-01  5.397000e-01 -8.552900e-01 -1.955200e-01
 5.353600e-01  1.738800e-01 -1.107100e+00 -2.478900e-01
 3.875000e-01  1.657700e-01 -7.946200e-01 -1.905000e-01
 2.282600e-01  7.503700e-01 -1.089100e+00 -3.226800e-01
 2.086000e-01  5.984500e-01 -8.599100e-01 -1.712200e-01
 1.749800e-01  2.313800e-01 -1.199000e+00 -2.655800e-01
 1.295600e-01  2.229100e-01 -8.226300e-01 -2.098400e-01
 8.588300e-01  1.948200e-01 -6.296000e-01 -5.211700e-01
 5.996900e-01  4.903900e-01 -5.976200e-01 -4.873900e-01
 5.767900e-01  2.041300e-01 -8.955600e-01 -6.939500e-01
 4.273700e-01  2.055500e-01 -6.164400e-01 -4.852900e-01
 2.427600e-01  7.652900e-01 -7.721900e-01 -7.643900e-01
 2.202900e-01  6.264000e-01 -5.968400e-01 -5.189500e-01
 1.848000e-01  2.426000e-01 -9.716800e-01 -7.236700e-01
 1.501800e-01  2.859300e-01 -6.479900e-01 -5.260700e-01
 1.117800e+00  2.587100e-01 -5.266600e-01 -1.730600e-01
 8.859100e-01  7.032700e-01 -5.604000e-01 -1.991200e-01
 3.332600e-01  1.064200e-01 -3.405300e-01 -1.086000e-01
 3.276900e-01  1.417600e-01 -5.328600e-01 -1.572900e-01
 1.832400e-01  1.083100e+00 -6.281400e-01 -2.161900e-01
 5.381200e-01  9.695600e-01 -5.925100e-01 -2.180800e-01
 1.071000e-01  1.573700e-01 -3.328000e-01 -1.092800e-01
 1.141600e-01  1.839100e-01 -5.249100e-01 -1.758800e-01
 7.985000e-01  1.889000e-01 -3.857200e-01 -1.611400e-01
 6.074700e-01  5.014300e-01 -4.165400e-01 -1.933900e-01
 5.315200e-01  1.631200e-01 -3.277500e-01 -1.362100e-01
 4.385000e-01  2.682200e-01 -4.334200e-01 -2.446700e-01
 1.495400e-01  7.457800e-01 -3.719000e-01 -1.380400e-01
 3.071300e-01  6.691800e-01 -4.370100e-01 -2.362200e-01
 1.263100e-01  4.364000e-01 -3.034300e-01 -1.175300e-01
 1.628700e-01  4.006400e-01 -4.219400e-01 -2.619300e-01
 1.095700e+00  2.959000e-01 -2.268000e-01 -7.434500e-01
 8.105200e-01  7.444800e-01 -2.373000e-01 -7.476700e-01
 6.244700e-01  2.119900e-01 -1.794600e-01 -1.069900e+00
 3.690700e-01  1.433900e-01 -1.471700e-01 -7.269600e-01
 2.569800e-01  6.843900e-01 -2.559700e-01 -1.124800e+00
 1.640400e-01  5.597800e-01 -1.524400e-01 -8.168700e-01
 2.001100e-01  2.133400e-01 -2.169500e-01 -1.190300e+00
 1.293300e-01  2.068200e-01 -1.735000e-01 -7.722000e-01
 8.528400e-01  1.752500e-01 -2.089200e-01 -5.892100e-01
 6.158200e-01  5.018800e-01 -2.347300e-01 -6.208400e-01
 6.087100e-01  2.149200e-01 -5.406600e-01 -9.609900e-01
 4.366100e-01  1.988400e-01 -3.443400e-01 -6.577400e-01
 2.191300e-01  1.023300e+00 -2.513100e-01 -7.395300e-01
 2.660200e-01  6.806300e-01 -2.407000e-01 -6.399400e-01
 1.993800e-01  2.263000e-01 -6.380300e-01 -1.040600e+00
 1.436600e-01  2.187800e-01 -4.367100e-01 -7.103400e-01
 1.194100e+00  2.752600e-01 -1.692000e-01 -2.311500e-01
 9.441600e-01  7.301500e-01 -1.754900e-01 -2.349400e-01
 3.234200e-01  1.051800e-01 -1.100300e-01 -1.640800e-01
 2.998500e-01  1.279400e-01 -1.231400e-01 -4.304300e-01
 2.132700e-01  1.203000e+00 -1.972800e-01 -2.216500e-01
 6.159100e-01  1.040600e+00 -1.895200e-01 -2.344600e-01
 1.100000e-01  1.512000e-01 -1.128300e-01 -1.561600e-01
 1.100900e-01  1.771800e-01 -1.361900e-01 -4.334600e-01
 8.218800e-01  2.070300e-01 -1.293500e-01 -2.210100e-01
 6.356900e-01  5.344700e-01 -1.446400e-01 -2.759000e-01
 5.213400e-01  1.792500e-01 -1.148400e-01 -1.782700e-01
 4.283500e-01  2.733400e-01 -1.614400e-01 -3.772200e-01
 1.665300e-01  7.970800e-01 -1.260400e-01 -1.920500e-01
 3.497200e-01  7.096700e-01 -1.502500e-01 -3.388800e-01
 1.405900e-01  4.358300e-01 -1.093600e-01 -1.517700e-01
 1.723300e-01  4.077400e-01 -1.590700e-01 -3.672400e-01
-8.921700e-01  2.191600e-01 -8.845600e-01 -2.134700e-01
-6.321600e-01  5.397000e-01 -8.552900e-01 -1.955200e-01
-5.353600e-01  1.738800e-01 -1.107100e+00 -2.478900e-01
-3.875000e-01  1.657700e-01 -7.946200e-01 -1.905000e-01
-2.282600e-01  7.503700e-01 -1.089100e+00 -3.226800e-01
-2.086000e-01  5.984500e-01 -8.599100e-01 -1.712200e-01
-1.749800e-01  2.313800e-01 -1.199000e+00 -2.655800e-01
-1.295600e-01  2.229100e-01 -8.226300e-01 -2.098400e-01
-8.588300e-01  1.948200e-01 -6.296000e-01 -5.211700e-01
-5.996900e-01  4.903900e-01 -5.976200e-01 -4.873900e-01
-5.767900e-01  2.041300e-01 -8.955600e-01 -6.939500e-01
-4.273700e-01  2.055500e-01 -6.164400e-01 -4.852900e-01
-2.427600e-01  7.652900e-01 -7.721900e-01 -7.643900e-01
-2.202900e-01  6.264000e-01 -5.968400e-01 -5.189500e-01
-1.848000e-01  2.426000e-01 -9.716800e-01 -7.236700e-01
-1.501800e-01  2.859300e-01 -6.479900e-01 -5.260700e-01
-1.117800e+00  2.587100e-01 -5.266600e-01 -1.730600e-01
-8.859100e-01  7.032700e-01 -5.604000e-01 -1.991200e-01
-3.332600e-01  1.064200e-01 -3.405300e-01 -1.086000e-01
-3.276900e-01  1.417600e-01 -5.328600e-01 -1.572900e-01
-1.832400e-01  1.083100e+00 -6.281400e-01 -2.161900e-01
-5.381200e-01  9.695600e-01 -5.925100e-01 -2.180800e-01
-1.071000e-01  1.573700e-01 -3.328000e-01 -1.092800e-01
-1.141600e-01  1.839100e-01 -5.249100e-01 -1.758800e-01
-7.985000e-01  1.889000e-01 -3.857200e-01 -1.611400e-01
-6.074700e-01  5.014300e-01 -4.165400e-01 -1.933900e-01
-5.315200e-01  1.631200e-01 -3.277500e-01 -1.362100e-01
-4.385000e-01  2.682200e-01 -4.334200e-01 -2.446700e-01
-1.495400e-01  7.457800e-01 -3.719000e-01 -1.380400e-01
-3.071300e-01  6.691800e-01 -4.370100e-01 -2.362200e-01
-1.263100e-01  4.364000e-01 -3.034300e-01 -1.175300e-01
-1.628700e-01  4.006400e-01 -4.219400e-01 -2.619300e-01
-1.095700e+00  2.959000e-01 -2.268000e-01 -7.434500e-01
-8.105200e-01  7.444800e-01 -2.373000e-01 -7.476700e-01
-6.244700e-01  2.119900e-01 -1.794600e-01 -1.069900e+00
-3.690700e-01  1.433900e-01 -1.471700e-01 -7.269600e-01
-2.569800e-01  6.843900e-01 -2.559700e-01 -1.124800e+00
-1.640400e-01  5.597800e-01 -1.524400e-01 -8.168700e-01
-2.001100e-01  2.133400e-01 -2.169500e-01 -1.190300e+00
-1.293300e-01  2.068200e-01 -1.735000e-01 -7.722000e-01
-8.528400e-01  1.752500e-01 -2.089200e-01 -5.892100e-01
-6.158200e-01  5.018800e-01 -2.347300e-01 -6.208400e-01
-6.087100e-01  2.149200e-01 -5.406600e-01 -9.609900e-01
-4.366100e-01  1.988400e-01 -3.443400e-01 -6.577400e-01
-2.191300e-01  1.023300e+00 -2.513100e-01 -7.395300e-01
-2.660200e-01  6.806300e-01 -2.407000e-01 -6.399400e-01
-1.993800e-01  2.263000e-01 -6.380300e-01 -1.040600e+00
-1.436600e-01  2.187800e-01 -4.367100e-01 -7.103400e-01
-1.194100e+00  2.752600e-01 -1.692000e-01 -2.311500e-01
-9.441600e-01  7.301500e-01 -1.754900e-01 -2.349400e-01
-3.234200e-01  1.051800e-01 -1.100300e-01 -1.640800e-01
-2.998500e-01  1.279400e-01 -1.231400e-01 -4.304300e-01
-2.132700e-01  1.203000e+00 -1.972800e-01 -2.216500e-01
-6.159100e-01  1.040600e+00 -1.895200e-01 -2.344600e-01
-1.100000e-01  1.512000e-01 -1.128300e-01 -1.561600e-01
-1.100900e-01  1.771800e-01 -1.361900e-01 -4.334600e-01
-8.218800e-01  2.070300e-01 -1.293500e-01 -2.210100e-01
-6.356900e-01  5.344700e-01 -1.446400e-01 -2.759000e-01
-5.213400e-01  1.792500e-01 -1.148400e-01 -1.782700e-01
-4.283500e-01  2.733400e-01 -1.614400e-01 -3.772200e-01
-1.665300e-01  7.970800e-01 -1.260400e-01 -1.920500e-01
-3.497200e-01  7.096700e-01 -1.502500e-01 -3.388800e-01
-1.405900e-01  4.358300e-01 -1.093600e-01 -1.517700e-01
-1.723300e-01  4.077400e-01 -1.590700e-01 -3.672400e-01
 8.921700e-01 -2.191600e-01 -8.845600e-01 -2.134700e-01
 6.321600e-01 -5.397000e-01 -8.552900e-01 -1.955200e-01
 5.353600e-01 -1.738800e-01 -1.107100e+00 -2.478900e-01
 3.875000e-01 -1.657700e-01 -7.946200e-01 -1.905000e-01
 2.282600e-01 -7.503700e-01 -1.089100e+00 -3.226800e-01
 2.086000e-01 -5.984500e-01 -8.599100e-01 -1.712200e-01
 1.749800e-01 -2.313800e-01 -1.199000e+00 -2.655800e-01
 1.295600e-01 -2.229100e-01 -8.226300e-01 -2.098400e-01
 8.588300e-01 -1.948200e-01 -6.296000e-01 -5.211700e-01
 5.996900e-01 -4.903900e-01 -5.976200e-01 -4.873900e-01
 5.767900e-01 -2.041300e-01 -8.955600e-01 -6.939500e-01
 4.273700e-01 -2.055500e-01 -6.164400e-01 -4.852900e-01
 2.427600e-01 -7.652900e-01 -7.721900e-01 -7.643900e-01
 2.202900e-01 -6.264000e-01 -5.968400e-01 -5.189500e-01
 1.848000e-01 -2.426000e-01 -9.716800e-01 -7.236700e-01
 1.501800e-01 -2.859300e-01 -6.479900e-01 -5.260700e-01
 1.117800e+00 -2.587100e-01 -5.266600e-01 -1.730600e-01
 8.859100e-01 -7.032700e-01 -5.604000e-01 -1.991200e-01
 3.332600e-01 -1.064200e-01 -3.405300e-01 -1.086000e-01
 3.276900e-01 -1.417600e-01 -5.328600e-01 -1.572900e-01
 1.832400e-01 -1.083100e+00 -6.281400e-01 -2.161900e-01
 5.381200e-01 -9.695600e-01 -5.925100e-01 -2.180800e-01
 1.071000e-01 -1.573700e-01 -3.328000e-01 -1.092800e-01
 1.141600e-01 -1.839100e-01 -5.249100e-01 -1.758800e-01
 7.985000e-01 -1.889000e-01 -3.857200e-01 -1.611400e-01
 6.074700e-01 -5.014300e-01 -4.165400e-01 -1.933900e-01
 5.315200e-01 -1.631200e-01 -3.277500e-01 -1.362100e-01
 4.385000e-01 -2.682200e-01 -4.334200e-01 -2.446700e-01
 1.495400e-01 -7.457800e-01 -3.719000e-01 -1.380400e-01
 3.071300e-01 -6.691800e-01 -4.370100e-01 -2.362200e-01
 1.263100e-01 -4.364000e-01 -3.034300e-01 -1.175300e-01
 1.628700e-01 -4.006400e-01 -4.219400e-01 -2.619300e-01
 1.095700e+00 -2.959000e-01 -2.268000e-01 -7.434500e-01
 8.105200e-01 -7.444800e-01 -2.373000e-01 -7.476700e-01
 6.244700e-01 -2.119900e-01 -1.794600e-01 -1.069900e+00
 3.690700e-01 -1.433900e-01 -1.471700e-01 -7.269600e-01
 2.569800e-01 -6.843900e-01 -2.559700e-01 -1.124800e+00
 1.640400e-01 -5.597800e-01 -1.524400e-01 -8.168700e-01
 2.001100e-01 -2.133400e-01 -2.169500e-01 -1.190300e+00
 1.293300e-01 -2.068200e-01 -1.735000e-01 -7.722000e-01
 8.528400e-01 -1.752500e-01 -2.089200e-01 -5.892100e-01
 6.158200e-01 -5.018800e-01 -2.347300e-01 -6.208400e-01
 6.087100e-01 -2.149200e-01 -5.406600e-01 -9.609900e-01
 4.366100e-01 -1.988400e-01 -3.443400e-01 -6.577400e-01
 2.191300e-01 -1.023300e+00 -2.513100e-01 -7.395300e-01
 2.660200e-01 -6.806300e-01 -2.407000e-01 -6.399400e-01
 1.993800e-01 -2.263000e-01 -6.380300e-01 -1.040600e+00
 1.436600e-01 -2.187800e-01 -4.367100e-01 -7.103400e-01
 1.194100e+00 -2.752600e-01 -1.692000e-01 -2.311500e-01
 9.441600e-01 -7.301500e-01 -1.754900e-01 -2.349400e-01
 3.234200e-01 -1.051800e-01 -1.100300e-01 -1.640800e-01
 2.998500e-01 -1.279400e-01 -1.231400e-01 -4.304300e-01
 2.132700e-01 -1.203000e+00 -1.972800e-01 -2.216500e-01
 6.159100e-01 -1.040600e+00 -1.895200e-01 -2.344600e-01
 1.100000e-01 -1.512000e-01 -1.128300e-01 -1.561600e-01
 1.100900e-01 -1.771800e-01 -1.361900e-01 -4.334600e-01
 8.218800e-01 -2.070300e-01 -1.293500e-01 -2.210100e-01
 6.356900e-01 -5.344700e-01 -1.446400e-01 -2.759000e-01
 5.213400e-01 -1.792500e-01 -1.148400e-01 -1.782700e-01
 4.283500e-01 -2.733400e-01 -1.614400e-01 -3.772200e-01
 1.665300e-01 -7.970800e-01 -1.260400e-01 -1.920500e-01
 3.497200e-01 -7.096700e-01 -1.502500e-01 -3.388800e-01
 1.405900e-01 -4.358300e-01 -1.093600e-01 -1.517700e-01
 1.723300e-01 -4.077400e-01 -1.590700e-01 -3.672400e-01
-8.921700e-01 -2.191600e-01 -8.845600e-01 -2.134700e-01
-6.321600e-01 -5.397000e-01 -8.552900e-01 -1.955200e-01
-5.353600e-01 -1.738800e-01 -1.107100e+00 -2.478900e-01
-3.875000e-01 -1.657700e-01 -7.946200e-01 -1.905000e-01
-2.282600e-01 -7.503700e-01 -1.089100e+00 -3.226800e-01
-2.086000e-01 -5.984500e-01 -8.599100e-01 -1.712200e-01
-1.749800e-01 -2.313800e-01 -1.199000e+00 -2.655800e-01
-1.295600e-01 -2.229100e-01 -8.226300e-01 -2.098400e-01
-8.588300e-01 -1.948200e-01 -6.296000e-01 -5.211700e-01
-5.996900e-01 -4.903900e-01 -5.976200e-01 -4.873900e-01
-5.767900e-01 -2.041300e-01 -8.955600e-01 -6.939500e-01
-4.273700e-01 -2.055500e-01 -6.164400e-01 -4.852900e-01
-2.427600e-01 -7.652900e-01 -7.721900e-01 -7.643900e-01
-2.202900e-01 -6.264000e-01 -5.968400e-01 -5.189500e-01
-1.848000e-01 -2.426000e-01 -9.716800e-01 -7.236700e-01
-1.501800e-01 -2.859300e-01 -6.479900e-01 -5.260700e-01
-1.117800e+00 -2.587100e-01 -5.266600e-01 -1.730600e-01
-8.859100e-01 -7.032700e-01 -5.604000e-01 -1.991200e-01
-3.332600e-01 -1.064200e-01 -3.405300e-01 -1.086000e-01
-3.276900e-01 -1.417600e-01 -5.328600e-01 -1.572900e-01
-1.832400e-01 -1.083100e+00 -6.281400e-01 -2.161900e-01
-5.381200e-01 -9.695600e-01 -5.925100e-01 -2.180800e-01
-1.071000e-01 -1.573700e-01 -3.328000e-01 -1.092800e-01
-1.141600e-01 -1.839100e-01 -5.249100e-01 -1.758800e-01
-7.985000e-01 -1.889000e-01 -3.857200e-01 -1.611400e-01
-6.074700e-01 -5.014300e-01 -4.165400e-01 -1.933900e-01
-5.315200e-01 -1.631200e-01 -3.277500e-01 -1.362100e-01
-4.385000e-01 -2.682200e-01 -4.334200e-01 -2.446700e-01
-1.495400e-01 -7.457800e-01 -3.719000e-01 -1.380400e-01
-3.071300e-01 -6.691800e-01 -4.370100e-01 -2.362200e-01
-1.263100e-01 -4.364000e-01 -3.034300e-01 -1.175300e-01
-1.628700e-01 -4.006400e-01 -4.219400e-01 -2.619300e-01
-1.095700e+00 -2.959000e-01 -2.268000e-01 -7.434500e-01
-8.105200e-01 -7.444800e-01 -2.373000e-01 -7.476700e-01
-6.244700e-01 -2.119900e-01 -1.794600e-01 -1.069900e+00
-3.690700e-01 -1.433900e-01 -1.471700e-01 -7.269600e-01
-2.569800e-01 -6.843900e-01 -2.559700e-01 -1.124800e+00
-1.640400e-01 -5.597800e-01 -1.524400e-01 -8.168700e-01
-2.001100e-01 -2.133400e-01 -2.169500e-01 -1.190300e+00
-1.293300e-01 -2.068200e-01 -1.735000e-01 -7.722000e-01
-8.528400e-01 -1.752500e-01 -2.089200e-01 -5.892100e-01
-6.158200e-01 -5.018800e-01 -2.347300e-01 -6.208400e-01
-6.087100e-01 -2.149200e-01 -5.406600e-01 -9.609900e-01
-4.366100e-01 -1.988400e-01 -3.443400e-01 -6.577400e-01
-2.191300e-01 -1.023300e+00 -2.513100e-01 -7.395300e-01
-2.660200e-01 -6.806300e-01 -2.407000e-01 -6.399400e-01
-1.993800e-01 -2.263000e-01 -6.380300e-01 -1.040600e+00
-1.436600e-01 -2.187800e-01 -4.367100e-01 -7.103400e-01
-1.194100e+00 -2.752600e-01 -1.692000e-01 -2.311500e-01
-9.441600e-01 -7.301500e-01 -1.754900e-01 -2.349400e-01
-3.234200e-01 -1.051800e-01 -1.100300e-01 -1.640800e-01
-2.998500e-01 -1.279400e-01 -1.231400e-01 -4.304300e-01
-2.132700e-01 -1.203000e+00 -1.972800e-01 -2.216500e-01
-6.159100e-01 -1.040600e+00 -1.895200e-01 -2.344600e-01
-1.100000e-01 -1.512000e-01 -1.128300e-01 -1.561600e-01
-1.100900e-01 -1.771800e-01 -1.361900e-01 -4.334600e-01
-8.218800e-01 -2.070300e-01 -1.293500e-01 -2.210100e-01
-6.356900e-01 -5.344700e-01 -1.446400e-01 -2.759000e-01
-5.213400e-01 -1.792500e-01 -1.148400e-01 -1.782700e-01
-4.283500e-01 -2.733400e-01 -1.614400e-01 -3.772200e-01
-1.665300e-01 -7.970800e-01 -1.260400e-01 -1.920500e-01
-3.497200e-01 -7.096700e-01 -1.502500e-01 -3.388800e-01
-1.405900e-01 -4.358300e-01 -1.093600e-01 -1.517700e-01
-1.723300e-01 -4.077400e-01 -1.590700e-01 -3.672400e-01
