 9.120300e-01  9.120300e-01  9.120300e-01  5.576900e-01
 9.120300e-01  9.120300e-01  9.120300e-01  1.932500e+00
-9.120300e-01  9.120300e-01  9.120300e-01  5.576900e-01
-9.120300e-01  9.120300e-01  9.120300e-01  1.932500e+00
 9.120300e-01 -9.120300e-01  9.120300e-01  5.576900e-01
 9.120300e-01 -9.120300e-01  9.120300e-01  1.932500e+00
-9.120300e-01 -9.120300e-01  9.120300e-01  5.576900e-01
-9.120300e-01 -9.120300e-01  9.120300e-01  1.932500e+00
 9.120300e-01  9.120300e-01 -9.120300e-01  5.576900e-01
 9.120300e-01  9.120300e-01 -9.120300e-01  1.932500e+00
-9.120300e-01  9.120300e-01 -9.120300e-01  5.576900e-01
-9.120300e-01  9.120300e-01 -9.120300e-01  1.932500e+00
 9.120300e-01 -9.120300e-01 -9.120300e-01  5.576900e-01
 9.120300e-01 -9.120300e-01 -9.120300e-01  1.932500e+00
-9.120300e-01 -9.120300e-01 -9.120300e-01  5.576900e-01
-9.120300e-01 -9.120300e-01 -9.120300e-01  1.932500e+00
 9.120300e-01  9.120300e-01  9.120300e-01 -5.576900e-01
 9.120300e-01  9.120300e-01  9.120300e-01 -1.932500e+00
-9.120300e-01  9.120300e-01  9.120300e-01 -5.576900e-01
-9.120300e-01  9.120300e-01  9.120300e-01 -1.932500e+00
 9.120300e-01 -9.120300e-01  9.120300e-01 -5.576900e-01
 9.120300e-01 -9.120300e-01  9.120300e-01 -1.932500e+00
-9.120300e-01 -9.120300e-01  9.120300e-01 -5.576900e-01
-9.120300e-01 -9.120300e-01  9.120300e-01 -1.932500e+00
 9.120300e-01  9.120300e-01 -9.120300e-01 -5.576900e-01
 9.120300e-01  9.120300e-01 -9.120300e-01 -1.932500e+00
-9.120300e-01  9.120300e-01 -9.120300e-01 -5.576900e-01
-9.120300e-01  9.120300e-01 -9.120300e-01 -1.932500e+00
 9.120300e-01 -9.120300e-01 -9.120300e-01 -5.576900e-01
 9.120300e-01 -9.120300e-01 -9.120300e-01 -1.932500e+00
-9.120300e-01 -9.120300e-01 -9.120300e-01 -5.576900e-01
-9.120300e-01 -9.120300e-01 -9.120300e-01 -1.932500e+00
