 7.527100e-01  6.622500e-01  1.832300e+00  7.762100e-01
 4.565900e-01  5.601600e-01  5.601600e-01  7.762300e-01
 1.943700e+00  7.585800e-01  7.585800e-01  7.762100e-01
 7.527100e-01  1.832300e+00  6.622500e-01  7.762100e-01
-7.527100e-01  6.622500e-01  1.832300e+00  7.762100e-01
-4.565900e-01  5.601600e-01  5.601600e-01  7.762300e-01
-1.943700e+00  7.585800e-01  7.585800e-01  7.762100e-01
-7.527100e-01  1.832300e+00  6.622500e-01  7.762100e-01
 7.527100e-01 -6.622500e-01  1.832300e+00  7.762100e-01
 4.565900e-01 -5.601600e-01  5.601600e-01  7.762300e-01
 1.943700e+00 -7.585800e-01  7.585800e-01  7.762100e-01
 7.527100e-01 -1.832300e+00  6.622500e-01  7.762100e-01
-7.527100e-01 -6.622500e-01  1.832300e+00  7.762100e-01
-4.565900e-01 -5.601600e-01  5.601600e-01  7.762300e-01
-1.943700e+00 -7.585800e-01  7.585800e-01  7.762100e-01
-7.527100e-01 -1.832300e+00  6.622500e-01  7.762100e-01
 7.527100e-01  6.622500e-01 -1.832300e+00  7.762100e-01
 4.565900e-01  5.601600e-01 -5.601600e-01  7.762300e-01
 1.943700e+00  7.585800e-01 -7.585800e-01  7.762100e-01
 7.527100e-01  1.832300e+00 -6.622500e-01  7.762100e-01
-7.527100e-01  6.622500e-01 -1.832300e+00  7.762100e-01
-4.565900e-01  5.601600e-01 -5.601600e-01  7.762300e-01
-1.943700e+00  7.585800e-01 -7.585800e-01  7.762100e-01
-7.527100e-01  1.832300e+00 -6.622500e-01  7.762100e-01
 7.527100e-01 -6.622500e-01 -1.832300e+00  7.762100e-01
 4.565900e-01 -5.601600e-01 -5.601600e-01  7.762300e-01
 1.943700e+00 -7.585800e-01 -7.585800e-01  7.762100e-01
 7.527100e-01 -1.832300e+00 -6.622500e-01  7.762100e-01
-7.527100e-01 -6.622500e-01 -1.832300e+00  7.762100e-01
-4.565900e-01 -5.601600e-01 -5.601600e-01  7.762300e-01
-1.943700e+00 -7.585800e-01 -7.585800e-01  7.762100e-01
-7.527100e-01 -1.832300e+00 -6.622500e-01  7.762100e-01
 7.527100e-01  6.622500e-01  1.832300e+00 -7.762100e-01
 4.565900e-01  5.601600e-01  5.601600e-01 -7.762300e-01
 1.943700e+00  7.585800e-01  7.585800e-01 -7.762100e-01
 7.527100e-01  1.832300e+00  6.622500e-01 -7.762100e-01
-7.527100e-01  6.622500e-01  1.832300e+00 -7.762100e-01
-4.565900e-01  5.601600e-01  5.601600e-01 -7.762300e-01
-1.943700e+00  7.585800e-01  7.585800e-01 -7.762100e-01
-7.527100e-01  1.832300e+00  6.622500e-01 -7.762100e-01
 7.527100e-01 -6.622500e-01  1.832300e+00 -7.762100e-01
 4.565900e-01 -5.601600e-01  5.601600e-01 -7.762300e-01
 1.943700e+00 -7.585800e-01  7.585800e-01 -7.762100e-01
 7.527100e-01 -1.832300e+00  6.622500e-01 -7.762100e-01
-7.527100e-01 -6.622500e-01  1.832300e+00 -7.762100e-01
-4.565900e-01 -5.601600e-01  5.601600e-01 -7.762300e-01
-1.943700e+00 -7.585800e-01  7.585800e-01 -7.762100e-01
-7.527100e-01 -1.832300e+00  6.622500e-01 -7.762100e-01
 7.527100e-01  6.622500e-01 -1.832300e+00 -7.762100e-01
 4.565900e-01  5.601600e-01 -5.601600e-01 -7.762300e-01
 1.943700e+00  7.585800e-01 -7.585800e-01 -7.762100e-01
 7.527100e-01  1.832300e+00 -6.622500e-01 -7.762100e-01
-7.527100e-01  6.622500e-01 -1.832300e+00 -7.762100e-01
-4.565900e-01  5.601600e-01 -5.601600e-01 -7.762300e-01
-1.943700e+00  7.585800e-01 -7.585800e-01 -7.762100e-01
-7.527100e-01  1.832300e+00 -6.622500e-01 -7.762100e-01
 7.527100e-01 -6.622500e-01 -1.832300e+00 -7.762100e-01
 4.565900e-01 -5.601600e-01 -5.601600e-01 -7.762300e-01
 1.943700e+00 -7.585800e-01 -7.585800e-01 -7.762100e-01
 7.527100e-01 -1.832300e+00 -6.622500e-01 -7.762100e-01
-7.527100e-01 -6.622500e-01 -1.832300e+00 -7.762100e-01
-4.565900e-01 -5.601600e-01 -5.601600e-01 -7.762300e-01
-1.943700e+00 -7.585800e-01 -7.585800e-01 -7.762100e-01
-7.527100e-01 -1.832300e+00 -6.622500e-01 -7.762100e-01
