 7.513000e-01  5.603800e-01  2.016600e+00  6.745200e-01
 2.016600e+00  6.745200e-01  7.513000e-01  5.603800e-01
 4.480200e-01  7.686400e-01  7.450900e-01  4.422100e-01
 7.450900e-01  4.422100e-01  4.480200e-01  7.686400e-01
 8.389200e-01  1.786600e+00  1.798600e+00  8.402100e-01
 1.798600e+00  8.402100e-01  8.389200e-01  1.786600e+00
 6.805100e-01  2.027900e+00  5.660300e-01  7.551500e-01
 5.660300e-01  7.551500e-01  6.805100e-01  2.027900e+00
-7.513000e-01  5.603800e-01  2.016600e+00  6.745200e-01
-2.016600e+00  6.745200e-01  7.513000e-01  5.603800e-01
-4.480200e-01  7.686400e-01  7.450900e-01  4.422100e-01
-7.450900e-01  4.422100e-01  4.480200e-01  7.686400e-01
-8.389200e-01  1.786600e+00  1.798600e+00  8.402100e-01
-1.798600e+00  8.402100e-01  8.389200e-01  1.786600e+00
-6.805100e-01  2.027900e+00  5.660300e-01  7.551500e-01
-5.660300e-01  7.551500e-01  6.805100e-01  2.027900e+00
 7.513000e-01 -5.603800e-01  2.016600e+00  6.745200e-01
 2.016600e+00 -6.745200e-01  7.513000e-01  5.603800e-01
 4.480200e-01 -7.686400e-01  7.450900e-01  4.422100e-01
 7.450900e-01 -4.422100e-01  4.480200e-01  7.686400e-01
 8.389200e-01 -1.786600e+00  1.798600e+00  8.402100e-01
 1.798600e+00 -8.402100e-01  8.389200e-01  1.786600e+00
 6.805100e-01 -2.027900e+00  5.660300e-01  7.551500e-01
 5.660300e-01 -7.551500e-01  6.805100e-01  2.027900e+00
-7.513000e-01 -5.603800e-01  2.016600e+00  6.745200e-01
-2.016600e+00 -6.745200e-01  7.513000e-01  5.603800e-01
-4.480200e-01 -7.686400e-01  7.450900e-01  4.422100e-01
-7.450900e-01 -4.422100e-01  4.480200e-01  7.686400e-01
-8.389200e-01 -1.786600e+00  1.798600e+00  8.402100e-01
-1.798600e+00 -8.402100e-01  8.389200e-01  1.786600e+00
-6.805100e-01 -2.027900e+00  5.660300e-01  7.551500e-01
-5.660300e-01 -7.551500e-01  6.805100e-01  2.027900e+00
 7.513000e-01  5.603800e-01 -2.016600e+00  6.745200e-01
 2.016600e+00  6.745200e-01 -7.513000e-01  5.603800e-01
 4.480200e-01  7.686400e-01 -7.450900e-01  4.422100e-01
 7.450900e-01  4.422100e-01 -4.480200e-01  7.686400e-01
 8.389200e-01  1.786600e+00 -1.798600e+00  8.402100e-01
 1.798600e+00  8.402100e-01 -8.389200e-01  1.786600e+00
 6.805100e-01  2.027900e+00 -5.660300e-01  7.551500e-01
 5.660300e-01  7.551500e-01 -6.805100e-01  2.027900e+00
-7.513000e-01  5.603800e-01 -2.016600e+00  6.745200e-01
-2.016600e+00  6.745200e-01 -7.513000e-01  5.603800e-01
-4.480200e-01  7.686400e-01 -7.450900e-01  4.422100e-01
-7.450900e-01  4.422100e-01 -4.480200e-01  7.686400e-01
-8.389200e-01  1.786600e+00 -1.798600e+00  8.402100e-01
-1.798600e+00  8.402100e-01 -8.389200e-01  1.786600e+00
-6.805100e-01  2.027900e+00 -5.660300e-01  7.551500e-01
-5.660300e-01  7.551500e-01 -6.805100e-01  2.027900e+00
 7.513000e-01 -5.603800e-01 -2.016600e+00  6.745200e-01
 2.016600e+00 -6.745200e-01 -7.513000e-01  5.603800e-01
 4.480200e-01 -7.686400e-01 -7.450900e-01  4.422100e-01
 7.450900e-01 -4.422100e-01 -4.480200e-01  7.686400e-01
 8.389200e-01 -1.786600e+00 -1.798600e+00  8.402100e-01
 1.798600e+00 -8.402100e-01 -8.389200e-01  1.786600e+00
 6.805100e-01 -2.027900e+00 -5.660300e-01  7.551500e-01
 5.660300e-01 -7.551500e-01 -6.805100e-01  2.027900e+00
-7.513000e-01 -5.603800e-01 -2.016600e+00  6.745200e-01
-2.016600e+00 -6.745200e-01 -7.513000e-01  5.603800e-01
-4.480200e-01 -7.686400e-01 -7.450900e-01  4.422100e-01
-7.450900e-01 -4.422100e-01 -4.480200e-01  7.686400e-01
-8.389200e-01 -1.786600e+00 -1.798600e+00  8.402100e-01
-1.798600e+00 -8.402100e-01 -8.389200e-01  1.786600e+00
-6.805100e-01 -2.027900e+00 -5.660300e-01  7.551500e-01
-5.660300e-01 -7.551500e-01 -6.805100e-01  2.027900e+00
 7.513000e-01  5.603800e-01  2.016600e+00 -6.745200e-01
 2.016600e+00  6.745200e-01  7.513000e-01 -5.603800e-01
 4.480200e-01  7.686400e-01  7.450900e-01 -4.422100e-01
 7.450900e-01  4.422100e-01  4.480200e-01 -7.686400e-01
 8.389200e-01  1.786600e+00  1.798600e+00 -8.402100e-01
 1.798600e+00  8.402100e-01  8.389200e-01 -1.786600e+00
 6.805100e-01  2.027900e+00  5.660300e-01 -7.551500e-01
 5.660300e-01  7.551500e-01  6.805100e-01 -2.027900e+00
-7.513000e-01  5.603800e-01  2.016600e+00 -6.745200e-01
-2.016600e+00  6.745200e-01  7.513000e-01 -5.603800e-01
-4.480200e-01  7.686400e-01  7.450900e-01 -4.422100e-01
-7.450900e-01  4.422100e-01  4.480200e-01 -7.686400e-01
-8.389200e-01  1.786600e+00  1.798600e+00 -8.402100e-01
-1.798600e+00  8.402100e-01  8.389200e-01 -1.786600e+00
-6.805100e-01  2.027900e+00  5.660300e-01 -7.551500e-01
-5.660300e-01  7.551500e-01  6.805100e-01 -2.027900e+00
 7.513000e-01 -5.603800e-01  2.016600e+00 -6.745200e-01
 2.016600e+00 -6.745200e-01  7.513000e-01 -5.603800e-01
 4.480200e-01 -7.686400e-01  7.450900e-01 -4.422100e-01
 7.450900e-01 -4.422100e-01  4.480200e-01 -7.686400e-01
 8.389200e-01 -1.786600e+00  1.798600e+00 -8.402100e-01
 1.798600e+00 -8.402100e-01  8.389200e-01 -1.786600e+00
 6.805100e-01 -2.027900e+00  5.660300e-01 -7.551500e-01
 5.660300e-01 -7.551500e-01  6.805100e-01 -2.027900e+00
-7.513000e-01 -5.603800e-01  2.016600e+00 -6.745200e-01
-2.016600e+00 -6.745200e-01  7.513000e-01 -5.603800e-01
-4.480200e-01 -7.686400e-01  7.450900e-01 -4.422100e-01
-7.450900e-01 -4.422100e-01  4.480200e-01 -7.686400e-01
-8.389200e-01 -1.786600e+00  1.798600e+00 -8.402100e-01
-1.798600e+00 -8.402100e-01  8.389200e-01 -1.786600e+00
-6.805100e-01 -2.027900e+00  5.660300e-01 -7.551500e-01
-5.660300e-01 -7.551500e-01  6.805100e-01 -2.027900e+00
 7.513000e-01  5.603800e-01 -2.016600e+00 -6.745200e-01
 2.016600e+00  6.745200e-01 -7.513000e-01 -5.603800e-01
 4.480200e-01  7.686400e-01 -7.450900e-01 -4.422100e-01
 7.450900e-01  4.422100e-01 -4.480200e-01 -7.686400e-01
 8.389200e-01  1.786600e+00 -1.798600e+00 -8.402100e-01
 1.798600e+00  8.402100e-01 -8.389200e-01 -1.786600e+00
 6.805100e-01  2.027900e+00 -5.660300e-01 -7.551500e-01
 5.660300e-01  7.551500e-01 -6.805100e-01 -2.027900e+00
-7.513000e-01  5.603800e-01 -2.016600e+00 -6.745200e-01
-2.016600e+00  6.745200e-01 -7.513000e-01 -5.603800e-01
-4.480200e-01  7.686400e-01 -7.450900e-01 -4.422100e-01
-7.450900e-01  4.422100e-01 -4.480200e-01 -7.686400e-01
-8.389200e-01  1.786600e+00 -1.798600e+00 -8.402100e-01
-1.798600e+00  8.402100e-01 -8.389200e-01 -1.786600e+00
-6.805100e-01  2.027900e+00 -5.660300e-01 -7.551500e-01
-5.660300e-01  7.551500e-01 -6.805100e-01 -2.027900e+00
 7.513000e-01 -5.603800e-01 -2.016600e+00 -6.745200e-01
 2.016600e+00 -6.745200e-01 -7.513000e-01 -5.603800e-01
 4.480200e-01 -7.686400e-01 -7.450900e-01 -4.422100e-01
 7.450900e-01 -4.422100e-01 -4.480200e-01 -7.686400e-01
 8.389200e-01 -1.786600e+00 -1.798600e+00 -8.402100e-01
 1.798600e+00 -8.402100e-01 -8.389200e-01 -1.786600e+00
 6.805100e-01 -2.027900e+00 -5.660300e-01 -7.551500e-01
 5.660300e-01 -7.551500e-01 -6.805100e-01 -2.027900e+00
-7.513000e-01 -5.603800e-01 -2.016600e+00 -6.745200e-01
-2.016600e+00 -6.745200e-01 -7.513000e-01 -5.603800e-01
-4.480200e-01 -7.686400e-01 -7.450900e-01 -4.422100e-01
-7.450900e-01 -4.422100e-01 -4.480200e-01 -7.686400e-01
-8.389200e-01 -1.786600e+00 -1.798600e+00 -8.402100e-01
-1.798600e+00 -8.402100e-01 -8.389200e-01 -1.786600e+00
-6.805100e-01 -2.027900e+00 -5.660300e-01 -7.551500e-01
-5.660300e-01 -7.551500e-01 -6.805100e-01 -2.027900e+00
