 1.334700e+00  3.971300e-01  4.564700e-01  3.521400e-01
 8.282800e-01  8.822500e-01  3.642500e-01  4.018200e-01
 8.786600e-01  3.307600e-01  1.164700e+00  4.305200e-01
 3.567600e-01  3.258100e-01  4.978500e-01  4.475400e-01
 5.057300e-01  1.503500e+00  1.607100e+00  5.343300e-01
 3.556200e-01  1.289400e+00  5.011800e-01  5.209600e-01
 4.098000e-01  5.101600e-01  1.786700e+00  5.462300e-01
 2.934200e-01  4.809700e-01  4.706400e-01  1.078800e+00
 2.181100e+00  5.821300e-01  5.805800e-01  5.398300e-01
 1.617500e+00  1.563700e+00  5.368600e-01  6.362200e-01
 1.670200e+00  5.707200e-01  1.592100e+00  8.120600e-01
 1.511800e+00  5.863800e-01  5.469200e-01  1.696700e+00
 5.731700e-01  1.794000e+00  8.083900e-01  1.606900e+00
 6.056600e-01  2.164200e+00  5.013100e-01  5.627400e-01
 5.842100e-01  5.989400e-01  1.626600e+00  1.623300e+00
 5.113300e-01  5.170700e-01  5.299500e-01  1.938700e+00
-1.334700e+00  3.971300e-01  4.564700e-01  3.521400e-01
-8.282800e-01  8.822500e-01  3.642500e-01  4.018200e-01
-8.786600e-01  3.307600e-01  1.164700e+00  4.305200e-01
-3.567600e-01  3.258100e-01  4.978500e-01  4.475400e-01
-5.057300e-01  1.503500e+00  1.607100e+00  5.343300e-01
-3.556200e-01  1.289400e+00  5.011800e-01  5.209600e-01
-4.098000e-01  5.101600e-01  1.786700e+00  5.462300e-01
-2.934200e-01  4.809700e-01  4.706400e-01  1.078800e+00
-2.181100e+00  5.821300e-01  5.805800e-01  5.398300e-01
-1.617500e+00  1.563700e+00  5.368600e-01  6.362200e-01
-1.670200e+00  5.707200e-01  1.592100e+00  8.120600e-01
-1.511800e+00  5.863800e-01  5.469200e-01  1.696700e+00
-5.731700e-01  1.794000e+00  8.083900e-01  1.606900e+00
-6.056600e-01  2.164200e+00  5.013100e-01  5.627400e-01
-5.842100e-01  5.989400e-01  1.626600e+00  1.623300e+00
-5.113300e-01  5.170700e-01  5.299500e-01  1.938700e+00
 1.334700e+00 -3.971300e-01  4.564700e-01  3.521400e-01
 8.282800e-01 -8.822500e-01  3.642500e-01  4.018200e-01
 8.786600e-01 -3.307600e-01  1.164700e+00  4.305200e-01
 3.567600e-01 -3.258100e-01  4.978500e-01  4.475400e-01
 5.057300e-01 -1.503500e+00  1.607100e+00  5.343300e-01
 3.556200e-01 -1.289400e+00  5.011800e-01  5.209600e-01
 4.098000e-01 -5.101600e-01  1.786700e+00  5.462300e-01
 2.934200e-01 -4.809700e-01  4.706400e-01  1.078800e+00
 2.181100e+00 -5.821300e-01  5.805800e-01  5.398300e-01
 1.617500e+00 -1.563700e+00  5.368600e-01  6.362200e-01
 1.670200e+00 -5.707200e-01  1.592100e+00  8.120600e-01
 1.511800e+00 -5.863800e-01  5.469200e-01  1.696700e+00
 5.731700e-01 -1.794000e+00  8.083900e-01  1.606900e+00
 6.056600e-01 -2.164200e+00  5.013100e-01  5.627400e-01
 5.842100e-01 -5.989400e-01  1.626600e+00  1.623300e+00
 5.113300e-01 -5.170700e-01  5.299500e-01  1.938700e+00
-1.334700e+00 -3.971300e-01  4.564700e-01  3.521400e-01
-8.282800e-01 -8.822500e-01  3.642500e-01  4.018200e-01
-8.786600e-01 -3.307600e-01  1.164700e+00  4.305200e-01
-3.567600e-01 -3.258100e-01  4.978500e-01  4.475400e-01
-5.057300e-01 -1.503500e+00  1.607100e+00  5.343300e-01
-3.556200e-01 -1.289400e+00  5.011800e-01  5.209600e-01
-4.098000e-01 -5.101600e-01  1.786700e+00  5.462300e-01
-2.934200e-01 -4.809700e-01  4.706400e-01  1.078800e+00
-2.181100e+00 -5.821300e-01  5.805800e-01  5.398300e-01
-1.617500e+00 -1.563700e+00  5.368600e-01  6.362200e-01
-1.670200e+00 -5.707200e-01  1.592100e+00  8.120600e-01
-1.511800e+00 -5.863800e-01  5.469200e-01  1.696700e+00
-5.731700e-01 -1.794000e+00  8.083900e-01  1.606900e+00
-6.056600e-01 -2.164200e+00  5.013100e-01  5.627400e-01
-5.842100e-01 -5.989400e-01  1.626600e+00  1.623300e+00
-5.113300e-01 -5.170700e-01  5.299500e-01  1.938700e+00
 1.334700e+00  3.971300e-01 -4.564700e-01  3.521400e-01
 8.282800e-01  8.822500e-01 -3.642500e-01  4.018200e-01
 8.786600e-01  3.307600e-01 -1.164700e+00  4.305200e-01
 3.567600e-01  3.258100e-01 -4.978500e-01  4.475400e-01
 5.057300e-01  1.503500e+00 -1.607100e+00  5.343300e-01
 3.556200e-01  1.289400e+00 -5.011800e-01  5.209600e-01
 4.098000e-01  5.101600e-01 -1.786700e+00  5.462300e-01
 2.934200e-01  4.809700e-01 -4.706400e-01  1.078800e+00
 2.181100e+00  5.821300e-01 -5.805800e-01  5.398300e-01
 1.617500e+00  1.563700e+00 -5.368600e-01  6.362200e-01
 1.670200e+00  5.707200e-01 -1.592100e+00  8.120600e-01
 1.511800e+00  5.863800e-01 -5.469200e-01  1.696700e+00
 5.731700e-01  1.794000e+00 -8.083900e-01  1.606900e+00
 6.056600e-01  2.164200e+00 -5.013100e-01  5.627400e-01
 5.842100e-01  5.989400e-01 -1.626600e+00  1.623300e+00
 5.113300e-01  5.170700e-01 -5.299500e-01  1.938700e+00
-1.334700e+00  3.971300e-01 -4.564700e-01  3.521400e-01
-8.282800e-01  8.822500e-01 -3.642500e-01  4.018200e-01
-8.786600e-01  3.307600e-01 -1.164700e+00  4.305200e-01
-3.567600e-01  3.258100e-01 -4.978500e-01  4.475400e-01
-5.057300e-01  1.503500e+00 -1.607100e+00  5.343300e-01
-3.556200e-01  1.289400e+00 -5.011800e-01  5.209600e-01
-4.098000e-01  5.101600e-01 -1.786700e+00  5.462300e-01
-2.934200e-01  4.809700e-01 -4.706400e-01  1.078800e+00
-2.181100e+00  5.821300e-01 -5.805800e-01  5.398300e-01
-1.617500e+00  1.563700e+00 -5.368600e-01  6.362200e-01
-1.670200e+00  5.707200e-01 -1.592100e+00  8.120600e-01
-1.511800e+00  5.863800e-01 -5.469200e-01  1.696700e+00
-5.731700e-01  1.794000e+00 -8.083900e-01  1.606900e+00
-6.056600e-01  2.164200e+00 -5.013100e-01  5.627400e-01
-5.842100e-01  5.989400e-01 -1.626600e+00  1.623300e+00
-5.113300e-01  5.170700e-01 -5.299500e-01  1.938700e+00
 1.334700e+00 -3.971300e-01 -4.564700e-01  3.521400e-01
 8.282800e-01 -8.822500e-01 -3.642500e-01  4.018200e-01
 8.786600e-01 -3.307600e-01 -1.164700e+00  4.305200e-01
 3.567600e-01 -3.258100e-01 -4.978500e-01  4.475400e-01
 5.057300e-01 -1.503500e+00 -1.607100e+00  5.343300e-01
 3.556200e-01 -1.289400e+00 -5.011800e-01  5.209600e-01
 4.098000e-01 -5.101600e-01 -1.786700e+00  5.462300e-01
 2.934200e-01 -4.809700e-01 -4.706400e-01  1.078800e+00
 2.181100e+00 -5.821300e-01 -5.805800e-01  5.398300e-01
 1.617500e+00 -1.563700e+00 -5.368600e-01  6.362200e-01
 1.670200e+00 -5.707200e-01 -1.592100e+00  8.120600e-01
 1.511800e+00 -5.863800e-01 -5.469200e-01  1.696700e+00
 5.731700e-01 -1.794000e+00 -8.083900e-01  1.606900e+00
 6.056600e-01 -2.164200e+00 -5.013100e-01  5.627400e-01
 5.842100e-01 -5.989400e-01 -1.626600e+00  1.623300e+00
 5.113300e-01 -5.170700e-01 -5.299500e-01  1.938700e+00
-1.334700e+00 -3.971300e-01 -4.564700e-01  3.521400e-01
-8.282800e-01 -8.822500e-01 -3.642500e-01  4.018200e-01
-8.786600e-01 -3.307600e-01 -1.164700e+00  4.305200e-01
-3.567600e-01 -3.258100e-01 -4.978500e-01  4.475400e-01
-5.057300e-01 -1.503500e+00 -1.607100e+00  5.343300e-01
-3.556200e-01 -1.289400e+00 -5.011800e-01  5.209600e-01
-4.098000e-01 -5.101600e-01 -1.786700e+00  5.462300e-01
-2.934200e-01 -4.809700e-01 -4.706400e-01  1.078800e+00
-2.181100e+00 -5.821300e-01 -5.805800e-01  5.398300e-01
-1.617500e+00 -1.563700e+00 -5.368600e-01  6.362200e-01
-1.670200e+00 -5.707200e-01 -1.592100e+00  8.120600e-01
-1.511800e+00 -5.863800e-01 -5.469200e-01  1.696700e+00
-5.731700e-01 -1.794000e+00 -8.083900e-01  1.606900e+00
-6.056600e-01 -2.164200e+00 -5.013100e-01  5.627400e-01
-5.842100e-01 -5.989400e-01 -1.626600e+00  1.623300e+00
-5.113300e-01 -5.170700e-01 -5.299500e-01  1.938700e+00
 1.334700e+00  3.971300e-01  4.564700e-01 -3.521400e-01
 8.282800e-01  8.822500e-01  3.642500e-01 -4.018200e-01
 8.786600e-01  3.307600e-01  1.164700e+00 -4.305200e-01
 3.567600e-01  3.258100e-01  4.978500e-01 -4.475400e-01
 5.057300e-01  1.503500e+00  1.607100e+00 -5.343300e-01
 3.556200e-01  1.289400e+00  5.011800e-01 -5.209600e-01
 4.098000e-01  5.101600e-01  1.786700e+00 -5.462300e-01
 2.934200e-01  4.809700e-01  4.706400e-01 -1.078800e+00
 2.181100e+00  5.821300e-01  5.805800e-01 -5.398300e-01
 1.617500e+00  1.563700e+00  5.368600e-01 -6.362200e-01
 1.670200e+00  5.707200e-01  1.592100e+00 -8.120600e-01
 1.511800e+00  5.863800e-01  5.469200e-01 -1.696700e+00
 5.731700e-01  1.794000e+00  8.083900e-01 -1.606900e+00
 6.056600e-01  2.164200e+00  5.013100e-01 -5.627400e-01
 5.842100e-01  5.989400e-01  1.626600e+00 -1.623300e+00
 5.113300e-01  5.170700e-01  5.299500e-01 -1.938700e+00
-1.334700e+00  3.971300e-01  4.564700e-01 -3.521400e-01
-8.282800e-01  8.822500e-01  3.642500e-01 -4.018200e-01
-8.786600e-01  3.307600e-01  1.164700e+00 -4.305200e-01
-3.567600e-01  3.258100e-01  4.978500e-01 -4.475400e-01
-5.057300e-01  1.503500e+00  1.607100e+00 -5.343300e-01
-3.556200e-01  1.289400e+00  5.011800e-01 -5.209600e-01
-4.098000e-01  5.101600e-01  1.786700e+00 -5.462300e-01
-2.934200e-01  4.809700e-01  4.706400e-01 -1.078800e+00
-2.181100e+00  5.821300e-01  5.805800e-01 -5.398300e-01
-1.617500e+00  1.563700e+00  5.368600e-01 -6.362200e-01
-1.670200e+00  5.707200e-01  1.592100e+00 -8.120600e-01
-1.511800e+00  5.863800e-01  5.469200e-01 -1.696700e+00
-5.731700e-01  1.794000e+00  8.083900e-01 -1.606900e+00
-6.056600e-01  2.164200e+00  5.013100e-01 -5.627400e-01
-5.842100e-01  5.989400e-01  1.626600e+00 -1.623300e+00
-5.113300e-01  5.170700e-01  5.299500e-01 -1.938700e+00
 1.334700e+00 -3.971300e-01  4.564700e-01 -3.521400e-01
 8.282800e-01 -8.822500e-01  3.642500e-01 -4.018200e-01
 8.786600e-01 -3.307600e-01  1.164700e+00 -4.305200e-01
 3.567600e-01 -3.258100e-01  4.978500e-01 -4.475400e-01
 5.057300e-01 -1.503500e+00  1.607100e+00 -5.343300e-01
 3.556200e-01 -1.289400e+00  5.011800e-01 -5.209600e-01
 4.098000e-01 -5.101600e-01  1.786700e+00 -5.462300e-01
 2.934200e-01 -4.809700e-01  4.706400e-01 -1.078800e+00
 2.181100e+00 -5.821300e-01  5.805800e-01 -5.398300e-01
 1.617500e+00 -1.563700e+00  5.368600e-01 -6.362200e-01
 1.670200e+00 -5.707200e-01  1.592100e+00 -8.120600e-01
 1.511800e+00 -5.863800e-01  5.469200e-01 -1.696700e+00
 5.731700e-01 -1.794000e+00  8.083900e-01 -1.606900e+00
 6.056600e-01 -2.164200e+00  5.013100e-01 -5.627400e-01
 5.842100e-01 -5.989400e-01  1.626600e+00 -1.623300e+00
 5.113300e-01 -5.170700e-01  5.299500e-01 -1.938700e+00
-1.334700e+00 -3.971300e-01  4.564700e-01 -3.521400e-01
-8.282800e-01 -8.822500e-01  3.642500e-01 -4.018200e-01
-8.786600e-01 -3.307600e-01  1.164700e+00 -4.305200e-01
-3.567600e-01 -3.258100e-01  4.978500e-01 -4.475400e-01
-5.057300e-01 -1.503500e+00  1.607100e+00 -5.343300e-01
-3.556200e-01 -1.289400e+00  5.011800e-01 -5.209600e-01
-4.098000e-01 -5.101600e-01  1.786700e+00 -5.462300e-01
-2.934200e-01 -4.809700e-01  4.706400e-01 -1.078800e+00
-2.181100e+00 -5.821300e-01  5.805800e-01 -5.398300e-01
-1.617500e+00 -1.563700e+00  5.368600e-01 -6.362200e-01
-1.670200e+00 -5.707200e-01  1.592100e+00 -8.120600e-01
-1.511800e+00 -5.863800e-01  5.469200e-01 -1.696700e+00
-5.731700e-01 -1.794000e+00  8.083900e-01 -1.606900e+00
-6.056600e-01 -2.164200e+00  5.013100e-01 -5.627400e-01
-5.842100e-01 -5.989400e-01  1.626600e+00 -1.623300e+00
-5.113300e-01 -5.170700e-01  5.299500e-01 -1.938700e+00
 1.334700e+00  3.971300e-01 -4.564700e-01 -3.521400e-01
 8.282800e-01  8.822500e-01 -3.642500e-01 -4.018200e-01
 8.786600e-01  3.307600e-01 -1.164700e+00 -4.305200e-01
 3.567600e-01  3.258100e-01 -4.978500e-01 -4.475400e-01
 5.057300e-01  1.503500e+00 -1.607100e+00 -5.343300e-01
 3.556200e-01  1.289400e+00 -5.011800e-01 -5.209600e-01
 4.098000e-01  5.101600e-01 -1.786700e+00 -5.462300e-01
 2.934200e-01  4.809700e-01 -4.706400e-01 -1.078800e+00
 2.181100e+00  5.821300e-01 -5.805800e-01 -5.398300e-01
 1.617500e+00  1.563700e+00 -5.368600e-01 -6.362200e-01
 1.670200e+00  5.707200e-01 -1.592100e+00 -8.120600e-01
 1.511800e+00  5.863800e-01 -5.469200e-01 -1.696700e+00
 5.731700e-01  1.794000e+00 -8.083900e-01 -1.606900e+00
 6.056600e-01  2.164200e+00 -5.013100e-01 -5.627400e-01
 5.842100e-01  5.989400e-01 -1.626600e+00 -1.623300e+00
 5.113300e-01  5.170700e-01 -5.299500e-01 -1.938700e+00
-1.334700e+00  3.971300e-01 -4.564700e-01 -3.521400e-01
-8.282800e-01  8.822500e-01 -3.642500e-01 -4.018200e-01
-8.786600e-01  3.307600e-01 -1.164700e+00 -4.305200e-01
-3.567600e-01  3.258100e-01 -4.978500e-01 -4.475400e-01
-5.057300e-01  1.503500e+00 -1.607100e+00 -5.343300e-01
-3.556200e-01  1.289400e+00 -5.011800e-01 -5.209600e-01
-4.098000e-01  5.101600e-01 -1.786700e+00 -5.462300e-01
-2.934200e-01  4.809700e-01 -4.706400e-01 -1.078800e+00
-2.181100e+00  5.821300e-01 -5.805800e-01 -5.398300e-01
-1.617500e+00  1.563700e+00 -5.368600e-01 -6.362200e-01
-1.670200e+00  5.707200e-01 -1.592100e+00 -8.120600e-01
-1.511800e+00  5.863800e-01 -5.469200e-01 -1.696700e+00
-5.731700e-01  1.794000e+00 -8.083900e-01 -1.606900e+00
-6.056600e-01  2.164200e+00 -5.013100e-01 -5.627400e-01
-5.842100e-01  5.989400e-01 -1.626600e+00 -1.623300e+00
-5.113300e-01  5.170700e-01 -5.299500e-01 -1.938700e+00
 1.334700e+00 -3.971300e-01 -4.564700e-01 -3.521400e-01
 8.282800e-01 -8.822500e-01 -3.642500e-01 -4.018200e-01
 8.786600e-01 -3.307600e-01 -1.164700e+00 -4.305200e-01
 3.567600e-01 -3.258100e-01 -4.978500e-01 -4.475400e-01
 5.057300e-01 -1.503500e+00 -1.607100e+00 -5.343300e-01
 3.556200e-01 -1.289400e+00 -5.011800e-01 -5.209600e-01
 4.098000e-01 -5.101600e-01 -1.786700e+00 -5.462300e-01
 2.934200e-01 -4.809700e-01 -4.706400e-01 -1.078800e+00
 2.181100e+00 -5.821300e-01 -5.805800e-01 -5.398300e-01
 1.617500e+00 -1.563700e+00 -5.368600e-01 -6.362200e-01
 1.670200e+00 -5.707200e-01 -1.592100e+00 -8.120600e-01
 1.511800e+00 -5.863800e-01 -5.469200e-01 -1.696700e+00
 5.731700e-01 -1.794000e+00 -8.083900e-01 -1.606900e+00
 6.056600e-01 -2.164200e+00 -5.013100e-01 -5.627400e-01
 5.842100e-01 -5.989400e-01 -1.626600e+00 -1.623300e+00
 5.113300e-01 -5.170700e-01 -5.299500e-01 -1.938700e+00
-1.334700e+00 -3.971300e-01 -4.564700e-01 -3.521400e-01
-8.282800e-01 -8.822500e-01 -3.642500e-01 -4.018200e-01
-8.786600e-01 -3.307600e-01 -1.164700e+00 -4.305200e-01
-3.567600e-01 -3.258100e-01 -4.978500e-01 -4.475400e-01
-5.057300e-01 -1.503500e+00 -1.607100e+00 -5.343300e-01
-3.556200e-01 -1.289400e+00 -5.011800e-01 -5.209600e-01
-4.098000e-01 -5.101600e-01 -1.786700e+00 -5.462300e-01
-2.934200e-01 -4.809700e-01 -4.706400e-01 -1.078800e+00
-2.181100e+00 -5.821300e-01 -5.805800e-01 -5.398300e-01
-1.617500e+00 -1.563700e+00 -5.368600e-01 -6.362200e-01
-1.670200e+00 -5.707200e-01 -1.592100e+00 -8.120600e-01
-1.511800e+00 -5.863800e-01 -5.469200e-01 -1.696700e+00
-5.731700e-01 -1.794000e+00 -8.083900e-01 -1.606900e+00
-6.056600e-01 -2.164200e+00 -5.013100e-01 -5.627400e-01
-5.842100e-01 -5.989400e-01 -1.626600e+00 -1.623300e+00
-5.113300e-01 -5.170700e-01 -5.299500e-01 -1.938700e+00
