 1.635100e+00  4.182500e-01  1.514400e+00  4.388300e-01
 1.390300e+00  1.278000e+00  1.465100e+00  4.489200e-01
 9.799300e-01  3.273800e-01  1.063200e+00  3.680000e-01
 9.077500e-01  9.784600e-01  9.985600e-01  3.382200e-01
 5.118400e-01  4.087500e-01  2.055000e+00  4.603400e-01
 4.521600e-01  1.273100e+00  1.877700e+00  5.089600e-01
 3.126500e-01  3.230200e-01  1.171600e+00  3.830500e-01
 3.054300e-01  1.012900e+00  1.086900e+00  3.712500e-01
 1.971900e+00  4.076200e-01  4.875600e-01  3.880200e-01
 1.824800e+00  1.251700e+00  4.780700e-01  4.382700e-01
 1.088200e+00  3.240400e-01  3.530900e-01  3.122100e-01
 9.907600e-01  1.023300e+00  3.516200e-01  3.357800e-01
 4.987300e-01  2.200600e+00  1.161100e+00  4.811500e-01
 1.337600e+00  2.042600e+00  4.967900e-01  4.760400e-01
 3.127000e-01  3.095300e-01  3.546100e-01  2.936800e-01
 3.048200e-01  1.008300e+00  3.541900e-01  3.201400e-01
 1.407900e+00  4.291700e-01  1.456400e+00  1.341900e+00
 1.235100e+00  1.276100e+00  1.279100e+00  1.352000e+00
 9.410200e-01  2.992600e-01  9.043900e-01  1.151800e+00
 1.007500e+00  4.727200e-01  5.073500e-01  2.065100e+00
 4.496700e-01  4.559500e-01  1.796800e+00  1.415300e+00
 3.936700e-01  1.286400e+00  1.288800e+00  1.507500e+00
 3.084200e-01  3.241400e-01  9.801900e-01  1.169600e+00
 3.035500e-01  5.887700e-01  4.984700e-01  1.903500e+00
 1.948800e+00  4.450800e-01  4.824200e-01  1.243700e+00
 1.468900e+00  1.330000e+00  4.298100e-01  1.386500e+00
 1.045100e+00  3.190700e-01  3.122000e-01  9.911700e-01
 9.406500e-01  9.431900e-01  2.988000e-01  1.048500e+00
 3.425300e-01  2.112600e+00  3.608200e-01  4.918600e-01
 4.779500e-01  1.778400e+00  4.601300e-01  1.399300e+00
 2.957800e-01  3.036300e-01  3.049100e-01  9.351200e-01
 3.103200e-01  1.038100e+00  3.265000e-01  1.059000e+00
-1.635100e+00  4.182500e-01  1.514400e+00  4.388300e-01
-1.390300e+00  1.278000e+00  1.465100e+00  4.489200e-01
-9.799300e-01  3.273800e-01  1.063200e+00  3.680000e-01
-9.077500e-01  9.784600e-01  9.985600e-01  3.382200e-01
-5.118400e-01  4.087500e-01  2.055000e+00  4.603400e-01
-4.521600e-01  1.273100e+00  1.877700e+00  5.089600e-01
-3.126500e-01  3.230200e-01  1.171600e+00  3.830500e-01
-3.054300e-01  1.012900e+00  1.086900e+00  3.712500e-01
-1.971900e+00  4.076200e-01  4.875600e-01  3.880200e-01
-1.824800e+00  1.251700e+00  4.780700e-01  4.382700e-01
-1.088200e+00  3.240400e-01  3.530900e-01  3.122100e-01
-9.907600e-01  1.023300e+00  3.516200e-01  3.357800e-01
-4.987300e-01  2.200600e+00  1.161100e+00  4.811500e-01
-1.337600e+00  2.042600e+00  4.967900e-01  4.760400e-01
-3.127000e-01  3.095300e-01  3.546100e-01  2.936800e-01
-3.048200e-01  1.008300e+00  3.541900e-01  3.201400e-01
-1.407900e+00  4.291700e-01  1.456400e+00  1.341900e+00
-1.235100e+00  1.276100e+00  1.279100e+00  1.352000e+00
-9.410200e-01  2.992600e-01  9.043900e-01  1.151800e+00
-1.007500e+00  4.727200e-01  5.073500e-01  2.065100e+00
-4.496700e-01  4.559500e-01  1.796800e+00  1.415300e+00
-3.936700e-01  1.286400e+00  1.288800e+00  1.507500e+00
-3.084200e-01  3.241400e-01  9.801900e-01  1.169600e+00
-3.035500e-01  5.887700e-01  4.984700e-01  1.903500e+00
-1.948800e+00  4.450800e-01  4.824200e-01  1.243700e+00
-1.468900e+00  1.330000e+00  4.298100e-01  1.386500e+00
-1.045100e+00  3.190700e-01  3.122000e-01  9.911700e-01
-9.406500e-01  9.431900e-01  2.988000e-01  1.048500e+00
-3.425300e-01  2.112600e+00  3.608200e-01  4.918600e-01
-4.779500e-01  1.778400e+00  4.601300e-01  1.399300e+00
-2.957800e-01  3.036300e-01  3.049100e-01  9.351200e-01
-3.103200e-01  1.038100e+00  3.265000e-01  1.059000e+00
 1.635100e+00 -4.182500e-01  1.514400e+00  4.388300e-01
 1.390300e+00 -1.278000e+00  1.465100e+00  4.489200e-01
 9.799300e-01 -3.273800e-01  1.063200e+00  3.680000e-01
 9.077500e-01 -9.784600e-01  9.985600e-01  3.382200e-01
 5.118400e-01 -4.087500e-01  2.055000e+00  4.603400e-01
 4.521600e-01 -1.273100e+00  1.877700e+00  5.089600e-01
 3.126500e-01 -3.230200e-01  1.171600e+00  3.830500e-01
 3.054300e-01 -1.012900e+00  1.086900e+00  3.712500e-01
 1.971900e+00 -4.076200e-01  4.875600e-01  3.880200e-01
 1.824800e+00 -1.251700e+00  4.780700e-01  4.382700e-01
 1.088200e+00 -3.240400e-01  3.530900e-01  3.122100e-01
 9.907600e-01 -1.023300e+00  3.516200e-01  3.357800e-01
 4.987300e-01 -2.200600e+00  1.161100e+00  4.811500e-01
 1.337600e+00 -2.042600e+00  4.967900e-01  4.760400e-01
 3.127000e-01 -3.095300e-01  3.546100e-01  2.936800e-01
 3.048200e-01 -1.008300e+00  3.541900e-01  3.201400e-01
 1.407900e+00 -4.291700e-01  1.456400e+00  1.341900e+00
 1.235100e+00 -1.276100e+00  1.279100e+00  1.352000e+00
 9.410200e-01 -2.992600e-01  9.043900e-01  1.151800e+00
 1.007500e+00 -4.727200e-01  5.073500e-01  2.065100e+00
 4.496700e-01 -4.559500e-01  1.796800e+00  1.415300e+00
 3.936700e-01 -1.286400e+00  1.288800e+00  1.507500e+00
 3.084200e-01 -3.241400e-01  9.801900e-01  1.169600e+00
 3.035500e-01 -5.887700e-01  4.984700e-01  1.903500e+00
 1.948800e+00 -4.450800e-01  4.824200e-01  1.243700e+00
 1.468900e+00 -1.330000e+00  4.298100e-01  1.386500e+00
 1.045100e+00 -3.190700e-01  3.122000e-01  9.911700e-01
 9.406500e-01 -9.431900e-01  2.988000e-01  1.048500e+00
 3.425300e-01 -2.112600e+00  3.608200e-01  4.918600e-01
 4.779500e-01 -1.778400e+00  4.601300e-01  1.399300e+00
 2.957800e-01 -3.036300e-01  3.049100e-01  9.351200e-01
 3.103200e-01 -1.038100e+00  3.265000e-01  1.059000e+00
-1.635100e+00 -4.182500e-01  1.514400e+00  4.388300e-01
-1.390300e+00 -1.278000e+00  1.465100e+00  4.489200e-01
-9.799300e-01 -3.273800e-01  1.063200e+00  3.680000e-01
-9.077500e-01 -9.784600e-01  9.985600e-01  3.382200e-01
-5.118400e-01 -4.087500e-01  2.055000e+00  4.603400e-01
-4.521600e-01 -1.273100e+00  1.877700e+00  5.089600e-01
-3.126500e-01 -3.230200e-01  1.171600e+00  3.830500e-01
-3.054300e-01 -1.012900e+00  1.086900e+00  3.712500e-01
-1.971900e+00 -4.076200e-01  4.875600e-01  3.880200e-01
-1.824800e+00 -1.251700e+00  4.780700e-01  4.382700e-01
-1.088200e+00 -3.240400e-01  3.530900e-01  3.122100e-01
-9.907600e-01 -1.023300e+00  3.516200e-01  3.357800e-01
-4.987300e-01 -2.200600e+00  1.161100e+00  4.811500e-01
-1.337600e+00 -2.042600e+00  4.967900e-01  4.760400e-01
-3.127000e-01 -3.095300e-01  3.546100e-01  2.936800e-01
-3.048200e-01 -1.008300e+00  3.541900e-01  3.201400e-01
-1.407900e+00 -4.291700e-01  1.456400e+00  1.341900e+00
-1.235100e+00 -1.276100e+00  1.279100e+00  1.352000e+00
-9.410200e-01 -2.992600e-01  9.043900e-01  1.151800e+00
-1.007500e+00 -4.727200e-01  5.073500e-01  2.065100e+00
-4.496700e-01 -4.559500e-01  1.796800e+00  1.415300e+00
-3.936700e-01 -1.286400e+00  1.288800e+00  1.507500e+00
-3.084200e-01 -3.241400e-01  9.801900e-01  1.169600e+00
-3.035500e-01 -5.887700e-01  4.984700e-01  1.903500e+00
-1.948800e+00 -4.450800e-01  4.824200e-01  1.243700e+00
-1.468900e+00 -1.330000e+00  4.298100e-01  1.386500e+00
-1.045100e+00 -3.190700e-01  3.122000e-01  9.911700e-01
-9.406500e-01 -9.431900e-01  2.988000e-01  1.048500e+00
-3.425300e-01 -2.112600e+00  3.608200e-01  4.918600e-01
-4.779500e-01 -1.778400e+00  4.601300e-01  1.399300e+00
-2.957800e-01 -3.036300e-01  3.049100e-01  9.351200e-01
-3.103200e-01 -1.038100e+00  3.265000e-01  1.059000e+00
 1.635100e+00  4.182500e-01 -1.514400e+00  4.388300e-01
 1.390300e+00  1.278000e+00 -1.465100e+00  4.489200e-01
 9.799300e-01  3.273800e-01 -1.063200e+00  3.680000e-01
 9.077500e-01  9.784600e-01 -9.985600e-01  3.382200e-01
 5.118400e-01  4.087500e-01 -2.055000e+00  4.603400e-01
 4.521600e-01  1.273100e+00 -1.877700e+00  5.089600e-01
 3.126500e-01  3.230200e-01 -1.171600e+00  3.830500e-01
 3.054300e-01  1.012900e+00 -1.086900e+00  3.712500e-01
 1.971900e+00  4.076200e-01 -4.875600e-01  3.880200e-01
 1.824800e+00  1.251700e+00 -4.780700e-01  4.382700e-01
 1.088200e+00  3.240400e-01 -3.530900e-01  3.122100e-01
 9.907600e-01  1.023300e+00 -3.516200e-01  3.357800e-01
 4.987300e-01  2.200600e+00 -1.161100e+00  4.811500e-01
 1.337600e+00  2.042600e+00 -4.967900e-01  4.760400e-01
 3.127000e-01  3.095300e-01 -3.546100e-01  2.936800e-01
 3.048200e-01  1.008300e+00 -3.541900e-01  3.201400e-01
 1.407900e+00  4.291700e-01 -1.456400e+00  1.341900e+00
 1.235100e+00  1.276100e+00 -1.279100e+00  1.352000e+00
 9.410200e-01  2.992600e-01 -9.043900e-01  1.151800e+00
 1.007500e+00  4.727200e-01 -5.073500e-01  2.065100e+00
 4.496700e-01  4.559500e-01 -1.796800e+00  1.415300e+00
 3.936700e-01  1.286400e+00 -1.288800e+00  1.507500e+00
 3.084200e-01  3.241400e-01 -9.801900e-01  1.169600e+00
 3.035500e-01  5.887700e-01 -4.984700e-01  1.903500e+00
 1.948800e+00  4.450800e-01 -4.824200e-01  1.243700e+00
 1.468900e+00  1.330000e+00 -4.298100e-01  1.386500e+00
 1.045100e+00  3.190700e-01 -3.122000e-01  9.911700e-01
 9.406500e-01  9.431900e-01 -2.988000e-01  1.048500e+00
 3.425300e-01  2.112600e+00 -3.608200e-01  4.918600e-01
 4.779500e-01  1.778400e+00 -4.601300e-01  1.399300e+00
 2.957800e-01  3.036300e-01 -3.049100e-01  9.351200e-01
 3.103200e-01  1.038100e+00 -3.265000e-01  1.059000e+00
-1.635100e+00  4.182500e-01 -1.514400e+00  4.388300e-01
-1.390300e+00  1.278000e+00 -1.465100e+00  4.489200e-01
-9.799300e-01  3.273800e-01 -1.063200e+00  3.680000e-01
-9.077500e-01  9.784600e-01 -9.985600e-01  3.382200e-01
-5.118400e-01  4.087500e-01 -2.055000e+00  4.603400e-01
-4.521600e-01  1.273100e+00 -1.877700e+00  5.089600e-01
-3.126500e-01  3.230200e-01 -1.171600e+00  3.830500e-01
-3.054300e-01  1.012900e+00 -1.086900e+00  3.712500e-01
-1.971900e+00  4.076200e-01 -4.875600e-01  3.880200e-01
-1.824800e+00  1.251700e+00 -4.780700e-01  4.382700e-01
-1.088200e+00  3.240400e-01 -3.530900e-01  3.122100e-01
-9.907600e-01  1.023300e+00 -3.516200e-01  3.357800e-01
-4.987300e-01  2.200600e+00 -1.161100e+00  4.811500e-01
-1.337600e+00  2.042600e+00 -4.967900e-01  4.760400e-01
-3.127000e-01  3.095300e-01 -3.546100e-01  2.936800e-01
-3.048200e-01  1.008300e+00 -3.541900e-01  3.201400e-01
-1.407900e+00  4.291700e-01 -1.456400e+00  1.341900e+00
-1.235100e+00  1.276100e+00 -1.279100e+00  1.352000e+00
-9.410200e-01  2.992600e-01 -9.043900e-01  1.151800e+00
-1.007500e+00  4.727200e-01 -5.073500e-01  2.065100e+00
-4.496700e-01  4.559500e-01 -1.796800e+00  1.415300e+00
-3.936700e-01  1.286400e+00 -1.288800e+00  1.507500e+00
-3.084200e-01  3.241400e-01 -9.801900e-01  1.169600e+00
-3.035500e-01  5.887700e-01 -4.984700e-01  1.903500e+00
-1.948800e+00  4.450800e-01 -4.824200e-01  1.243700e+00
-1.468900e+00  1.330000e+00 -4.298100e-01  1.386500e+00
-1.045100e+00  3.190700e-01 -3.122000e-01  9.911700e-01
-9.406500e-01  9.431900e-01 -2.988000e-01  1.048500e+00
-3.425300e-01  2.112600e+00 -3.608200e-01  4.918600e-01
-4.779500e-01  1.778400e+00 -4.601300e-01  1.399300e+00
-2.957800e-01  3.036300e-01 -3.049100e-01  9.351200e-01
-3.103200e-01  1.038100e+00 -3.265000e-01  1.059000e+00
 1.635100e+00 -4.182500e-01 -1.514400e+00  4.388300e-01
 1.390300e+00 -1.278000e+00 -1.465100e+00  4.489200e-01
 9.799300e-01 -3.273800e-01 -1.063200e+00  3.680000e-01
 9.077500e-01 -9.784600e-01 -9.985600e-01  3.382200e-01
 5.118400e-01 -4.087500e-01 -2.055000e+00  4.603400e-01
 4.521600e-01 -1.273100e+00 -1.877700e+00  5.089600e-01
 3.126500e-01 -3.230200e-01 -1.171600e+00  3.830500e-01
 3.054300e-01 -1.012900e+00 -1.086900e+00  3.712500e-01
 1.971900e+00 -4.076200e-01 -4.875600e-01  3.880200e-01
 1.824800e+00 -1.251700e+00 -4.780700e-01  4.382700e-01
 1.088200e+00 -3.240400e-01 -3.530900e-01  3.122100e-01
 9.907600e-01 -1.023300e+00 -3.516200e-01  3.357800e-01
 4.987300e-01 -2.200600e+00 -1.161100e+00  4.811500e-01
 1.337600e+00 -2.042600e+00 -4.967900e-01  4.760400e-01
 3.127000e-01 -3.095300e-01 -3.546100e-01  2.936800e-01
 3.048200e-01 -1.008300e+00 -3.541900e-01  3.201400e-01
 1.407900e+00 -4.291700e-01 -1.456400e+00  1.341900e+00
 1.235100e+00 -1.276100e+00 -1.279100e+00  1.352000e+00
 9.410200e-01 -2.992600e-01 -9.043900e-01  1.151800e+00
 1.007500e+00 -4.727200e-01 -5.073500e-01  2.065100e+00
 4.496700e-01 -4.559500e-01 -1.796800e+00  1.415300e+00
 3.936700e-01 -1.286400e+00 -1.288800e+00  1.507500e+00
 3.084200e-01 -3.241400e-01 -9.801900e-01  1.169600e+00
 3.035500e-01 -5.887700e-01 -4.984700e-01  1.903500e+00
 1.948800e+00 -4.450800e-01 -4.824200e-01  1.243700e+00
 1.468900e+00 -1.330000e+00 -4.298100e-01  1.386500e+00
 1.045100e+00 -3.190700e-01 -3.122000e-01  9.911700e-01
 9.406500e-01 -9.431900e-01 -2.988000e-01  1.048500e+00
 3.425300e-01 -2.112600e+00 -3.608200e-01  4.918600e-01
 4.779500e-01 -1.778400e+00 -4.601300e-01  1.399300e+00
 2.957800e-01 -3.036300e-01 -3.049100e-01  9.351200e-01
 3.103200e-01 -1.038100e+00 -3.265000e-01  1.059000e+00
-1.635100e+00 -4.182500e-01 -1.514400e+00  4.388300e-01
-1.390300e+00 -1.278000e+00 -1.465100e+00  4.489200e-01
-9.799300e-01 -3.273800e-01 -1.063200e+00  3.680000e-01
-9.077500e-01 -9.784600e-01 -9.985600e-01  3.382200e-01
-5.118400e-01 -4.087500e-01 -2.055000e+00  4.603400e-01
-4.521600e-01 -1.273100e+00 -1.877700e+00  5.089600e-01
-3.126500e-01 -3.230200e-01 -1.171600e+00  3.830500e-01
-3.054300e-01 -1.012900e+00 -1.086900e+00  3.712500e-01
-1.971900e+00 -4.076200e-01 -4.875600e-01  3.880200e-01
-1.824800e+00 -1.251700e+00 -4.780700e-01  4.382700e-01
-1.088200e+00 -3.240400e-01 -3.530900e-01  3.122100e-01
-9.907600e-01 -1.023300e+00 -3.516200e-01  3.357800e-01
-4.987300e-01 -2.200600e+00 -1.161100e+00  4.811500e-01
-1.337600e+00 -2.042600e+00 -4.967900e-01  4.760400e-01
-3.127000e-01 -3.095300e-01 -3.546100e-01  2.936800e-01
-3.048200e-01 -1.008300e+00 -3.541900e-01  3.201400e-01
-1.407900e+00 -4.291700e-01 -1.456400e+00  1.341900e+00
-1.235100e+00 -1.276100e+00 -1.279100e+00  1.352000e+00
-9.410200e-01 -2.992600e-01 -9.043900e-01  1.151800e+00
-1.007500e+00 -4.727200e-01 -5.073500e-01  2.065100e+00
-4.496700e-01 -4.559500e-01 -1.796800e+00  1.415300e+00
-3.936700e-01 -1.286400e+00 -1.288800e+00  1.507500e+00
-3.084200e-01 -3.241400e-01 -9.801900e-01  1.169600e+00
-3.035500e-01 -5.887700e-01 -4.984700e-01  1.903500e+00
-1.948800e+00 -4.450800e-01 -4.824200e-01  1.243700e+00
-1.468900e+00 -1.330000e+00 -4.298100e-01  1.386500e+00
-1.045100e+00 -3.190700e-01 -3.122000e-01  9.911700e-01
-9.406500e-01 -9.431900e-01 -2.988000e-01  1.048500e+00
-3.425300e-01 -2.112600e+00 -3.608200e-01  4.918600e-01
-4.779500e-01 -1.778400e+00 -4.601300e-01  1.399300e+00
-2.957800e-01 -3.036300e-01 -3.049100e-01  9.351200e-01
-3.103200e-01 -1.038100e+00 -3.265000e-01  1.059000e+00
 1.635100e+00  4.182500e-01  1.514400e+00 -4.388300e-01
 1.390300e+00  1.278000e+00  1.465100e+00 -4.489200e-01
 9.799300e-01  3.273800e-01  1.063200e+00 -3.680000e-01
 9.077500e-01  9.784600e-01  9.985600e-01 -3.382200e-01
 5.118400e-01  4.087500e-01  2.055000e+00 -4.603400e-01
 4.521600e-01  1.273100e+00  1.877700e+00 -5.089600e-01
 3.126500e-01  3.230200e-01  1.171600e+00 -3.830500e-01
 3.054300e-01  1.012900e+00  1.086900e+00 -3.712500e-01
 1.971900e+00  4.076200e-01  4.875600e-01 -3.880200e-01
 1.824800e+00  1.251700e+00  4.780700e-01 -4.382700e-01
 1.088200e+00  3.240400e-01  3.530900e-01 -3.122100e-01
 9.907600e-01  1.023300e+00  3.516200e-01 -3.357800e-01
 4.987300e-01  2.200600e+00  1.161100e+00 -4.811500e-01
 1.337600e+00  2.042600e+00  4.967900e-01 -4.760400e-01
 3.127000e-01  3.095300e-01  3.546100e-01 -2.936800e-01
 3.048200e-01  1.008300e+00  3.541900e-01 -3.201400e-01
 1.407900e+00  4.291700e-01  1.456400e+00 -1.341900e+00
 1.235100e+00  1.276100e+00  1.279100e+00 -1.352000e+00
 9.410200e-01  2.992600e-01  9.043900e-01 -1.151800e+00
 1.007500e+00  4.727200e-01  5.073500e-01 -2.065100e+00
 4.496700e-01  4.559500e-01  1.796800e+00 -1.415300e+00
 3.936700e-01  1.286400e+00  1.288800e+00 -1.507500e+00
 3.084200e-01  3.241400e-01  9.801900e-01 -1.169600e+00
 3.035500e-01  5.887700e-01  4.984700e-01 -1.903500e+00
 1.948800e+00  4.450800e-01  4.824200e-01 -1.243700e+00
 1.468900e+00  1.330000e+00  4.298100e-01 -1.386500e+00
 1.045100e+00  3.190700e-01  3.122000e-01 -9.911700e-01
 9.406500e-01  9.431900e-01  2.988000e-01 -1.048500e+00
 3.425300e-01  2.112600e+00  3.608200e-01 -4.918600e-01
 4.779500e-01  1.778400e+00  4.601300e-01 -1.399300e+00
 2.957800e-01  3.036300e-01  3.049100e-01 -9.351200e-01
 3.103200e-01  1.038100e+00  3.265000e-01 -1.059000e+00
-1.635100e+00  4.182500e-01  1.514400e+00 -4.388300e-01
-1.390300e+00  1.278000e+00  1.465100e+00 -4.489200e-01
-9.799300e-01  3.273800e-01  1.063200e+00 -3.680000e-01
-9.077500e-01  9.784600e-01  9.985600e-01 -3.382200e-01
-5.118400e-01  4.087500e-01  2.055000e+00 -4.603400e-01
-4.521600e-01  1.273100e+00  1.877700e+00 -5.089600e-01
-3.126500e-01  3.230200e-01  1.171600e+00 -3.830500e-01
-3.054300e-01  1.012900e+00  1.086900e+00 -3.712500e-01
-1.971900e+00  4.076200e-01  4.875600e-01 -3.880200e-01
-1.824800e+00  1.251700e+00  4.780700e-01 -4.382700e-01
-1.088200e+00  3.240400e-01  3.530900e-01 -3.122100e-01
-9.907600e-01  1.023300e+00  3.516200e-01 -3.357800e-01
-4.987300e-01  2.200600e+00  1.161100e+00 -4.811500e-01
-1.337600e+00  2.042600e+00  4.967900e-01 -4.760400e-01
-3.127000e-01  3.095300e-01  3.546100e-01 -2.936800e-01
-3.048200e-01  1.008300e+00  3.541900e-01 -3.201400e-01
-1.407900e+00  4.291700e-01  1.456400e+00 -1.341900e+00
-1.235100e+00  1.276100e+00  1.279100e+00 -1.352000e+00
-9.410200e-01  2.992600e-01  9.043900e-01 -1.151800e+00
-1.007500e+00  4.727200e-01  5.073500e-01 -2.065100e+00
-4.496700e-01  4.559500e-01  1.796800e+00 -1.415300e+00
-3.936700e-01  1.286400e+00  1.288800e+00 -1.507500e+00
-3.084200e-01  3.241400e-01  9.801900e-01 -1.169600e+00
-3.035500e-01  5.887700e-01  4.984700e-01 -1.903500e+00
-1.948800e+00  4.450800e-01  4.824200e-01 -1.243700e+00
-1.468900e+00  1.330000e+00  4.298100e-01 -1.386500e+00
-1.045100e+00  3.190700e-01  3.122000e-01 -9.911700e-01
-9.406500e-01  9.431900e-01  2.988000e-01 -1.048500e+00
-3.425300e-01  2.112600e+00  3.608200e-01 -4.918600e-01
-4.779500e-01  1.778400e+00  4.601300e-01 -1.399300e+00
-2.957800e-01  3.036300e-01  3.049100e-01 -9.351200e-01
-3.103200e-01  1.038100e+00  3.265000e-01 -1.059000e+00
 1.635100e+00 -4.182500e-01  1.514400e+00 -4.388300e-01
 1.390300e+00 -1.278000e+00  1.465100e+00 -4.489200e-01
 9.799300e-01 -3.273800e-01  1.063200e+00 -3.680000e-01
 9.077500e-01 -9.784600e-01  9.985600e-01 -3.382200e-01
 5.118400e-01 -4.087500e-01  2.055000e+00 -4.603400e-01
 4.521600e-01 -1.273100e+00  1.877700e+00 -5.089600e-01
 3.126500e-01 -3.230200e-01  1.171600e+00 -3.830500e-01
 3.054300e-01 -1.012900e+00  1.086900e+00 -3.712500e-01
 1.971900e+00 -4.076200e-01  4.875600e-01 -3.880200e-01
 1.824800e+00 -1.251700e+00  4.780700e-01 -4.382700e-01
 1.088200e+00 -3.240400e-01  3.530900e-01 -3.122100e-01
 9.907600e-01 -1.023300e+00  3.516200e-01 -3.357800e-01
 4.987300e-01 -2.200600e+00  1.161100e+00 -4.811500e-01
 1.337600e+00 -2.042600e+00  4.967900e-01 -4.760400e-01
 3.127000e-01 -3.095300e-01  3.546100e-01 -2.936800e-01
 3.048200e-01 -1.008300e+00  3.541900e-01 -3.201400e-01
 1.407900e+00 -4.291700e-01  1.456400e+00 -1.341900e+00
 1.235100e+00 -1.276100e+00  1.279100e+00 -1.352000e+00
 9.410200e-01 -2.992600e-01  9.043900e-01 -1.151800e+00
 1.007500e+00 -4.727200e-01  5.073500e-01 -2.065100e+00
 4.496700e-01 -4.559500e-01  1.796800e+00 -1.415300e+00
 3.936700e-01 -1.286400e+00  1.288800e+00 -1.507500e+00
 3.084200e-01 -3.241400e-01  9.801900e-01 -1.169600e+00
 3.035500e-01 -5.887700e-01  4.984700e-01 -1.903500e+00
 1.948800e+00 -4.450800e-01  4.824200e-01 -1.243700e+00
 1.468900e+00 -1.330000e+00  4.298100e-01 -1.386500e+00
 1.045100e+00 -3.190700e-01  3.122000e-01 -9.911700e-01
 9.406500e-01 -9.431900e-01  2.988000e-01 -1.048500e+00
 3.425300e-01 -2.112600e+00  3.608200e-01 -4.918600e-01
 4.779500e-01 -1.778400e+00  4.601300e-01 -1.399300e+00
 2.957800e-01 -3.036300e-01  3.049100e-01 -9.351200e-01
 3.103200e-01 -1.038100e+00  3.265000e-01 -1.059000e+00
-1.635100e+00 -4.182500e-01  1.514400e+00 -4.388300e-01
-1.390300e+00 -1.278000e+00  1.465100e+00 -4.489200e-01
-9.799300e-01 -3.273800e-01  1.063200e+00 -3.680000e-01
-9.077500e-01 -9.784600e-01  9.985600e-01 -3.382200e-01
-5.118400e-01 -4.087500e-01  2.055000e+00 -4.603400e-01
-4.521600e-01 -1.273100e+00  1.877700e+00 -5.089600e-01
-3.126500e-01 -3.230200e-01  1.171600e+00 -3.830500e-01
-3.054300e-01 -1.012900e+00  1.086900e+00 -3.712500e-01
-1.971900e+00 -4.076200e-01  4.875600e-01 -3.880200e-01
-1.824800e+00 -1.251700e+00  4.780700e-01 -4.382700e-01
-1.088200e+00 -3.240400e-01  3.530900e-01 -3.122100e-01
-9.907600e-01 -1.023300e+00  3.516200e-01 -3.357800e-01
-4.987300e-01 -2.200600e+00  1.161100e+00 -4.811500e-01
-1.337600e+00 -2.042600e+00  4.967900e-01 -4.760400e-01
-3.127000e-01 -3.095300e-01  3.546100e-01 -2.936800e-01
-3.048200e-01 -1.008300e+00  3.541900e-01 -3.201400e-01
-1.407900e+00 -4.291700e-01  1.456400e+00 -1.341900e+00
-1.235100e+00 -1.276100e+00  1.279100e+00 -1.352000e+00
-9.410200e-01 -2.992600e-01  9.043900e-01 -1.151800e+00
-1.007500e+00 -4.727200e-01  5.073500e-01 -2.065100e+00
-4.496700e-01 -4.559500e-01  1.796800e+00 -1.415300e+00
-3.936700e-01 -1.286400e+00  1.288800e+00 -1.507500e+00
-3.084200e-01 -3.241400e-01  9.801900e-01 -1.169600e+00
-3.035500e-01 -5.887700e-01  4.984700e-01 -1.903500e+00
-1.948800e+00 -4.450800e-01  4.824200e-01 -1.243700e+00
-1.468900e+00 -1.330000e+00  4.298100e-01 -1.386500e+00
-1.045100e+00 -3.190700e-01  3.122000e-01 -9.911700e-01
-9.406500e-01 -9.431900e-01  2.988000e-01 -1.048500e+00
-3.425300e-01 -2.112600e+00  3.608200e-01 -4.918600e-01
-4.779500e-01 -1.778400e+00  4.601300e-01 -1.399300e+00
-2.957800e-01 -3.036300e-01  3.049100e-01 -9.351200e-01
-3.103200e-01 -1.038100e+00  3.265000e-01 -1.059000e+00
 1.635100e+00  4.182500e-01 -1.514400e+00 -4.388300e-01
 1.390300e+00  1.278000e+00 -1.465100e+00 -4.489200e-01
 9.799300e-01  3.273800e-01 -1.063200e+00 -3.680000e-01
 9.077500e-01  9.784600e-01 -9.985600e-01 -3.382200e-01
 5.118400e-01  4.087500e-01 -2.055000e+00 -4.603400e-01
 4.521600e-01  1.273100e+00 -1.877700e+00 -5.089600e-01
 3.126500e-01  3.230200e-01 -1.171600e+00 -3.830500e-01
 3.054300e-01  1.012900e+00 -1.086900e+00 -3.712500e-01
 1.971900e+00  4.076200e-01 -4.875600e-01 -3.880200e-01
 1.824800e+00  1.251700e+00 -4.780700e-01 -4.382700e-01
 1.088200e+00  3.240400e-01 -3.530900e-01 -3.122100e-01
 9.907600e-01  1.023300e+00 -3.516200e-01 -3.357800e-01
 4.987300e-01  2.200600e+00 -1.161100e+00 -4.811500e-01
 1.337600e+00  2.042600e+00 -4.967900e-01 -4.760400e-01
 3.127000e-01  3.095300e-01 -3.546100e-01 -2.936800e-01
 3.048200e-01  1.008300e+00 -3.541900e-01 -3.201400e-01
 1.407900e+00  4.291700e-01 -1.456400e+00 -1.341900e+00
 1.235100e+00  1.276100e+00 -1.279100e+00 -1.352000e+00
 9.410200e-01  2.992600e-01 -9.043900e-01 -1.151800e+00
 1.007500e+00  4.727200e-01 -5.073500e-01 -2.065100e+00
 4.496700e-01  4.559500e-01 -1.796800e+00 -1.415300e+00
 3.936700e-01  1.286400e+00 -1.288800e+00 -1.507500e+00
 3.084200e-01  3.241400e-01 -9.801900e-01 -1.169600e+00
 3.035500e-01  5.887700e-01 -4.984700e-01 -1.903500e+00
 1.948800e+00  4.450800e-01 -4.824200e-01 -1.243700e+00
 1.468900e+00  1.330000e+00 -4.298100e-01 -1.386500e+00
 1.045100e+00  3.190700e-01 -3.122000e-01 -9.911700e-01
 9.406500e-01  9.431900e-01 -2.988000e-01 -1.048500e+00
 3.425300e-01  2.112600e+00 -3.608200e-01 -4.918600e-01
 4.779500e-01  1.778400e+00 -4.601300e-01 -1.399300e+00
 2.957800e-01  3.036300e-01 -3.049100e-01 -9.351200e-01
 3.103200e-01  1.038100e+00 -3.265000e-01 -1.059000e+00
-1.635100e+00  4.182500e-01 -1.514400e+00 -4.388300e-01
-1.390300e+00  1.278000e+00 -1.465100e+00 -4.489200e-01
-9.799300e-01  3.273800e-01 -1.063200e+00 -3.680000e-01
-9.077500e-01  9.784600e-01 -9.985600e-01 -3.382200e-01
-5.118400e-01  4.087500e-01 -2.055000e+00 -4.603400e-01
-4.521600e-01  1.273100e+00 -1.877700e+00 -5.089600e-01
-3.126500e-01  3.230200e-01 -1.171600e+00 -3.830500e-01
-3.054300e-01  1.012900e+00 -1.086900e+00 -3.712500e-01
-1.971900e+00  4.076200e-01 -4.875600e-01 -3.880200e-01
-1.824800e+00  1.251700e+00 -4.780700e-01 -4.382700e-01
-1.088200e+00  3.240400e-01 -3.530900e-01 -3.122100e-01
-9.907600e-01  1.023300e+00 -3.516200e-01 -3.357800e-01
-4.987300e-01  2.200600e+00 -1.161100e+00 -4.811500e-01
-1.337600e+00  2.042600e+00 -4.967900e-01 -4.760400e-01
-3.127000e-01  3.095300e-01 -3.546100e-01 -2.936800e-01
-3.048200e-01  1.008300e+00 -3.541900e-01 -3.201400e-01
-1.407900e+00  4.291700e-01 -1.456400e+00 -1.341900e+00
-1.235100e+00  1.276100e+00 -1.279100e+00 -1.352000e+00
-9.410200e-01  2.992600e-01 -9.043900e-01 -1.151800e+00
-1.007500e+00  4.727200e-01 -5.073500e-01 -2.065100e+00
-4.496700e-01  4.559500e-01 -1.796800e+00 -1.415300e+00
-3.936700e-01  1.286400e+00 -1.288800e+00 -1.507500e+00
-3.084200e-01  3.241400e-01 -9.801900e-01 -1.169600e+00
-3.035500e-01  5.887700e-01 -4.984700e-01 -1.903500e+00
-1.948800e+00  4.450800e-01 -4.824200e-01 -1.243700e+00
-1.468900e+00  1.330000e+00 -4.298100e-01 -1.386500e+00
-1.045100e+00  3.190700e-01 -3.122000e-01 -9.911700e-01
-9.406500e-01  9.431900e-01 -2.988000e-01 -1.048500e+00
-3.425300e-01  2.112600e+00 -3.608200e-01 -4.918600e-01
-4.779500e-01  1.778400e+00 -4.601300e-01 -1.399300e+00
-2.957800e-01  3.036300e-01 -3.049100e-01 -9.351200e-01
-3.103200e-01  1.038100e+00 -3.265000e-01 -1.059000e+00
 1.635100e+00 -4.182500e-01 -1.514400e+00 -4.388300e-01
 1.390300e+00 -1.278000e+00 -1.465100e+00 -4.489200e-01
 9.799300e-01 -3.273800e-01 -1.063200e+00 -3.680000e-01
 9.077500e-01 -9.784600e-01 -9.985600e-01 -3.382200e-01
 5.118400e-01 -4.087500e-01 -2.055000e+00 -4.603400e-01
 4.521600e-01 -1.273100e+00 -1.877700e+00 -5.089600e-01
 3.126500e-01 -3.230200e-01 -1.171600e+00 -3.830500e-01
 3.054300e-01 -1.012900e+00 -1.086900e+00 -3.712500e-01
 1.971900e+00 -4.076200e-01 -4.875600e-01 -3.880200e-01
 1.824800e+00 -1.251700e+00 -4.780700e-01 -4.382700e-01
 1.088200e+00 -3.240400e-01 -3.530900e-01 -3.122100e-01
 9.907600e-01 -1.023300e+00 -3.516200e-01 -3.357800e-01
 4.987300e-01 -2.200600e+00 -1.161100e+00 -4.811500e-01
 1.337600e+00 -2.042600e+00 -4.967900e-01 -4.760400e-01
 3.127000e-01 -3.095300e-01 -3.546100e-01 -2.936800e-01
 3.048200e-01 -1.008300e+00 -3.541900e-01 -3.201400e-01
 1.407900e+00 -4.291700e-01 -1.456400e+00 -1.341900e+00
 1.235100e+00 -1.276100e+00 -1.279100e+00 -1.352000e+00
 9.410200e-01 -2.992600e-01 -9.043900e-01 -1.151800e+00
 1.007500e+00 -4.727200e-01 -5.073500e-01 -2.065100e+00
 4.496700e-01 -4.559500e-01 -1.796800e+00 -1.415300e+00
 3.936700e-01 -1.286400e+00 -1.288800e+00 -1.507500e+00
 3.084200e-01 -3.241400e-01 -9.801900e-01 -1.169600e+00
 3.035500e-01 -5.887700e-01 -4.984700e-01 -1.903500e+00
 1.948800e+00 -4.450800e-01 -4.824200e-01 -1.243700e+00
 1.468900e+00 -1.330000e+00 -4.298100e-01 -1.386500e+00
 1.045100e+00 -3.190700e-01 -3.122000e-01 -9.911700e-01
 9.406500e-01 -9.431900e-01 -2.988000e-01 -1.048500e+00
 3.425300e-01 -2.112600e+00 -3.608200e-01 -4.918600e-01
 4.779500e-01 -1.778400e+00 -4.601300e-01 -1.399300e+00
 2.957800e-01 -3.036300e-01 -3.049100e-01 -9.351200e-01
 3.103200e-01 -1.038100e+00 -3.265000e-01 -1.059000e+00
-1.635100e+00 -4.182500e-01 -1.514400e+00 -4.388300e-01
-1.390300e+00 -1.278000e+00 -1.465100e+00 -4.489200e-01
-9.799300e-01 -3.273800e-01 -1.063200e+00 -3.680000e-01
-9.077500e-01 -9.784600e-01 -9.985600e-01 -3.382200e-01
-5.118400e-01 -4.087500e-01 -2.055000e+00 -4.603400e-01
-4.521600e-01 -1.273100e+00 -1.877700e+00 -5.089600e-01
-3.126500e-01 -3.230200e-01 -1.171600e+00 -3.830500e-01
-3.054300e-01 -1.012900e+00 -1.086900e+00 -3.712500e-01
-1.971900e+00 -4.076200e-01 -4.875600e-01 -3.880200e-01
-1.824800e+00 -1.251700e+00 -4.780700e-01 -4.382700e-01
-1.088200e+00 -3.240400e-01 -3.530900e-01 -3.122100e-01
-9.907600e-01 -1.023300e+00 -3.516200e-01 -3.357800e-01
-4.987300e-01 -2.200600e+00 -1.161100e+00 -4.811500e-01
-1.337600e+00 -2.042600e+00 -4.967900e-01 -4.760400e-01
-3.127000e-01 -3.095300e-01 -3.546100e-01 -2.936800e-01
-3.048200e-01 -1.008300e+00 -3.541900e-01 -3.201400e-01
-1.407900e+00 -4.291700e-01 -1.456400e+00 -1.341900e+00
-1.235100e+00 -1.276100e+00 -1.279100e+00 -1.352000e+00
-9.410200e-01 -2.992600e-01 -9.043900e-01 -1.151800e+00
-1.007500e+00 -4.727200e-01 -5.073500e-01 -2.065100e+00
-4.496700e-01 -4.559500e-01 -1.796800e+00 -1.415300e+00
-3.936700e-01 -1.286400e+00 -1.288800e+00 -1.507500e+00
-3.084200e-01 -3.241400e-01 -9.801900e-01 -1.169600e+00
-3.035500e-01 -5.887700e-01 -4.984700e-01 -1.903500e+00
-1.948800e+00 -4.450800e-01 -4.824200e-01 -1.243700e+00
-1.468900e+00 -1.330000e+00 -4.298100e-01 -1.386500e+00
-1.045100e+00 -3.190700e-01 -3.122000e-01 -9.911700e-01
-9.406500e-01 -9.431900e-01 -2.988000e-01 -1.048500e+00
-3.425300e-01 -2.112600e+00 -3.608200e-01 -4.918600e-01
-4.779500e-01 -1.778400e+00 -4.601300e-01 -1.399300e+00
-2.957800e-01 -3.036300e-01 -3.049100e-01 -9.351200e-01
-3.103200e-01 -1.038100e+00 -3.265000e-01 -1.059000e+00
