 8.500229e-01  9.135742e-01  3.204785e-01  1.314078e+00
 7.035233e-01  1.099682e+00  2.592026e-01  6.989431e-01
 7.537572e-01  1.145562e+00  7.487939e-01  2.696871e-01
 7.795049e-01  8.632584e-01  1.356977e+00  2.979469e-01
 3.391274e-01  1.699937e+00  3.686786e-01  3.362390e-01
 6.595521e-01  9.887951e-01  2.219798e-01  1.913471e-01
 2.160386e-01  1.047256e+00  6.554421e-01  2.166650e-01
 1.014892e+00  1.459040e+00  3.190776e-01  3.360548e-01
 3.107972e-01  8.757712e-01  8.224608e-01  1.341310e+00
 3.378484e-01  1.456062e+00  3.131156e-01  1.018227e+00
 3.002616e-01  8.496062e-01  1.351829e+00  8.127703e-01
 2.254601e-01  7.825177e-01  1.201632e+00  2.331751e-01
 1.926048e-01  9.707745e-01  2.236323e-01  6.989353e-01
 2.426979e-01  1.237398e+00  2.083471e-01  2.613684e-01
 2.760397e-01  1.171455e+00  7.547055e-01  7.555150e-01
 3.267235e-01  1.424446e+00  1.085379e+00  3.223650e-01
 8.950657e-01  9.676231e-01  9.142764e-01  8.837172e-01
 1.312750e+00  9.002345e-01  3.115888e-01  7.946063e-01
 1.326934e+00  8.577710e-01  8.620031e-01  3.090790e-01
 7.309226e-01  6.094947e-01  7.013237e-01  1.142707e-01
 8.152964e-01  5.939149e-01  1.760983e-01  2.548716e-01
 1.275879e+00  8.360054e-01  2.568107e-01  2.302443e-01
 9.098594e-01  5.755190e-01  5.215687e-01  5.296422e-01
 1.712433e+00  3.379420e-01  3.320487e-01  3.666849e-01
 8.669930e-01  3.293278e-01  8.375061e-01  1.312312e+00
 8.026719e-01  2.744489e-01  2.506373e-01  1.352851e+00
 1.323059e+00  3.201615e-01  8.644918e-01  7.856231e-01
 1.154782e+00  3.076086e-01  1.302939e+00  2.935001e-01
 1.356020e+00  3.134708e-01  2.984962e-01  1.074502e+00
 1.183558e+00  2.505035e-01  2.061698e-01  2.106381e-01
 1.071036e+00  2.114567e-01  2.451112e-01  6.387727e-01
 1.242203e+00  2.502437e-01  7.086581e-01  2.278381e-01
 2.456679e-01  2.441214e-01  6.547982e-01  1.224875e+00
 2.509214e-01  8.217722e-01  2.360476e-01  1.262708e+00
 1.372703e-01  6.330456e-01  7.510671e-01  7.170084e-01
 3.352756e-01  3.330345e-01  1.694681e+00  3.281214e-01
 1.685316e-01  5.075095e-01  2.466683e-01  8.157749e-01
 1.597021e-01  7.779623e-01  2.091489e-01  1.779975e-01
 4.484089e-01  2.508166e-01  4.642357e-01  4.448552e-01
 1.878774e-01  5.903104e-01  7.094159e-01  1.860322e-01
 2.245970e-01  1.744720e-01  6.542903e-01  7.684436e-01
 2.357876e-01  2.329301e-01  1.788383e-01  1.164909e+00
 2.301465e-01  2.346422e-01  1.178887e+00  6.837804e-01
 1.949534e-01  2.404457e-01  1.127947e+00  2.009088e-01
 1.726123e-01  1.367560e-01  2.019644e-01  6.579187e-01
 2.510602e-05  3.390776e-01  2.673060e-01  2.629132e-01
 1.771233e-01  1.974548e-01  7.065758e-01  3.818013e-01
 2.834630e-01  1.907902e-01  6.196560e-01  8.562572e-02
 5.287889e-01  5.888425e-01  5.554373e-01  9.116282e-01
 7.185308e-01  5.898509e-01  1.445516e-01  8.010412e-01
 7.837779e-01  3.186283e-01  1.374456e+00  8.204435e-01
 5.464330e-01  5.868464e-01  9.029501e-01  4.988745e-01
 2.960187e-01  5.566749e-01  1.272121e-01  4.720490e-01
 7.341640e-01  1.707259e-01  2.370191e-01  1.534786e-01
 3.892007e-01  7.220613e-01  4.491279e-01  4.077946e-01
 4.181004e-01  4.663148e-01  2.278369e-01  6.043794e-02
 3.211374e-01  3.510572e-01  3.504549e-01  1.727121e+00
 6.298422e-01  1.540395e-01  2.676145e-01  8.727813e-01
 3.008772e-01  3.105886e-01  1.210251e+00  1.252855e+00
 6.369736e-01  2.298902e-01  1.129269e+00  2.270075e-01
 5.763401e-01  2.028862e-01  1.510701e-01  4.570976e-01
 2.339942e-01  9.248091e-02  1.730018e-01  1.856876e-01
 7.332211e-01  1.794496e-01  7.768701e-01  7.364993e-01
 7.535965e-01  1.570833e-01  6.633939e-01  2.439608e-01
 8.500229e-01  9.135742e-01  3.204785e-01 -1.314078e+00
 7.035233e-01  1.099682e+00  2.592026e-01 -6.989431e-01
 7.537572e-01  1.145562e+00  7.487939e-01 -2.696871e-01
 7.795049e-01  8.632584e-01  1.356977e+00 -2.979469e-01
 3.391274e-01  1.699937e+00  3.686786e-01 -3.362390e-01
 6.595521e-01  9.887951e-01  2.219798e-01 -1.913471e-01
 2.160386e-01  1.047256e+00  6.554421e-01 -2.166650e-01
 1.014892e+00  1.459040e+00  3.190776e-01 -3.360548e-01
 3.107972e-01  8.757712e-01  8.224608e-01 -1.341310e+00
 3.378484e-01  1.456062e+00  3.131156e-01 -1.018227e+00
 3.002616e-01  8.496062e-01  1.351829e+00 -8.127703e-01
 2.254601e-01  7.825177e-01  1.201632e+00 -2.331751e-01
 1.926048e-01  9.707745e-01  2.236323e-01 -6.989353e-01
 2.426979e-01  1.237398e+00  2.083471e-01 -2.613684e-01
 2.760397e-01  1.171455e+00  7.547055e-01 -7.555150e-01
 3.267235e-01  1.424446e+00  1.085379e+00 -3.223650e-01
 8.950657e-01  9.676231e-01  9.142764e-01 -8.837172e-01
 1.312750e+00  9.002345e-01  3.115888e-01 -7.946063e-01
 1.326934e+00  8.577710e-01  8.620031e-01 -3.090790e-01
 7.309226e-01  6.094947e-01  7.013237e-01 -1.142707e-01
 8.152964e-01  5.939149e-01  1.760983e-01 -2.548716e-01
 1.275879e+00  8.360054e-01  2.568107e-01 -2.302443e-01
 9.098594e-01  5.755190e-01  5.215687e-01 -5.296422e-01
 1.712433e+00  3.379420e-01  3.320487e-01 -3.666849e-01
 8.669930e-01  3.293278e-01  8.375061e-01 -1.312312e+00
 8.026719e-01  2.744489e-01  2.506373e-01 -1.352851e+00
 1.323059e+00  3.201615e-01  8.644918e-01 -7.856231e-01
 1.154782e+00  3.076086e-01  1.302939e+00 -2.935001e-01
 1.356020e+00  3.134708e-01  2.984962e-01 -1.074502e+00
 1.183558e+00  2.505035e-01  2.061698e-01 -2.106381e-01
 1.071036e+00  2.114567e-01  2.451112e-01 -6.387727e-01
 1.242203e+00  2.502437e-01  7.086581e-01 -2.278381e-01
 2.456679e-01  2.441214e-01  6.547982e-01 -1.224875e+00
 2.509214e-01  8.217722e-01  2.360476e-01 -1.262708e+00
 1.372703e-01  6.330456e-01  7.510671e-01 -7.170084e-01
 3.352756e-01  3.330345e-01  1.694681e+00 -3.281214e-01
 1.685316e-01  5.075095e-01  2.466683e-01 -8.157749e-01
 1.597021e-01  7.779623e-01  2.091489e-01 -1.779975e-01
 4.484089e-01  2.508166e-01  4.642357e-01 -4.448552e-01
 1.878774e-01  5.903104e-01  7.094159e-01 -1.860322e-01
 2.245970e-01  1.744720e-01  6.542903e-01 -7.684436e-01
 2.357876e-01  2.329301e-01  1.788383e-01 -1.164909e+00
 2.301465e-01  2.346422e-01  1.178887e+00 -6.837804e-01
 1.949534e-01  2.404457e-01  1.127947e+00 -2.009088e-01
 1.726123e-01  1.367560e-01  2.019644e-01 -6.579187e-01
 2.510602e-05  3.390776e-01  2.673060e-01 -2.629132e-01
 1.771233e-01  1.974548e-01  7.065758e-01 -3.818013e-01
 2.834630e-01  1.907902e-01  6.196560e-01 -8.562572e-02
 5.287889e-01  5.888425e-01  5.554373e-01 -9.116282e-01
 7.185308e-01  5.898509e-01  1.445516e-01 -8.010412e-01
 7.837779e-01  3.186283e-01  1.374456e+00 -8.204435e-01
 5.464330e-01  5.868464e-01  9.029501e-01 -4.988745e-01
 2.960187e-01  5.566749e-01  1.272121e-01 -4.720490e-01
 7.341640e-01  1.707259e-01  2.370191e-01 -1.534786e-01
 3.892007e-01  7.220613e-01  4.491279e-01 -4.077946e-01
 4.181004e-01  4.663148e-01  2.278369e-01 -6.043794e-02
 3.211374e-01  3.510572e-01  3.504549e-01 -1.727121e+00
 6.298422e-01  1.540395e-01  2.676145e-01 -8.727813e-01
 3.008772e-01  3.105886e-01  1.210251e+00 -1.252855e+00
 6.369736e-01  2.298902e-01  1.129269e+00 -2.270075e-01
 5.763401e-01  2.028862e-01  1.510701e-01 -4.570976e-01
 2.339942e-01  9.248091e-02  1.730018e-01 -1.856876e-01
 7.332211e-01  1.794496e-01  7.768701e-01 -7.364993e-01
 7.535965e-01  1.570833e-01  6.633939e-01 -2.439608e-01
 8.500229e-01  9.135742e-01 -3.204785e-01  1.314078e+00
 7.035233e-01  1.099682e+00 -2.592026e-01  6.989431e-01
 7.537572e-01  1.145562e+00 -7.487939e-01  2.696871e-01
 7.795049e-01  8.632584e-01 -1.356977e+00  2.979469e-01
 3.391274e-01  1.699937e+00 -3.686786e-01  3.362390e-01
 6.595521e-01  9.887951e-01 -2.219798e-01  1.913471e-01
 2.160386e-01  1.047256e+00 -6.554421e-01  2.166650e-01
 1.014892e+00  1.459040e+00 -3.190776e-01  3.360548e-01
 3.107972e-01  8.757712e-01 -8.224608e-01  1.341310e+00
 3.378484e-01  1.456062e+00 -3.131156e-01  1.018227e+00
 3.002616e-01  8.496062e-01 -1.351829e+00  8.127703e-01
 2.254601e-01  7.825177e-01 -1.201632e+00  2.331751e-01
 1.926048e-01  9.707745e-01 -2.236323e-01  6.989353e-01
 2.426979e-01  1.237398e+00 -2.083471e-01  2.613684e-01
 2.760397e-01  1.171455e+00 -7.547055e-01  7.555150e-01
 3.267235e-01  1.424446e+00 -1.085379e+00  3.223650e-01
 8.950657e-01  9.676231e-01 -9.142764e-01  8.837172e-01
 1.312750e+00  9.002345e-01 -3.115888e-01  7.946063e-01
 1.326934e+00  8.577710e-01 -8.620031e-01  3.090790e-01
 7.309226e-01  6.094947e-01 -7.013237e-01  1.142707e-01
 8.152964e-01  5.939149e-01 -1.760983e-01  2.548716e-01
 1.275879e+00  8.360054e-01 -2.568107e-01  2.302443e-01
 9.098594e-01  5.755190e-01 -5.215687e-01  5.296422e-01
 1.712433e+00  3.379420e-01 -3.320487e-01  3.666849e-01
 8.669930e-01  3.293278e-01 -8.375061e-01  1.312312e+00
 8.026719e-01  2.744489e-01 -2.506373e-01  1.352851e+00
 1.323059e+00  3.201615e-01 -8.644918e-01  7.856231e-01
 1.154782e+00  3.076086e-01 -1.302939e+00  2.935001e-01
 1.356020e+00  3.134708e-01 -2.984962e-01  1.074502e+00
 1.183558e+00  2.505035e-01 -2.061698e-01  2.106381e-01
 1.071036e+00  2.114567e-01 -2.451112e-01  6.387727e-01
 1.242203e+00  2.502437e-01 -7.086581e-01  2.278381e-01
 2.456679e-01  2.441214e-01 -6.547982e-01  1.224875e+00
 2.509214e-01  8.217722e-01 -2.360476e-01  1.262708e+00
 1.372703e-01  6.330456e-01 -7.510671e-01  7.170084e-01
 3.352756e-01  3.330345e-01 -1.694681e+00  3.281214e-01
 1.685316e-01  5.075095e-01 -2.466683e-01  8.157749e-01
 1.597021e-01  7.779623e-01 -2.091489e-01  1.779975e-01
 4.484089e-01  2.508166e-01 -4.642357e-01  4.448552e-01
 1.878774e-01  5.903104e-01 -7.094159e-01  1.860322e-01
 2.245970e-01  1.744720e-01 -6.542903e-01  7.684436e-01
 2.357876e-01  2.329301e-01 -1.788383e-01  1.164909e+00
 2.301465e-01  2.346422e-01 -1.178887e+00  6.837804e-01
 1.949534e-01  2.404457e-01 -1.127947e+00  2.009088e-01
 1.726123e-01  1.367560e-01 -2.019644e-01  6.579187e-01
 2.510602e-05  3.390776e-01 -2.673060e-01  2.629132e-01
 1.771233e-01  1.974548e-01 -7.065758e-01  3.818013e-01
 2.834630e-01  1.907902e-01 -6.196560e-01  8.562572e-02
 5.287889e-01  5.888425e-01 -5.554373e-01  9.116282e-01
 7.185308e-01  5.898509e-01 -1.445516e-01  8.010412e-01
 7.837779e-01  3.186283e-01 -1.374456e+00  8.204435e-01
 5.464330e-01  5.868464e-01 -9.029501e-01  4.988745e-01
 2.960187e-01  5.566749e-01 -1.272121e-01  4.720490e-01
 7.341640e-01  1.707259e-01 -2.370191e-01  1.534786e-01
 3.892007e-01  7.220613e-01 -4.491279e-01  4.077946e-01
 4.181004e-01  4.663148e-01 -2.278369e-01  6.043794e-02
 3.211374e-01  3.510572e-01 -3.504549e-01  1.727121e+00
 6.298422e-01  1.540395e-01 -2.676145e-01  8.727813e-01
 3.008772e-01  3.105886e-01 -1.210251e+00  1.252855e+00
 6.369736e-01  2.298902e-01 -1.129269e+00  2.270075e-01
 5.763401e-01  2.028862e-01 -1.510701e-01  4.570976e-01
 2.339942e-01  9.248091e-02 -1.730018e-01  1.856876e-01
 7.332211e-01  1.794496e-01 -7.768701e-01  7.364993e-01
 7.535965e-01  1.570833e-01 -6.633939e-01  2.439608e-01
 8.500229e-01  9.135742e-01 -3.204785e-01 -1.314078e+00
 7.035233e-01  1.099682e+00 -2.592026e-01 -6.989431e-01
 7.537572e-01  1.145562e+00 -7.487939e-01 -2.696871e-01
 7.795049e-01  8.632584e-01 -1.356977e+00 -2.979469e-01
 3.391274e-01  1.699937e+00 -3.686786e-01 -3.362390e-01
 6.595521e-01  9.887951e-01 -2.219798e-01 -1.913471e-01
 2.160386e-01  1.047256e+00 -6.554421e-01 -2.166650e-01
 1.014892e+00  1.459040e+00 -3.190776e-01 -3.360548e-01
 3.107972e-01  8.757712e-01 -8.224608e-01 -1.341310e+00
 3.378484e-01  1.456062e+00 -3.131156e-01 -1.018227e+00
 3.002616e-01  8.496062e-01 -1.351829e+00 -8.127703e-01
 2.254601e-01  7.825177e-01 -1.201632e+00 -2.331751e-01
 1.926048e-01  9.707745e-01 -2.236323e-01 -6.989353e-01
 2.426979e-01  1.237398e+00 -2.083471e-01 -2.613684e-01
 2.760397e-01  1.171455e+00 -7.547055e-01 -7.555150e-01
 3.267235e-01  1.424446e+00 -1.085379e+00 -3.223650e-01
 8.950657e-01  9.676231e-01 -9.142764e-01 -8.837172e-01
 1.312750e+00  9.002345e-01 -3.115888e-01 -7.946063e-01
 1.326934e+00  8.577710e-01 -8.620031e-01 -3.090790e-01
 7.309226e-01  6.094947e-01 -7.013237e-01 -1.142707e-01
 8.152964e-01  5.939149e-01 -1.760983e-01 -2.548716e-01
 1.275879e+00  8.360054e-01 -2.568107e-01 -2.302443e-01
 9.098594e-01  5.755190e-01 -5.215687e-01 -5.296422e-01
 1.712433e+00  3.379420e-01 -3.320487e-01 -3.666849e-01
 8.669930e-01  3.293278e-01 -8.375061e-01 -1.312312e+00
 8.026719e-01  2.744489e-01 -2.506373e-01 -1.352851e+00
 1.323059e+00  3.201615e-01 -8.644918e-01 -7.856231e-01
 1.154782e+00  3.076086e-01 -1.302939e+00 -2.935001e-01
 1.356020e+00  3.134708e-01 -2.984962e-01 -1.074502e+00
 1.183558e+00  2.505035e-01 -2.061698e-01 -2.106381e-01
 1.071036e+00  2.114567e-01 -2.451112e-01 -6.387727e-01
 1.242203e+00  2.502437e-01 -7.086581e-01 -2.278381e-01
 2.456679e-01  2.441214e-01 -6.547982e-01 -1.224875e+00
 2.509214e-01  8.217722e-01 -2.360476e-01 -1.262708e+00
 1.372703e-01  6.330456e-01 -7.510671e-01 -7.170084e-01
 3.352756e-01  3.330345e-01 -1.694681e+00 -3.281214e-01
 1.685316e-01  5.075095e-01 -2.466683e-01 -8.157749e-01
 1.597021e-01  7.779623e-01 -2.091489e-01 -1.779975e-01
 4.484089e-01  2.508166e-01 -4.642357e-01 -4.448552e-01
 1.878774e-01  5.903104e-01 -7.094159e-01 -1.860322e-01
 2.245970e-01  1.744720e-01 -6.542903e-01 -7.684436e-01
 2.357876e-01  2.329301e-01 -1.788383e-01 -1.164909e+00
 2.301465e-01  2.346422e-01 -1.178887e+00 -6.837804e-01
 1.949534e-01  2.404457e-01 -1.127947e+00 -2.009088e-01
 1.726123e-01  1.367560e-01 -2.019644e-01 -6.579187e-01
 2.510602e-05  3.390776e-01 -2.673060e-01 -2.629132e-01
 1.771233e-01  1.974548e-01 -7.065758e-01 -3.818013e-01
 2.834630e-01  1.907902e-01 -6.196560e-01 -8.562572e-02
 5.287889e-01  5.888425e-01 -5.554373e-01 -9.116282e-01
 7.185308e-01  5.898509e-01 -1.445516e-01 -8.010412e-01
 7.837779e-01  3.186283e-01 -1.374456e+00 -8.204435e-01
 5.464330e-01  5.868464e-01 -9.029501e-01 -4.988745e-01
 2.960187e-01  5.566749e-01 -1.272121e-01 -4.720490e-01
 7.341640e-01  1.707259e-01 -2.370191e-01 -1.534786e-01
 3.892007e-01  7.220613e-01 -4.491279e-01 -4.077946e-01
 4.181004e-01  4.663148e-01 -2.278369e-01 -6.043794e-02
 3.211374e-01  3.510572e-01 -3.504549e-01 -1.727121e+00
 6.298422e-01  1.540395e-01 -2.676145e-01 -8.727813e-01
 3.008772e-01  3.105886e-01 -1.210251e+00 -1.252855e+00
 6.369736e-01  2.298902e-01 -1.129269e+00 -2.270075e-01
 5.763401e-01  2.028862e-01 -1.510701e-01 -4.570976e-01
 2.339942e-01  9.248091e-02 -1.730018e-01 -1.856876e-01
 7.332211e-01  1.794496e-01 -7.768701e-01 -7.364993e-01
 7.535965e-01  1.570833e-01 -6.633939e-01 -2.439608e-01
 8.500229e-01 -9.135742e-01  3.204785e-01  1.314078e+00
 7.035233e-01 -1.099682e+00  2.592026e-01  6.989431e-01
 7.537572e-01 -1.145562e+00  7.487939e-01  2.696871e-01
 7.795049e-01 -8.632584e-01  1.356977e+00  2.979469e-01
 3.391274e-01 -1.699937e+00  3.686786e-01  3.362390e-01
 6.595521e-01 -9.887951e-01  2.219798e-01  1.913471e-01
 2.160386e-01 -1.047256e+00  6.554421e-01  2.166650e-01
 1.014892e+00 -1.459040e+00  3.190776e-01  3.360548e-01
 3.107972e-01 -8.757712e-01  8.224608e-01  1.341310e+00
 3.378484e-01 -1.456062e+00  3.131156e-01  1.018227e+00
 3.002616e-01 -8.496062e-01  1.351829e+00  8.127703e-01
 2.254601e-01 -7.825177e-01  1.201632e+00  2.331751e-01
 1.926048e-01 -9.707745e-01  2.236323e-01  6.989353e-01
 2.426979e-01 -1.237398e+00  2.083471e-01  2.613684e-01
 2.760397e-01 -1.171455e+00  7.547055e-01  7.555150e-01
 3.267235e-01 -1.424446e+00  1.085379e+00  3.223650e-01
 8.950657e-01 -9.676231e-01  9.142764e-01  8.837172e-01
 1.312750e+00 -9.002345e-01  3.115888e-01  7.946063e-01
 1.326934e+00 -8.577710e-01  8.620031e-01  3.090790e-01
 7.309226e-01 -6.094947e-01  7.013237e-01  1.142707e-01
 8.152964e-01 -5.939149e-01  1.760983e-01  2.548716e-01
 1.275879e+00 -8.360054e-01  2.568107e-01  2.302443e-01
 9.098594e-01 -5.755190e-01  5.215687e-01  5.296422e-01
 1.712433e+00 -3.379420e-01  3.320487e-01  3.666849e-01
 8.669930e-01 -3.293278e-01  8.375061e-01  1.312312e+00
 8.026719e-01 -2.744489e-01  2.506373e-01  1.352851e+00
 1.323059e+00 -3.201615e-01  8.644918e-01  7.856231e-01
 1.154782e+00 -3.076086e-01  1.302939e+00  2.935001e-01
 1.356020e+00 -3.134708e-01  2.984962e-01  1.074502e+00
 1.183558e+00 -2.505035e-01  2.061698e-01  2.106381e-01
 1.071036e+00 -2.114567e-01  2.451112e-01  6.387727e-01
 1.242203e+00 -2.502437e-01  7.086581e-01  2.278381e-01
 2.456679e-01 -2.441214e-01  6.547982e-01  1.224875e+00
 2.509214e-01 -8.217722e-01  2.360476e-01  1.262708e+00
 1.372703e-01 -6.330456e-01  7.510671e-01  7.170084e-01
 3.352756e-01 -3.330345e-01  1.694681e+00  3.281214e-01
 1.685316e-01 -5.075095e-01  2.466683e-01  8.157749e-01
 1.597021e-01 -7.779623e-01  2.091489e-01  1.779975e-01
 4.484089e-01 -2.508166e-01  4.642357e-01  4.448552e-01
 1.878774e-01 -5.903104e-01  7.094159e-01  1.860322e-01
 2.245970e-01 -1.744720e-01  6.542903e-01  7.684436e-01
 2.357876e-01 -2.329301e-01  1.788383e-01  1.164909e+00
 2.301465e-01 -2.346422e-01  1.178887e+00  6.837804e-01
 1.949534e-01 -2.404457e-01  1.127947e+00  2.009088e-01
 1.726123e-01 -1.367560e-01  2.019644e-01  6.579187e-01
 2.510602e-05 -3.390776e-01  2.673060e-01  2.629132e-01
 1.771233e-01 -1.974548e-01  7.065758e-01  3.818013e-01
 2.834630e-01 -1.907902e-01  6.196560e-01  8.562572e-02
 5.287889e-01 -5.888425e-01  5.554373e-01  9.116282e-01
 7.185308e-01 -5.898509e-01  1.445516e-01  8.010412e-01
 7.837779e-01 -3.186283e-01  1.374456e+00  8.204435e-01
 5.464330e-01 -5.868464e-01  9.029501e-01  4.988745e-01
 2.960187e-01 -5.566749e-01  1.272121e-01  4.720490e-01
 7.341640e-01 -1.707259e-01  2.370191e-01  1.534786e-01
 3.892007e-01 -7.220613e-01  4.491279e-01  4.077946e-01
 4.181004e-01 -4.663148e-01  2.278369e-01  6.043794e-02
 3.211374e-01 -3.510572e-01  3.504549e-01  1.727121e+00
 6.298422e-01 -1.540395e-01  2.676145e-01  8.727813e-01
 3.008772e-01 -3.105886e-01  1.210251e+00  1.252855e+00
 6.369736e-01 -2.298902e-01  1.129269e+00  2.270075e-01
 5.763401e-01 -2.028862e-01  1.510701e-01  4.570976e-01
 2.339942e-01 -9.248091e-02  1.730018e-01  1.856876e-01
 7.332211e-01 -1.794496e-01  7.768701e-01  7.364993e-01
 7.535965e-01 -1.570833e-01  6.633939e-01  2.439608e-01
 8.500229e-01 -9.135742e-01  3.204785e-01 -1.314078e+00
 7.035233e-01 -1.099682e+00  2.592026e-01 -6.989431e-01
 7.537572e-01 -1.145562e+00  7.487939e-01 -2.696871e-01
 7.795049e-01 -8.632584e-01  1.356977e+00 -2.979469e-01
 3.391274e-01 -1.699937e+00  3.686786e-01 -3.362390e-01
 6.595521e-01 -9.887951e-01  2.219798e-01 -1.913471e-01
 2.160386e-01 -1.047256e+00  6.554421e-01 -2.166650e-01
 1.014892e+00 -1.459040e+00  3.190776e-01 -3.360548e-01
 3.107972e-01 -8.757712e-01  8.224608e-01 -1.341310e+00
 3.378484e-01 -1.456062e+00  3.131156e-01 -1.018227e+00
 3.002616e-01 -8.496062e-01  1.351829e+00 -8.127703e-01
 2.254601e-01 -7.825177e-01  1.201632e+00 -2.331751e-01
 1.926048e-01 -9.707745e-01  2.236323e-01 -6.989353e-01
 2.426979e-01 -1.237398e+00  2.083471e-01 -2.613684e-01
 2.760397e-01 -1.171455e+00  7.547055e-01 -7.555150e-01
 3.267235e-01 -1.424446e+00  1.085379e+00 -3.223650e-01
 8.950657e-01 -9.676231e-01  9.142764e-01 -8.837172e-01
 1.312750e+00 -9.002345e-01  3.115888e-01 -7.946063e-01
 1.326934e+00 -8.577710e-01  8.620031e-01 -3.090790e-01
 7.309226e-01 -6.094947e-01  7.013237e-01 -1.142707e-01
 8.152964e-01 -5.939149e-01  1.760983e-01 -2.548716e-01
 1.275879e+00 -8.360054e-01  2.568107e-01 -2.302443e-01
 9.098594e-01 -5.755190e-01  5.215687e-01 -5.296422e-01
 1.712433e+00 -3.379420e-01  3.320487e-01 -3.666849e-01
 8.669930e-01 -3.293278e-01  8.375061e-01 -1.312312e+00
 8.026719e-01 -2.744489e-01  2.506373e-01 -1.352851e+00
 1.323059e+00 -3.201615e-01  8.644918e-01 -7.856231e-01
 1.154782e+00 -3.076086e-01  1.302939e+00 -2.935001e-01
 1.356020e+00 -3.134708e-01  2.984962e-01 -1.074502e+00
 1.183558e+00 -2.505035e-01  2.061698e-01 -2.106381e-01
 1.071036e+00 -2.114567e-01  2.451112e-01 -6.387727e-01
 1.242203e+00 -2.502437e-01  7.086581e-01 -2.278381e-01
 2.456679e-01 -2.441214e-01  6.547982e-01 -1.224875e+00
 2.509214e-01 -8.217722e-01  2.360476e-01 -1.262708e+00
 1.372703e-01 -6.330456e-01  7.510671e-01 -7.170084e-01
 3.352756e-01 -3.330345e-01  1.694681e+00 -3.281214e-01
 1.685316e-01 -5.075095e-01  2.466683e-01 -8.157749e-01
 1.597021e-01 -7.779623e-01  2.091489e-01 -1.779975e-01
 4.484089e-01 -2.508166e-01  4.642357e-01 -4.448552e-01
 1.878774e-01 -5.903104e-01  7.094159e-01 -1.860322e-01
 2.245970e-01 -1.744720e-01  6.542903e-01 -7.684436e-01
 2.357876e-01 -2.329301e-01  1.788383e-01 -1.164909e+00
 2.301465e-01 -2.346422e-01  1.178887e+00 -6.837804e-01
 1.949534e-01 -2.404457e-01  1.127947e+00 -2.009088e-01
 1.726123e-01 -1.367560e-01  2.019644e-01 -6.579187e-01
 2.510602e-05 -3.390776e-01  2.673060e-01 -2.629132e-01
 1.771233e-01 -1.974548e-01  7.065758e-01 -3.818013e-01
 2.834630e-01 -1.907902e-01  6.196560e-01 -8.562572e-02
 5.287889e-01 -5.888425e-01  5.554373e-01 -9.116282e-01
 7.185308e-01 -5.898509e-01  1.445516e-01 -8.010412e-01
 7.837779e-01 -3.186283e-01  1.374456e+00 -8.204435e-01
 5.464330e-01 -5.868464e-01  9.029501e-01 -4.988745e-01
 2.960187e-01 -5.566749e-01  1.272121e-01 -4.720490e-01
 7.341640e-01 -1.707259e-01  2.370191e-01 -1.534786e-01
 3.892007e-01 -7.220613e-01  4.491279e-01 -4.077946e-01
 4.181004e-01 -4.663148e-01  2.278369e-01 -6.043794e-02
 3.211374e-01 -3.510572e-01  3.504549e-01 -1.727121e+00
 6.298422e-01 -1.540395e-01  2.676145e-01 -8.727813e-01
 3.008772e-01 -3.105886e-01  1.210251e+00 -1.252855e+00
 6.369736e-01 -2.298902e-01  1.129269e+00 -2.270075e-01
 5.763401e-01 -2.028862e-01  1.510701e-01 -4.570976e-01
 2.339942e-01 -9.248091e-02  1.730018e-01 -1.856876e-01
 7.332211e-01 -1.794496e-01  7.768701e-01 -7.364993e-01
 7.535965e-01 -1.570833e-01  6.633939e-01 -2.439608e-01
 8.500229e-01 -9.135742e-01 -3.204785e-01  1.314078e+00
 7.035233e-01 -1.099682e+00 -2.592026e-01  6.989431e-01
 7.537572e-01 -1.145562e+00 -7.487939e-01  2.696871e-01
 7.795049e-01 -8.632584e-01 -1.356977e+00  2.979469e-01
 3.391274e-01 -1.699937e+00 -3.686786e-01  3.362390e-01
 6.595521e-01 -9.887951e-01 -2.219798e-01  1.913471e-01
 2.160386e-01 -1.047256e+00 -6.554421e-01  2.166650e-01
 1.014892e+00 -1.459040e+00 -3.190776e-01  3.360548e-01
 3.107972e-01 -8.757712e-01 -8.224608e-01  1.341310e+00
 3.378484e-01 -1.456062e+00 -3.131156e-01  1.018227e+00
 3.002616e-01 -8.496062e-01 -1.351829e+00  8.127703e-01
 2.254601e-01 -7.825177e-01 -1.201632e+00  2.331751e-01
 1.926048e-01 -9.707745e-01 -2.236323e-01  6.989353e-01
 2.426979e-01 -1.237398e+00 -2.083471e-01  2.613684e-01
 2.760397e-01 -1.171455e+00 -7.547055e-01  7.555150e-01
 3.267235e-01 -1.424446e+00 -1.085379e+00  3.223650e-01
 8.950657e-01 -9.676231e-01 -9.142764e-01  8.837172e-01
 1.312750e+00 -9.002345e-01 -3.115888e-01  7.946063e-01
 1.326934e+00 -8.577710e-01 -8.620031e-01  3.090790e-01
 7.309226e-01 -6.094947e-01 -7.013237e-01  1.142707e-01
 8.152964e-01 -5.939149e-01 -1.760983e-01  2.548716e-01
 1.275879e+00 -8.360054e-01 -2.568107e-01  2.302443e-01
 9.098594e-01 -5.755190e-01 -5.215687e-01  5.296422e-01
 1.712433e+00 -3.379420e-01 -3.320487e-01  3.666849e-01
 8.669930e-01 -3.293278e-01 -8.375061e-01  1.312312e+00
 8.026719e-01 -2.744489e-01 -2.506373e-01  1.352851e+00
 1.323059e+00 -3.201615e-01 -8.644918e-01  7.856231e-01
 1.154782e+00 -3.076086e-01 -1.302939e+00  2.935001e-01
 1.356020e+00 -3.134708e-01 -2.984962e-01  1.074502e+00
 1.183558e+00 -2.505035e-01 -2.061698e-01  2.106381e-01
 1.071036e+00 -2.114567e-01 -2.451112e-01  6.387727e-01
 1.242203e+00 -2.502437e-01 -7.086581e-01  2.278381e-01
 2.456679e-01 -2.441214e-01 -6.547982e-01  1.224875e+00
 2.509214e-01 -8.217722e-01 -2.360476e-01  1.262708e+00
 1.372703e-01 -6.330456e-01 -7.510671e-01  7.170084e-01
 3.352756e-01 -3.330345e-01 -1.694681e+00  3.281214e-01
 1.685316e-01 -5.075095e-01 -2.466683e-01  8.157749e-01
 1.597021e-01 -7.779623e-01 -2.091489e-01  1.779975e-01
 4.484089e-01 -2.508166e-01 -4.642357e-01  4.448552e-01
 1.878774e-01 -5.903104e-01 -7.094159e-01  1.860322e-01
 2.245970e-01 -1.744720e-01 -6.542903e-01  7.684436e-01
 2.357876e-01 -2.329301e-01 -1.788383e-01  1.164909e+00
 2.301465e-01 -2.346422e-01 -1.178887e+00  6.837804e-01
 1.949534e-01 -2.404457e-01 -1.127947e+00  2.009088e-01
 1.726123e-01 -1.367560e-01 -2.019644e-01  6.579187e-01
 2.510602e-05 -3.390776e-01 -2.673060e-01  2.629132e-01
 1.771233e-01 -1.974548e-01 -7.065758e-01  3.818013e-01
 2.834630e-01 -1.907902e-01 -6.196560e-01  8.562572e-02
 5.287889e-01 -5.888425e-01 -5.554373e-01  9.116282e-01
 7.185308e-01 -5.898509e-01 -1.445516e-01  8.010412e-01
 7.837779e-01 -3.186283e-01 -1.374456e+00  8.204435e-01
 5.464330e-01 -5.868464e-01 -9.029501e-01  4.988745e-01
 2.960187e-01 -5.566749e-01 -1.272121e-01  4.720490e-01
 7.341640e-01 -1.707259e-01 -2.370191e-01  1.534786e-01
 3.892007e-01 -7.220613e-01 -4.491279e-01  4.077946e-01
 4.181004e-01 -4.663148e-01 -2.278369e-01  6.043794e-02
 3.211374e-01 -3.510572e-01 -3.504549e-01  1.727121e+00
 6.298422e-01 -1.540395e-01 -2.676145e-01  8.727813e-01
 3.008772e-01 -3.105886e-01 -1.210251e+00  1.252855e+00
 6.369736e-01 -2.298902e-01 -1.129269e+00  2.270075e-01
 5.763401e-01 -2.028862e-01 -1.510701e-01  4.570976e-01
 2.339942e-01 -9.248091e-02 -1.730018e-01  1.856876e-01
 7.332211e-01 -1.794496e-01 -7.768701e-01  7.364993e-01
 7.535965e-01 -1.570833e-01 -6.633939e-01  2.439608e-01
 8.500229e-01 -9.135742e-01 -3.204785e-01 -1.314078e+00
 7.035233e-01 -1.099682e+00 -2.592026e-01 -6.989431e-01
 7.537572e-01 -1.145562e+00 -7.487939e-01 -2.696871e-01
 7.795049e-01 -8.632584e-01 -1.356977e+00 -2.979469e-01
 3.391274e-01 -1.699937e+00 -3.686786e-01 -3.362390e-01
 6.595521e-01 -9.887951e-01 -2.219798e-01 -1.913471e-01
 2.160386e-01 -1.047256e+00 -6.554421e-01 -2.166650e-01
 1.014892e+00 -1.459040e+00 -3.190776e-01 -3.360548e-01
 3.107972e-01 -8.757712e-01 -8.224608e-01 -1.341310e+00
 3.378484e-01 -1.456062e+00 -3.131156e-01 -1.018227e+00
 3.002616e-01 -8.496062e-01 -1.351829e+00 -8.127703e-01
 2.254601e-01 -7.825177e-01 -1.201632e+00 -2.331751e-01
 1.926048e-01 -9.707745e-01 -2.236323e-01 -6.989353e-01
 2.426979e-01 -1.237398e+00 -2.083471e-01 -2.613684e-01
 2.760397e-01 -1.171455e+00 -7.547055e-01 -7.555150e-01
 3.267235e-01 -1.424446e+00 -1.085379e+00 -3.223650e-01
 8.950657e-01 -9.676231e-01 -9.142764e-01 -8.837172e-01
 1.312750e+00 -9.002345e-01 -3.115888e-01 -7.946063e-01
 1.326934e+00 -8.577710e-01 -8.620031e-01 -3.090790e-01
 7.309226e-01 -6.094947e-01 -7.013237e-01 -1.142707e-01
 8.152964e-01 -5.939149e-01 -1.760983e-01 -2.548716e-01
 1.275879e+00 -8.360054e-01 -2.568107e-01 -2.302443e-01
 9.098594e-01 -5.755190e-01 -5.215687e-01 -5.296422e-01
 1.712433e+00 -3.379420e-01 -3.320487e-01 -3.666849e-01
 8.669930e-01 -3.293278e-01 -8.375061e-01 -1.312312e+00
 8.026719e-01 -2.744489e-01 -2.506373e-01 -1.352851e+00
 1.323059e+00 -3.201615e-01 -8.644918e-01 -7.856231e-01
 1.154782e+00 -3.076086e-01 -1.302939e+00 -2.935001e-01
 1.356020e+00 -3.134708e-01 -2.984962e-01 -1.074502e+00
 1.183558e+00 -2.505035e-01 -2.061698e-01 -2.106381e-01
 1.071036e+00 -2.114567e-01 -2.451112e-01 -6.387727e-01
 1.242203e+00 -2.502437e-01 -7.086581e-01 -2.278381e-01
 2.456679e-01 -2.441214e-01 -6.547982e-01 -1.224875e+00
 2.509214e-01 -8.217722e-01 -2.360476e-01 -1.262708e+00
 1.372703e-01 -6.330456e-01 -7.510671e-01 -7.170084e-01
 3.352756e-01 -3.330345e-01 -1.694681e+00 -3.281214e-01
 1.685316e-01 -5.075095e-01 -2.466683e-01 -8.157749e-01
 1.597021e-01 -7.779623e-01 -2.091489e-01 -1.779975e-01
 4.484089e-01 -2.508166e-01 -4.642357e-01 -4.448552e-01
 1.878774e-01 -5.903104e-01 -7.094159e-01 -1.860322e-01
 2.245970e-01 -1.744720e-01 -6.542903e-01 -7.684436e-01
 2.357876e-01 -2.329301e-01 -1.788383e-01 -1.164909e+00
 2.301465e-01 -2.346422e-01 -1.178887e+00 -6.837804e-01
 1.949534e-01 -2.404457e-01 -1.127947e+00 -2.009088e-01
 1.726123e-01 -1.367560e-01 -2.019644e-01 -6.579187e-01
 2.510602e-05 -3.390776e-01 -2.673060e-01 -2.629132e-01
 1.771233e-01 -1.974548e-01 -7.065758e-01 -3.818013e-01
 2.834630e-01 -1.907902e-01 -6.196560e-01 -8.562572e-02
 5.287889e-01 -5.888425e-01 -5.554373e-01 -9.116282e-01
 7.185308e-01 -5.898509e-01 -1.445516e-01 -8.010412e-01
 7.837779e-01 -3.186283e-01 -1.374456e+00 -8.204435e-01
 5.464330e-01 -5.868464e-01 -9.029501e-01 -4.988745e-01
 2.960187e-01 -5.566749e-01 -1.272121e-01 -4.720490e-01
 7.341640e-01 -1.707259e-01 -2.370191e-01 -1.534786e-01
 3.892007e-01 -7.220613e-01 -4.491279e-01 -4.077946e-01
 4.181004e-01 -4.663148e-01 -2.278369e-01 -6.043794e-02
 3.211374e-01 -3.510572e-01 -3.504549e-01 -1.727121e+00
 6.298422e-01 -1.540395e-01 -2.676145e-01 -8.727813e-01
 3.008772e-01 -3.105886e-01 -1.210251e+00 -1.252855e+00
 6.369736e-01 -2.298902e-01 -1.129269e+00 -2.270075e-01
 5.763401e-01 -2.028862e-01 -1.510701e-01 -4.570976e-01
 2.339942e-01 -9.248091e-02 -1.730018e-01 -1.856876e-01
 7.332211e-01 -1.794496e-01 -7.768701e-01 -7.364993e-01
 7.535965e-01 -1.570833e-01 -6.633939e-01 -2.439608e-01
-8.500229e-01  9.135742e-01  3.204785e-01  1.314078e+00
-7.035233e-01  1.099682e+00  2.592026e-01  6.989431e-01
-7.537572e-01  1.145562e+00  7.487939e-01  2.696871e-01
-7.795049e-01  8.632584e-01  1.356977e+00  2.979469e-01
-3.391274e-01  1.699937e+00  3.686786e-01  3.362390e-01
-6.595521e-01  9.887951e-01  2.219798e-01  1.913471e-01
-2.160386e-01  1.047256e+00  6.554421e-01  2.166650e-01
-1.014892e+00  1.459040e+00  3.190776e-01  3.360548e-01
-3.107972e-01  8.757712e-01  8.224608e-01  1.341310e+00
-3.378484e-01  1.456062e+00  3.131156e-01  1.018227e+00
-3.002616e-01  8.496062e-01  1.351829e+00  8.127703e-01
-2.254601e-01  7.825177e-01  1.201632e+00  2.331751e-01
-1.926048e-01  9.707745e-01  2.236323e-01  6.989353e-01
-2.426979e-01  1.237398e+00  2.083471e-01  2.613684e-01
-2.760397e-01  1.171455e+00  7.547055e-01  7.555150e-01
-3.267235e-01  1.424446e+00  1.085379e+00  3.223650e-01
-8.950657e-01  9.676231e-01  9.142764e-01  8.837172e-01
-1.312750e+00  9.002345e-01  3.115888e-01  7.946063e-01
-1.326934e+00  8.577710e-01  8.620031e-01  3.090790e-01
-7.309226e-01  6.094947e-01  7.013237e-01  1.142707e-01
-8.152964e-01  5.939149e-01  1.760983e-01  2.548716e-01
-1.275879e+00  8.360054e-01  2.568107e-01  2.302443e-01
-9.098594e-01  5.755190e-01  5.215687e-01  5.296422e-01
-1.712433e+00  3.379420e-01  3.320487e-01  3.666849e-01
-8.669930e-01  3.293278e-01  8.375061e-01  1.312312e+00
-8.026719e-01  2.744489e-01  2.506373e-01  1.352851e+00
-1.323059e+00  3.201615e-01  8.644918e-01  7.856231e-01
-1.154782e+00  3.076086e-01  1.302939e+00  2.935001e-01
-1.356020e+00  3.134708e-01  2.984962e-01  1.074502e+00
-1.183558e+00  2.505035e-01  2.061698e-01  2.106381e-01
-1.071036e+00  2.114567e-01  2.451112e-01  6.387727e-01
-1.242203e+00  2.502437e-01  7.086581e-01  2.278381e-01
-2.456679e-01  2.441214e-01  6.547982e-01  1.224875e+00
-2.509214e-01  8.217722e-01  2.360476e-01  1.262708e+00
-1.372703e-01  6.330456e-01  7.510671e-01  7.170084e-01
-3.352756e-01  3.330345e-01  1.694681e+00  3.281214e-01
-1.685316e-01  5.075095e-01  2.466683e-01  8.157749e-01
-1.597021e-01  7.779623e-01  2.091489e-01  1.779975e-01
-4.484089e-01  2.508166e-01  4.642357e-01  4.448552e-01
-1.878774e-01  5.903104e-01  7.094159e-01  1.860322e-01
-2.245970e-01  1.744720e-01  6.542903e-01  7.684436e-01
-2.357876e-01  2.329301e-01  1.788383e-01  1.164909e+00
-2.301465e-01  2.346422e-01  1.178887e+00  6.837804e-01
-1.949534e-01  2.404457e-01  1.127947e+00  2.009088e-01
-1.726123e-01  1.367560e-01  2.019644e-01  6.579187e-01
-2.510602e-05  3.390776e-01  2.673060e-01  2.629132e-01
-1.771233e-01  1.974548e-01  7.065758e-01  3.818013e-01
-2.834630e-01  1.907902e-01  6.196560e-01  8.562572e-02
-5.287889e-01  5.888425e-01  5.554373e-01  9.116282e-01
-7.185308e-01  5.898509e-01  1.445516e-01  8.010412e-01
-7.837779e-01  3.186283e-01  1.374456e+00  8.204435e-01
-5.464330e-01  5.868464e-01  9.029501e-01  4.988745e-01
-2.960187e-01  5.566749e-01  1.272121e-01  4.720490e-01
-7.341640e-01  1.707259e-01  2.370191e-01  1.534786e-01
-3.892007e-01  7.220613e-01  4.491279e-01  4.077946e-01
-4.181004e-01  4.663148e-01  2.278369e-01  6.043794e-02
-3.211374e-01  3.510572e-01  3.504549e-01  1.727121e+00
-6.298422e-01  1.540395e-01  2.676145e-01  8.727813e-01
-3.008772e-01  3.105886e-01  1.210251e+00  1.252855e+00
-6.369736e-01  2.298902e-01  1.129269e+00  2.270075e-01
-5.763401e-01  2.028862e-01  1.510701e-01  4.570976e-01
-2.339942e-01  9.248091e-02  1.730018e-01  1.856876e-01
-7.332211e-01  1.794496e-01  7.768701e-01  7.364993e-01
-7.535965e-01  1.570833e-01  6.633939e-01  2.439608e-01
-8.500229e-01  9.135742e-01  3.204785e-01 -1.314078e+00
-7.035233e-01  1.099682e+00  2.592026e-01 -6.989431e-01
-7.537572e-01  1.145562e+00  7.487939e-01 -2.696871e-01
-7.795049e-01  8.632584e-01  1.356977e+00 -2.979469e-01
-3.391274e-01  1.699937e+00  3.686786e-01 -3.362390e-01
-6.595521e-01  9.887951e-01  2.219798e-01 -1.913471e-01
-2.160386e-01  1.047256e+00  6.554421e-01 -2.166650e-01
-1.014892e+00  1.459040e+00  3.190776e-01 -3.360548e-01
-3.107972e-01  8.757712e-01  8.224608e-01 -1.341310e+00
-3.378484e-01  1.456062e+00  3.131156e-01 -1.018227e+00
-3.002616e-01  8.496062e-01  1.351829e+00 -8.127703e-01
-2.254601e-01  7.825177e-01  1.201632e+00 -2.331751e-01
-1.926048e-01  9.707745e-01  2.236323e-01 -6.989353e-01
-2.426979e-01  1.237398e+00  2.083471e-01 -2.613684e-01
-2.760397e-01  1.171455e+00  7.547055e-01 -7.555150e-01
-3.267235e-01  1.424446e+00  1.085379e+00 -3.223650e-01
-8.950657e-01  9.676231e-01  9.142764e-01 -8.837172e-01
-1.312750e+00  9.002345e-01  3.115888e-01 -7.946063e-01
-1.326934e+00  8.577710e-01  8.620031e-01 -3.090790e-01
-7.309226e-01  6.094947e-01  7.013237e-01 -1.142707e-01
-8.152964e-01  5.939149e-01  1.760983e-01 -2.548716e-01
-1.275879e+00  8.360054e-01  2.568107e-01 -2.302443e-01
-9.098594e-01  5.755190e-01  5.215687e-01 -5.296422e-01
-1.712433e+00  3.379420e-01  3.320487e-01 -3.666849e-01
-8.669930e-01  3.293278e-01  8.375061e-01 -1.312312e+00
-8.026719e-01  2.744489e-01  2.506373e-01 -1.352851e+00
-1.323059e+00  3.201615e-01  8.644918e-01 -7.856231e-01
-1.154782e+00  3.076086e-01  1.302939e+00 -2.935001e-01
-1.356020e+00  3.134708e-01  2.984962e-01 -1.074502e+00
-1.183558e+00  2.505035e-01  2.061698e-01 -2.106381e-01
-1.071036e+00  2.114567e-01  2.451112e-01 -6.387727e-01
-1.242203e+00  2.502437e-01  7.086581e-01 -2.278381e-01
-2.456679e-01  2.441214e-01  6.547982e-01 -1.224875e+00
-2.509214e-01  8.217722e-01  2.360476e-01 -1.262708e+00
-1.372703e-01  6.330456e-01  7.510671e-01 -7.170084e-01
-3.352756e-01  3.330345e-01  1.694681e+00 -3.281214e-01
-1.685316e-01  5.075095e-01  2.466683e-01 -8.157749e-01
-1.597021e-01  7.779623e-01  2.091489e-01 -1.779975e-01
-4.484089e-01  2.508166e-01  4.642357e-01 -4.448552e-01
-1.878774e-01  5.903104e-01  7.094159e-01 -1.860322e-01
-2.245970e-01  1.744720e-01  6.542903e-01 -7.684436e-01
-2.357876e-01  2.329301e-01  1.788383e-01 -1.164909e+00
-2.301465e-01  2.346422e-01  1.178887e+00 -6.837804e-01
-1.949534e-01  2.404457e-01  1.127947e+00 -2.009088e-01
-1.726123e-01  1.367560e-01  2.019644e-01 -6.579187e-01
-2.510602e-05  3.390776e-01  2.673060e-01 -2.629132e-01
-1.771233e-01  1.974548e-01  7.065758e-01 -3.818013e-01
-2.834630e-01  1.907902e-01  6.196560e-01 -8.562572e-02
-5.287889e-01  5.888425e-01  5.554373e-01 -9.116282e-01
-7.185308e-01  5.898509e-01  1.445516e-01 -8.010412e-01
-7.837779e-01  3.186283e-01  1.374456e+00 -8.204435e-01
-5.464330e-01  5.868464e-01  9.029501e-01 -4.988745e-01
-2.960187e-01  5.566749e-01  1.272121e-01 -4.720490e-01
-7.341640e-01  1.707259e-01  2.370191e-01 -1.534786e-01
-3.892007e-01  7.220613e-01  4.491279e-01 -4.077946e-01
-4.181004e-01  4.663148e-01  2.278369e-01 -6.043794e-02
-3.211374e-01  3.510572e-01  3.504549e-01 -1.727121e+00
-6.298422e-01  1.540395e-01  2.676145e-01 -8.727813e-01
-3.008772e-01  3.105886e-01  1.210251e+00 -1.252855e+00
-6.369736e-01  2.298902e-01  1.129269e+00 -2.270075e-01
-5.763401e-01  2.028862e-01  1.510701e-01 -4.570976e-01
-2.339942e-01  9.248091e-02  1.730018e-01 -1.856876e-01
-7.332211e-01  1.794496e-01  7.768701e-01 -7.364993e-01
-7.535965e-01  1.570833e-01  6.633939e-01 -2.439608e-01
-8.500229e-01  9.135742e-01 -3.204785e-01  1.314078e+00
-7.035233e-01  1.099682e+00 -2.592026e-01  6.989431e-01
-7.537572e-01  1.145562e+00 -7.487939e-01  2.696871e-01
-7.795049e-01  8.632584e-01 -1.356977e+00  2.979469e-01
-3.391274e-01  1.699937e+00 -3.686786e-01  3.362390e-01
-6.595521e-01  9.887951e-01 -2.219798e-01  1.913471e-01
-2.160386e-01  1.047256e+00 -6.554421e-01  2.166650e-01
-1.014892e+00  1.459040e+00 -3.190776e-01  3.360548e-01
-3.107972e-01  8.757712e-01 -8.224608e-01  1.341310e+00
-3.378484e-01  1.456062e+00 -3.131156e-01  1.018227e+00
-3.002616e-01  8.496062e-01 -1.351829e+00  8.127703e-01
-2.254601e-01  7.825177e-01 -1.201632e+00  2.331751e-01
-1.926048e-01  9.707745e-01 -2.236323e-01  6.989353e-01
-2.426979e-01  1.237398e+00 -2.083471e-01  2.613684e-01
-2.760397e-01  1.171455e+00 -7.547055e-01  7.555150e-01
-3.267235e-01  1.424446e+00 -1.085379e+00  3.223650e-01
-8.950657e-01  9.676231e-01 -9.142764e-01  8.837172e-01
-1.312750e+00  9.002345e-01 -3.115888e-01  7.946063e-01
-1.326934e+00  8.577710e-01 -8.620031e-01  3.090790e-01
-7.309226e-01  6.094947e-01 -7.013237e-01  1.142707e-01
-8.152964e-01  5.939149e-01 -1.760983e-01  2.548716e-01
-1.275879e+00  8.360054e-01 -2.568107e-01  2.302443e-01
-9.098594e-01  5.755190e-01 -5.215687e-01  5.296422e-01
-1.712433e+00  3.379420e-01 -3.320487e-01  3.666849e-01
-8.669930e-01  3.293278e-01 -8.375061e-01  1.312312e+00
-8.026719e-01  2.744489e-01 -2.506373e-01  1.352851e+00
-1.323059e+00  3.201615e-01 -8.644918e-01  7.856231e-01
-1.154782e+00  3.076086e-01 -1.302939e+00  2.935001e-01
-1.356020e+00  3.134708e-01 -2.984962e-01  1.074502e+00
-1.183558e+00  2.505035e-01 -2.061698e-01  2.106381e-01
-1.071036e+00  2.114567e-01 -2.451112e-01  6.387727e-01
-1.242203e+00  2.502437e-01 -7.086581e-01  2.278381e-01
-2.456679e-01  2.441214e-01 -6.547982e-01  1.224875e+00
-2.509214e-01  8.217722e-01 -2.360476e-01  1.262708e+00
-1.372703e-01  6.330456e-01 -7.510671e-01  7.170084e-01
-3.352756e-01  3.330345e-01 -1.694681e+00  3.281214e-01
-1.685316e-01  5.075095e-01 -2.466683e-01  8.157749e-01
-1.597021e-01  7.779623e-01 -2.091489e-01  1.779975e-01
-4.484089e-01  2.508166e-01 -4.642357e-01  4.448552e-01
-1.878774e-01  5.903104e-01 -7.094159e-01  1.860322e-01
-2.245970e-01  1.744720e-01 -6.542903e-01  7.684436e-01
-2.357876e-01  2.329301e-01 -1.788383e-01  1.164909e+00
-2.301465e-01  2.346422e-01 -1.178887e+00  6.837804e-01
-1.949534e-01  2.404457e-01 -1.127947e+00  2.009088e-01
-1.726123e-01  1.367560e-01 -2.019644e-01  6.579187e-01
-2.510602e-05  3.390776e-01 -2.673060e-01  2.629132e-01
-1.771233e-01  1.974548e-01 -7.065758e-01  3.818013e-01
-2.834630e-01  1.907902e-01 -6.196560e-01  8.562572e-02
-5.287889e-01  5.888425e-01 -5.554373e-01  9.116282e-01
-7.185308e-01  5.898509e-01 -1.445516e-01  8.010412e-01
-7.837779e-01  3.186283e-01 -1.374456e+00  8.204435e-01
-5.464330e-01  5.868464e-01 -9.029501e-01  4.988745e-01
-2.960187e-01  5.566749e-01 -1.272121e-01  4.720490e-01
-7.341640e-01  1.707259e-01 -2.370191e-01  1.534786e-01
-3.892007e-01  7.220613e-01 -4.491279e-01  4.077946e-01
-4.181004e-01  4.663148e-01 -2.278369e-01  6.043794e-02
-3.211374e-01  3.510572e-01 -3.504549e-01  1.727121e+00
-6.298422e-01  1.540395e-01 -2.676145e-01  8.727813e-01
-3.008772e-01  3.105886e-01 -1.210251e+00  1.252855e+00
-6.369736e-01  2.298902e-01 -1.129269e+00  2.270075e-01
-5.763401e-01  2.028862e-01 -1.510701e-01  4.570976e-01
-2.339942e-01  9.248091e-02 -1.730018e-01  1.856876e-01
-7.332211e-01  1.794496e-01 -7.768701e-01  7.364993e-01
-7.535965e-01  1.570833e-01 -6.633939e-01  2.439608e-01
-8.500229e-01  9.135742e-01 -3.204785e-01 -1.314078e+00
-7.035233e-01  1.099682e+00 -2.592026e-01 -6.989431e-01
-7.537572e-01  1.145562e+00 -7.487939e-01 -2.696871e-01
-7.795049e-01  8.632584e-01 -1.356977e+00 -2.979469e-01
-3.391274e-01  1.699937e+00 -3.686786e-01 -3.362390e-01
-6.595521e-01  9.887951e-01 -2.219798e-01 -1.913471e-01
-2.160386e-01  1.047256e+00 -6.554421e-01 -2.166650e-01
-1.014892e+00  1.459040e+00 -3.190776e-01 -3.360548e-01
-3.107972e-01  8.757712e-01 -8.224608e-01 -1.341310e+00
-3.378484e-01  1.456062e+00 -3.131156e-01 -1.018227e+00
-3.002616e-01  8.496062e-01 -1.351829e+00 -8.127703e-01
-2.254601e-01  7.825177e-01 -1.201632e+00 -2.331751e-01
-1.926048e-01  9.707745e-01 -2.236323e-01 -6.989353e-01
-2.426979e-01  1.237398e+00 -2.083471e-01 -2.613684e-01
-2.760397e-01  1.171455e+00 -7.547055e-01 -7.555150e-01
-3.267235e-01  1.424446e+00 -1.085379e+00 -3.223650e-01
-8.950657e-01  9.676231e-01 -9.142764e-01 -8.837172e-01
-1.312750e+00  9.002345e-01 -3.115888e-01 -7.946063e-01
-1.326934e+00  8.577710e-01 -8.620031e-01 -3.090790e-01
-7.309226e-01  6.094947e-01 -7.013237e-01 -1.142707e-01
-8.152964e-01  5.939149e-01 -1.760983e-01 -2.548716e-01
-1.275879e+00  8.360054e-01 -2.568107e-01 -2.302443e-01
-9.098594e-01  5.755190e-01 -5.215687e-01 -5.296422e-01
-1.712433e+00  3.379420e-01 -3.320487e-01 -3.666849e-01
-8.669930e-01  3.293278e-01 -8.375061e-01 -1.312312e+00
-8.026719e-01  2.744489e-01 -2.506373e-01 -1.352851e+00
-1.323059e+00  3.201615e-01 -8.644918e-01 -7.856231e-01
-1.154782e+00  3.076086e-01 -1.302939e+00 -2.935001e-01
-1.356020e+00  3.134708e-01 -2.984962e-01 -1.074502e+00
-1.183558e+00  2.505035e-01 -2.061698e-01 -2.106381e-01
-1.071036e+00  2.114567e-01 -2.451112e-01 -6.387727e-01
-1.242203e+00  2.502437e-01 -7.086581e-01 -2.278381e-01
-2.456679e-01  2.441214e-01 -6.547982e-01 -1.224875e+00
-2.509214e-01  8.217722e-01 -2.360476e-01 -1.262708e+00
-1.372703e-01  6.330456e-01 -7.510671e-01 -7.170084e-01
-3.352756e-01  3.330345e-01 -1.694681e+00 -3.281214e-01
-1.685316e-01  5.075095e-01 -2.466683e-01 -8.157749e-01
-1.597021e-01  7.779623e-01 -2.091489e-01 -1.779975e-01
-4.484089e-01  2.508166e-01 -4.642357e-01 -4.448552e-01
-1.878774e-01  5.903104e-01 -7.094159e-01 -1.860322e-01
-2.245970e-01  1.744720e-01 -6.542903e-01 -7.684436e-01
-2.357876e-01  2.329301e-01 -1.788383e-01 -1.164909e+00
-2.301465e-01  2.346422e-01 -1.178887e+00 -6.837804e-01
-1.949534e-01  2.404457e-01 -1.127947e+00 -2.009088e-01
-1.726123e-01  1.367560e-01 -2.019644e-01 -6.579187e-01
-2.510602e-05  3.390776e-01 -2.673060e-01 -2.629132e-01
-1.771233e-01  1.974548e-01 -7.065758e-01 -3.818013e-01
-2.834630e-01  1.907902e-01 -6.196560e-01 -8.562572e-02
-5.287889e-01  5.888425e-01 -5.554373e-01 -9.116282e-01
-7.185308e-01  5.898509e-01 -1.445516e-01 -8.010412e-01
-7.837779e-01  3.186283e-01 -1.374456e+00 -8.204435e-01
-5.464330e-01  5.868464e-01 -9.029501e-01 -4.988745e-01
-2.960187e-01  5.566749e-01 -1.272121e-01 -4.720490e-01
-7.341640e-01  1.707259e-01 -2.370191e-01 -1.534786e-01
-3.892007e-01  7.220613e-01 -4.491279e-01 -4.077946e-01
-4.181004e-01  4.663148e-01 -2.278369e-01 -6.043794e-02
-3.211374e-01  3.510572e-01 -3.504549e-01 -1.727121e+00
-6.298422e-01  1.540395e-01 -2.676145e-01 -8.727813e-01
-3.008772e-01  3.105886e-01 -1.210251e+00 -1.252855e+00
-6.369736e-01  2.298902e-01 -1.129269e+00 -2.270075e-01
-5.763401e-01  2.028862e-01 -1.510701e-01 -4.570976e-01
-2.339942e-01  9.248091e-02 -1.730018e-01 -1.856876e-01
-7.332211e-01  1.794496e-01 -7.768701e-01 -7.364993e-01
-7.535965e-01  1.570833e-01 -6.633939e-01 -2.439608e-01
-8.500229e-01 -9.135742e-01  3.204785e-01  1.314078e+00
-7.035233e-01 -1.099682e+00  2.592026e-01  6.989431e-01
-7.537572e-01 -1.145562e+00  7.487939e-01  2.696871e-01
-7.795049e-01 -8.632584e-01  1.356977e+00  2.979469e-01
-3.391274e-01 -1.699937e+00  3.686786e-01  3.362390e-01
-6.595521e-01 -9.887951e-01  2.219798e-01  1.913471e-01
-2.160386e-01 -1.047256e+00  6.554421e-01  2.166650e-01
-1.014892e+00 -1.459040e+00  3.190776e-01  3.360548e-01
-3.107972e-01 -8.757712e-01  8.224608e-01  1.341310e+00
-3.378484e-01 -1.456062e+00  3.131156e-01  1.018227e+00
-3.002616e-01 -8.496062e-01  1.351829e+00  8.127703e-01
-2.254601e-01 -7.825177e-01  1.201632e+00  2.331751e-01
-1.926048e-01 -9.707745e-01  2.236323e-01  6.989353e-01
-2.426979e-01 -1.237398e+00  2.083471e-01  2.613684e-01
-2.760397e-01 -1.171455e+00  7.547055e-01  7.555150e-01
-3.267235e-01 -1.424446e+00  1.085379e+00  3.223650e-01
-8.950657e-01 -9.676231e-01  9.142764e-01  8.837172e-01
-1.312750e+00 -9.002345e-01  3.115888e-01  7.946063e-01
-1.326934e+00 -8.577710e-01  8.620031e-01  3.090790e-01
-7.309226e-01 -6.094947e-01  7.013237e-01  1.142707e-01
-8.152964e-01 -5.939149e-01  1.760983e-01  2.548716e-01
-1.275879e+00 -8.360054e-01  2.568107e-01  2.302443e-01
-9.098594e-01 -5.755190e-01  5.215687e-01  5.296422e-01
-1.712433e+00 -3.379420e-01  3.320487e-01  3.666849e-01
-8.669930e-01 -3.293278e-01  8.375061e-01  1.312312e+00
-8.026719e-01 -2.744489e-01  2.506373e-01  1.352851e+00
-1.323059e+00 -3.201615e-01  8.644918e-01  7.856231e-01
-1.154782e+00 -3.076086e-01  1.302939e+00  2.935001e-01
-1.356020e+00 -3.134708e-01  2.984962e-01  1.074502e+00
-1.183558e+00 -2.505035e-01  2.061698e-01  2.106381e-01
-1.071036e+00 -2.114567e-01  2.451112e-01  6.387727e-01
-1.242203e+00 -2.502437e-01  7.086581e-01  2.278381e-01
-2.456679e-01 -2.441214e-01  6.547982e-01  1.224875e+00
-2.509214e-01 -8.217722e-01  2.360476e-01  1.262708e+00
-1.372703e-01 -6.330456e-01  7.510671e-01  7.170084e-01
-3.352756e-01 -3.330345e-01  1.694681e+00  3.281214e-01
-1.685316e-01 -5.075095e-01  2.466683e-01  8.157749e-01
-1.597021e-01 -7.779623e-01  2.091489e-01  1.779975e-01
-4.484089e-01 -2.508166e-01  4.642357e-01  4.448552e-01
-1.878774e-01 -5.903104e-01  7.094159e-01  1.860322e-01
-2.245970e-01 -1.744720e-01  6.542903e-01  7.684436e-01
-2.357876e-01 -2.329301e-01  1.788383e-01  1.164909e+00
-2.301465e-01 -2.346422e-01  1.178887e+00  6.837804e-01
-1.949534e-01 -2.404457e-01  1.127947e+00  2.009088e-01
-1.726123e-01 -1.367560e-01  2.019644e-01  6.579187e-01
-2.510602e-05 -3.390776e-01  2.673060e-01  2.629132e-01
-1.771233e-01 -1.974548e-01  7.065758e-01  3.818013e-01
-2.834630e-01 -1.907902e-01  6.196560e-01  8.562572e-02
-5.287889e-01 -5.888425e-01  5.554373e-01  9.116282e-01
-7.185308e-01 -5.898509e-01  1.445516e-01  8.010412e-01
-7.837779e-01 -3.186283e-01  1.374456e+00  8.204435e-01
-5.464330e-01 -5.868464e-01  9.029501e-01  4.988745e-01
-2.960187e-01 -5.566749e-01  1.272121e-01  4.720490e-01
-7.341640e-01 -1.707259e-01  2.370191e-01  1.534786e-01
-3.892007e-01 -7.220613e-01  4.491279e-01  4.077946e-01
-4.181004e-01 -4.663148e-01  2.278369e-01  6.043794e-02
-3.211374e-01 -3.510572e-01  3.504549e-01  1.727121e+00
-6.298422e-01 -1.540395e-01  2.676145e-01  8.727813e-01
-3.008772e-01 -3.105886e-01  1.210251e+00  1.252855e+00
-6.369736e-01 -2.298902e-01  1.129269e+00  2.270075e-01
-5.763401e-01 -2.028862e-01  1.510701e-01  4.570976e-01
-2.339942e-01 -9.248091e-02  1.730018e-01  1.856876e-01
-7.332211e-01 -1.794496e-01  7.768701e-01  7.364993e-01
-7.535965e-01 -1.570833e-01  6.633939e-01  2.439608e-01
-8.500229e-01 -9.135742e-01  3.204785e-01 -1.314078e+00
-7.035233e-01 -1.099682e+00  2.592026e-01 -6.989431e-01
-7.537572e-01 -1.145562e+00  7.487939e-01 -2.696871e-01
-7.795049e-01 -8.632584e-01  1.356977e+00 -2.979469e-01
-3.391274e-01 -1.699937e+00  3.686786e-01 -3.362390e-01
-6.595521e-01 -9.887951e-01  2.219798e-01 -1.913471e-01
-2.160386e-01 -1.047256e+00  6.554421e-01 -2.166650e-01
-1.014892e+00 -1.459040e+00  3.190776e-01 -3.360548e-01
-3.107972e-01 -8.757712e-01  8.224608e-01 -1.341310e+00
-3.378484e-01 -1.456062e+00  3.131156e-01 -1.018227e+00
-3.002616e-01 -8.496062e-01  1.351829e+00 -8.127703e-01
-2.254601e-01 -7.825177e-01  1.201632e+00 -2.331751e-01
-1.926048e-01 -9.707745e-01  2.236323e-01 -6.989353e-01
-2.426979e-01 -1.237398e+00  2.083471e-01 -2.613684e-01
-2.760397e-01 -1.171455e+00  7.547055e-01 -7.555150e-01
-3.267235e-01 -1.424446e+00  1.085379e+00 -3.223650e-01
-8.950657e-01 -9.676231e-01  9.142764e-01 -8.837172e-01
-1.312750e+00 -9.002345e-01  3.115888e-01 -7.946063e-01
-1.326934e+00 -8.577710e-01  8.620031e-01 -3.090790e-01
-7.309226e-01 -6.094947e-01  7.013237e-01 -1.142707e-01
-8.152964e-01 -5.939149e-01  1.760983e-01 -2.548716e-01
-1.275879e+00 -8.360054e-01  2.568107e-01 -2.302443e-01
-9.098594e-01 -5.755190e-01  5.215687e-01 -5.296422e-01
-1.712433e+00 -3.379420e-01  3.320487e-01 -3.666849e-01
-8.669930e-01 -3.293278e-01  8.375061e-01 -1.312312e+00
-8.026719e-01 -2.744489e-01  2.506373e-01 -1.352851e+00
-1.323059e+00 -3.201615e-01  8.644918e-01 -7.856231e-01
-1.154782e+00 -3.076086e-01  1.302939e+00 -2.935001e-01
-1.356020e+00 -3.134708e-01  2.984962e-01 -1.074502e+00
-1.183558e+00 -2.505035e-01  2.061698e-01 -2.106381e-01
-1.071036e+00 -2.114567e-01  2.451112e-01 -6.387727e-01
-1.242203e+00 -2.502437e-01  7.086581e-01 -2.278381e-01
-2.456679e-01 -2.441214e-01  6.547982e-01 -1.224875e+00
-2.509214e-01 -8.217722e-01  2.360476e-01 -1.262708e+00
-1.372703e-01 -6.330456e-01  7.510671e-01 -7.170084e-01
-3.352756e-01 -3.330345e-01  1.694681e+00 -3.281214e-01
-1.685316e-01 -5.075095e-01  2.466683e-01 -8.157749e-01
-1.597021e-01 -7.779623e-01  2.091489e-01 -1.779975e-01
-4.484089e-01 -2.508166e-01  4.642357e-01 -4.448552e-01
-1.878774e-01 -5.903104e-01  7.094159e-01 -1.860322e-01
-2.245970e-01 -1.744720e-01  6.542903e-01 -7.684436e-01
-2.357876e-01 -2.329301e-01  1.788383e-01 -1.164909e+00
-2.301465e-01 -2.346422e-01  1.178887e+00 -6.837804e-01
-1.949534e-01 -2.404457e-01  1.127947e+00 -2.009088e-01
-1.726123e-01 -1.367560e-01  2.019644e-01 -6.579187e-01
-2.510602e-05 -3.390776e-01  2.673060e-01 -2.629132e-01
-1.771233e-01 -1.974548e-01  7.065758e-01 -3.818013e-01
-2.834630e-01 -1.907902e-01  6.196560e-01 -8.562572e-02
-5.287889e-01 -5.888425e-01  5.554373e-01 -9.116282e-01
-7.185308e-01 -5.898509e-01  1.445516e-01 -8.010412e-01
-7.837779e-01 -3.186283e-01  1.374456e+00 -8.204435e-01
-5.464330e-01 -5.868464e-01  9.029501e-01 -4.988745e-01
-2.960187e-01 -5.566749e-01  1.272121e-01 -4.720490e-01
-7.341640e-01 -1.707259e-01  2.370191e-01 -1.534786e-01
-3.892007e-01 -7.220613e-01  4.491279e-01 -4.077946e-01
-4.181004e-01 -4.663148e-01  2.278369e-01 -6.043794e-02
-3.211374e-01 -3.510572e-01  3.504549e-01 -1.727121e+00
-6.298422e-01 -1.540395e-01  2.676145e-01 -8.727813e-01
-3.008772e-01 -3.105886e-01  1.210251e+00 -1.252855e+00
-6.369736e-01 -2.298902e-01  1.129269e+00 -2.270075e-01
-5.763401e-01 -2.028862e-01  1.510701e-01 -4.570976e-01
-2.339942e-01 -9.248091e-02  1.730018e-01 -1.856876e-01
-7.332211e-01 -1.794496e-01  7.768701e-01 -7.364993e-01
-7.535965e-01 -1.570833e-01  6.633939e-01 -2.439608e-01
-8.500229e-01 -9.135742e-01 -3.204785e-01  1.314078e+00
-7.035233e-01 -1.099682e+00 -2.592026e-01  6.989431e-01
-7.537572e-01 -1.145562e+00 -7.487939e-01  2.696871e-01
-7.795049e-01 -8.632584e-01 -1.356977e+00  2.979469e-01
-3.391274e-01 -1.699937e+00 -3.686786e-01  3.362390e-01
-6.595521e-01 -9.887951e-01 -2.219798e-01  1.913471e-01
-2.160386e-01 -1.047256e+00 -6.554421e-01  2.166650e-01
-1.014892e+00 -1.459040e+00 -3.190776e-01  3.360548e-01
-3.107972e-01 -8.757712e-01 -8.224608e-01  1.341310e+00
-3.378484e-01 -1.456062e+00 -3.131156e-01  1.018227e+00
-3.002616e-01 -8.496062e-01 -1.351829e+00  8.127703e-01
-2.254601e-01 -7.825177e-01 -1.201632e+00  2.331751e-01
-1.926048e-01 -9.707745e-01 -2.236323e-01  6.989353e-01
-2.426979e-01 -1.237398e+00 -2.083471e-01  2.613684e-01
-2.760397e-01 -1.171455e+00 -7.547055e-01  7.555150e-01
-3.267235e-01 -1.424446e+00 -1.085379e+00  3.223650e-01
-8.950657e-01 -9.676231e-01 -9.142764e-01  8.837172e-01
-1.312750e+00 -9.002345e-01 -3.115888e-01  7.946063e-01
-1.326934e+00 -8.577710e-01 -8.620031e-01  3.090790e-01
-7.309226e-01 -6.094947e-01 -7.013237e-01  1.142707e-01
-8.152964e-01 -5.939149e-01 -1.760983e-01  2.548716e-01
-1.275879e+00 -8.360054e-01 -2.568107e-01  2.302443e-01
-9.098594e-01 -5.755190e-01 -5.215687e-01  5.296422e-01
-1.712433e+00 -3.379420e-01 -3.320487e-01  3.666849e-01
-8.669930e-01 -3.293278e-01 -8.375061e-01  1.312312e+00
-8.026719e-01 -2.744489e-01 -2.506373e-01  1.352851e+00
-1.323059e+00 -3.201615e-01 -8.644918e-01  7.856231e-01
-1.154782e+00 -3.076086e-01 -1.302939e+00  2.935001e-01
-1.356020e+00 -3.134708e-01 -2.984962e-01  1.074502e+00
-1.183558e+00 -2.505035e-01 -2.061698e-01  2.106381e-01
-1.071036e+00 -2.114567e-01 -2.451112e-01  6.387727e-01
-1.242203e+00 -2.502437e-01 -7.086581e-01  2.278381e-01
-2.456679e-01 -2.441214e-01 -6.547982e-01  1.224875e+00
-2.509214e-01 -8.217722e-01 -2.360476e-01  1.262708e+00
-1.372703e-01 -6.330456e-01 -7.510671e-01  7.170084e-01
-3.352756e-01 -3.330345e-01 -1.694681e+00  3.281214e-01
-1.685316e-01 -5.075095e-01 -2.466683e-01  8.157749e-01
-1.597021e-01 -7.779623e-01 -2.091489e-01  1.779975e-01
-4.484089e-01 -2.508166e-01 -4.642357e-01  4.448552e-01
-1.878774e-01 -5.903104e-01 -7.094159e-01  1.860322e-01
-2.245970e-01 -1.744720e-01 -6.542903e-01  7.684436e-01
-2.357876e-01 -2.329301e-01 -1.788383e-01  1.164909e+00
-2.301465e-01 -2.346422e-01 -1.178887e+00  6.837804e-01
-1.949534e-01 -2.404457e-01 -1.127947e+00  2.009088e-01
-1.726123e-01 -1.367560e-01 -2.019644e-01  6.579187e-01
-2.510602e-05 -3.390776e-01 -2.673060e-01  2.629132e-01
-1.771233e-01 -1.974548e-01 -7.065758e-01  3.818013e-01
-2.834630e-01 -1.907902e-01 -6.196560e-01  8.562572e-02
-5.287889e-01 -5.888425e-01 -5.554373e-01  9.116282e-01
-7.185308e-01 -5.898509e-01 -1.445516e-01  8.010412e-01
-7.837779e-01 -3.186283e-01 -1.374456e+00  8.204435e-01
-5.464330e-01 -5.868464e-01 -9.029501e-01  4.988745e-01
-2.960187e-01 -5.566749e-01 -1.272121e-01  4.720490e-01
-7.341640e-01 -1.707259e-01 -2.370191e-01  1.534786e-01
-3.892007e-01 -7.220613e-01 -4.491279e-01  4.077946e-01
-4.181004e-01 -4.663148e-01 -2.278369e-01  6.043794e-02
-3.211374e-01 -3.510572e-01 -3.504549e-01  1.727121e+00
-6.298422e-01 -1.540395e-01 -2.676145e-01  8.727813e-01
-3.008772e-01 -3.105886e-01 -1.210251e+00  1.252855e+00
-6.369736e-01 -2.298902e-01 -1.129269e+00  2.270075e-01
-5.763401e-01 -2.028862e-01 -1.510701e-01  4.570976e-01
-2.339942e-01 -9.248091e-02 -1.730018e-01  1.856876e-01
-7.332211e-01 -1.794496e-01 -7.768701e-01  7.364993e-01
-7.535965e-01 -1.570833e-01 -6.633939e-01  2.439608e-01
-8.500229e-01 -9.135742e-01 -3.204785e-01 -1.314078e+00
-7.035233e-01 -1.099682e+00 -2.592026e-01 -6.989431e-01
-7.537572e-01 -1.145562e+00 -7.487939e-01 -2.696871e-01
-7.795049e-01 -8.632584e-01 -1.356977e+00 -2.979469e-01
-3.391274e-01 -1.699937e+00 -3.686786e-01 -3.362390e-01
-6.595521e-01 -9.887951e-01 -2.219798e-01 -1.913471e-01
-2.160386e-01 -1.047256e+00 -6.554421e-01 -2.166650e-01
-1.014892e+00 -1.459040e+00 -3.190776e-01 -3.360548e-01
-3.107972e-01 -8.757712e-01 -8.224608e-01 -1.341310e+00
-3.378484e-01 -1.456062e+00 -3.131156e-01 -1.018227e+00
-3.002616e-01 -8.496062e-01 -1.351829e+00 -8.127703e-01
-2.254601e-01 -7.825177e-01 -1.201632e+00 -2.331751e-01
-1.926048e-01 -9.707745e-01 -2.236323e-01 -6.989353e-01
-2.426979e-01 -1.237398e+00 -2.083471e-01 -2.613684e-01
-2.760397e-01 -1.171455e+00 -7.547055e-01 -7.555150e-01
-3.267235e-01 -1.424446e+00 -1.085379e+00 -3.223650e-01
-8.950657e-01 -9.676231e-01 -9.142764e-01 -8.837172e-01
-1.312750e+00 -9.002345e-01 -3.115888e-01 -7.946063e-01
-1.326934e+00 -8.577710e-01 -8.620031e-01 -3.090790e-01
-7.309226e-01 -6.094947e-01 -7.013237e-01 -1.142707e-01
-8.152964e-01 -5.939149e-01 -1.760983e-01 -2.548716e-01
-1.275879e+00 -8.360054e-01 -2.568107e-01 -2.302443e-01
-9.098594e-01 -5.755190e-01 -5.215687e-01 -5.296422e-01
-1.712433e+00 -3.379420e-01 -3.320487e-01 -3.666849e-01
-8.669930e-01 -3.293278e-01 -8.375061e-01 -1.312312e+00
-8.026719e-01 -2.744489e-01 -2.506373e-01 -1.352851e+00
-1.323059e+00 -3.201615e-01 -8.644918e-01 -7.856231e-01
-1.154782e+00 -3.076086e-01 -1.302939e+00 -2.935001e-01
-1.356020e+00 -3.134708e-01 -2.984962e-01 -1.074502e+00
-1.183558e+00 -2.505035e-01 -2.061698e-01 -2.106381e-01
-1.071036e+00 -2.114567e-01 -2.451112e-01 -6.387727e-01
-1.242203e+00 -2.502437e-01 -7.086581e-01 -2.278381e-01
-2.456679e-01 -2.441214e-01 -6.547982e-01 -1.224875e+00
-2.509214e-01 -8.217722e-01 -2.360476e-01 -1.262708e+00
-1.372703e-01 -6.330456e-01 -7.510671e-01 -7.170084e-01
-3.352756e-01 -3.330345e-01 -1.694681e+00 -3.281214e-01
-1.685316e-01 -5.075095e-01 -2.466683e-01 -8.157749e-01
-1.597021e-01 -7.779623e-01 -2.091489e-01 -1.779975e-01
-4.484089e-01 -2.508166e-01 -4.642357e-01 -4.448552e-01
-1.878774e-01 -5.903104e-01 -7.094159e-01 -1.860322e-01
-2.245970e-01 -1.744720e-01 -6.542903e-01 -7.684436e-01
-2.357876e-01 -2.329301e-01 -1.788383e-01 -1.164909e+00
-2.301465e-01 -2.346422e-01 -1.178887e+00 -6.837804e-01
-1.949534e-01 -2.404457e-01 -1.127947e+00 -2.009088e-01
-1.726123e-01 -1.367560e-01 -2.019644e-01 -6.579187e-01
-2.510602e-05 -3.390776e-01 -2.673060e-01 -2.629132e-01
-1.771233e-01 -1.974548e-01 -7.065758e-01 -3.818013e-01
-2.834630e-01 -1.907902e-01 -6.196560e-01 -8.562572e-02
-5.287889e-01 -5.888425e-01 -5.554373e-01 -9.116282e-01
-7.185308e-01 -5.898509e-01 -1.445516e-01 -8.010412e-01
-7.837779e-01 -3.186283e-01 -1.374456e+00 -8.204435e-01
-5.464330e-01 -5.868464e-01 -9.029501e-01 -4.988745e-01
-2.960187e-01 -5.566749e-01 -1.272121e-01 -4.720490e-01
-7.341640e-01 -1.707259e-01 -2.370191e-01 -1.534786e-01
-3.892007e-01 -7.220613e-01 -4.491279e-01 -4.077946e-01
-4.181004e-01 -4.663148e-01 -2.278369e-01 -6.043794e-02
-3.211374e-01 -3.510572e-01 -3.504549e-01 -1.727121e+00
-6.298422e-01 -1.540395e-01 -2.676145e-01 -8.727813e-01
-3.008772e-01 -3.105886e-01 -1.210251e+00 -1.252855e+00
-6.369736e-01 -2.298902e-01 -1.129269e+00 -2.270075e-01
-5.763401e-01 -2.028862e-01 -1.510701e-01 -4.570976e-01
-2.339942e-01 -9.248091e-02 -1.730018e-01 -1.856876e-01
-7.332211e-01 -1.794496e-01 -7.768701e-01 -7.364993e-01
-7.535965e-01 -1.570833e-01 -6.633939e-01 -2.439608e-01
