 6.270517e-01  6.265539e-01  6.264995e-01  1.236614e+00
 6.269400e-01  6.274074e-01  6.273260e-01  3.350951e-01
 6.270517e-01  6.265539e-01  6.264995e-01 -1.236614e+00
 6.269400e-01  6.274074e-01  6.273260e-01 -3.350951e-01
 6.270517e-01  6.265539e-01 -6.264995e-01  1.236614e+00
 6.269400e-01  6.274074e-01 -6.273260e-01  3.350951e-01
 6.270517e-01  6.265539e-01 -6.264995e-01 -1.236614e+00
 6.269400e-01  6.274074e-01 -6.273260e-01 -3.350951e-01
 6.270517e-01 -6.265539e-01  6.264995e-01  1.236614e+00
 6.269400e-01 -6.274074e-01  6.273260e-01  3.350951e-01
 6.270517e-01 -6.265539e-01  6.264995e-01 -1.236614e+00
 6.269400e-01 -6.274074e-01  6.273260e-01 -3.350951e-01
 6.270517e-01 -6.265539e-01 -6.264995e-01  1.236614e+00
 6.269400e-01 -6.274074e-01 -6.273260e-01  3.350951e-01
 6.270517e-01 -6.265539e-01 -6.264995e-01 -1.236614e+00
 6.269400e-01 -6.274074e-01 -6.273260e-01 -3.350951e-01
-6.270517e-01  6.265539e-01  6.264995e-01  1.236614e+00
-6.269400e-01  6.274074e-01  6.273260e-01  3.350951e-01
-6.270517e-01  6.265539e-01  6.264995e-01 -1.236614e+00
-6.269400e-01  6.274074e-01  6.273260e-01 -3.350951e-01
-6.270517e-01  6.265539e-01 -6.264995e-01  1.236614e+00
-6.269400e-01  6.274074e-01 -6.273260e-01  3.350951e-01
-6.270517e-01  6.265539e-01 -6.264995e-01 -1.236614e+00
-6.269400e-01  6.274074e-01 -6.273260e-01 -3.350951e-01
-6.270517e-01 -6.265539e-01  6.264995e-01  1.236614e+00
-6.269400e-01 -6.274074e-01  6.273260e-01  3.350951e-01
-6.270517e-01 -6.265539e-01  6.264995e-01 -1.236614e+00
-6.269400e-01 -6.274074e-01  6.273260e-01 -3.350951e-01
-6.270517e-01 -6.265539e-01 -6.264995e-01  1.236614e+00
-6.269400e-01 -6.274074e-01 -6.273260e-01  3.350951e-01
-6.270517e-01 -6.265539e-01 -6.264995e-01 -1.236614e+00
-6.269400e-01 -6.274074e-01 -6.273260e-01 -3.350951e-01
