 1.272184e+00  5.033860e-01  5.037168e-01  5.554848e-01
 5.042391e-01  1.272392e+00  5.041767e-01  5.557803e-01
 5.041835e-01  5.040092e-01  1.272820e+00  5.557141e-01
 3.567554e-01  3.578307e-01  3.582246e-01  5.556731e-01
 1.272184e+00  5.033860e-01  5.037168e-01 -5.554848e-01
 5.042391e-01  1.272392e+00  5.041767e-01 -5.557803e-01
 5.041835e-01  5.040092e-01  1.272820e+00 -5.557141e-01
 3.567554e-01  3.578307e-01  3.582246e-01 -5.556731e-01
 1.272184e+00  5.033860e-01 -5.037168e-01  5.554848e-01
 5.042391e-01  1.272392e+00 -5.041767e-01  5.557803e-01
 5.041835e-01  5.040092e-01 -1.272820e+00  5.557141e-01
 3.567554e-01  3.578307e-01 -3.582246e-01  5.556731e-01
 1.272184e+00  5.033860e-01 -5.037168e-01 -5.554848e-01
 5.042391e-01  1.272392e+00 -5.041767e-01 -5.557803e-01
 5.041835e-01  5.040092e-01 -1.272820e+00 -5.557141e-01
 3.567554e-01  3.578307e-01 -3.582246e-01 -5.556731e-01
 1.272184e+00 -5.033860e-01  5.037168e-01  5.554848e-01
 5.042391e-01 -1.272392e+00  5.041767e-01  5.557803e-01
 5.041835e-01 -5.040092e-01  1.272820e+00  5.557141e-01
 3.567554e-01 -3.578307e-01  3.582246e-01  5.556731e-01
 1.272184e+00 -5.033860e-01  5.037168e-01 -5.554848e-01
 5.042391e-01 -1.272392e+00  5.041767e-01 -5.557803e-01
 5.041835e-01 -5.040092e-01  1.272820e+00 -5.557141e-01
 3.567554e-01 -3.578307e-01  3.582246e-01 -5.556731e-01
 1.272184e+00 -5.033860e-01 -5.037168e-01  5.554848e-01
 5.042391e-01 -1.272392e+00 -5.041767e-01  5.557803e-01
 5.041835e-01 -5.040092e-01 -1.272820e+00  5.557141e-01
 3.567554e-01 -3.578307e-01 -3.582246e-01  5.556731e-01
 1.272184e+00 -5.033860e-01 -5.037168e-01 -5.554848e-01
 5.042391e-01 -1.272392e+00 -5.041767e-01 -5.557803e-01
 5.041835e-01 -5.040092e-01 -1.272820e+00 -5.557141e-01
 3.567554e-01 -3.578307e-01 -3.582246e-01 -5.556731e-01
-1.272184e+00  5.033860e-01  5.037168e-01  5.554848e-01
-5.042391e-01  1.272392e+00  5.041767e-01  5.557803e-01
-5.041835e-01  5.040092e-01  1.272820e+00  5.557141e-01
-3.567554e-01  3.578307e-01  3.582246e-01  5.556731e-01
-1.272184e+00  5.033860e-01  5.037168e-01 -5.554848e-01
-5.042391e-01  1.272392e+00  5.041767e-01 -5.557803e-01
-5.041835e-01  5.040092e-01  1.272820e+00 -5.557141e-01
-3.567554e-01  3.578307e-01  3.582246e-01 -5.556731e-01
-1.272184e+00  5.033860e-01 -5.037168e-01  5.554848e-01
-5.042391e-01  1.272392e+00 -5.041767e-01  5.557803e-01
-5.041835e-01  5.040092e-01 -1.272820e+00  5.557141e-01
-3.567554e-01  3.578307e-01 -3.582246e-01  5.556731e-01
-1.272184e+00  5.033860e-01 -5.037168e-01 -5.554848e-01
-5.042391e-01  1.272392e+00 -5.041767e-01 -5.557803e-01
-5.041835e-01  5.040092e-01 -1.272820e+00 -5.557141e-01
-3.567554e-01  3.578307e-01 -3.582246e-01 -5.556731e-01
-1.272184e+00 -5.033860e-01  5.037168e-01  5.554848e-01
-5.042391e-01 -1.272392e+00  5.041767e-01  5.557803e-01
-5.041835e-01 -5.040092e-01  1.272820e+00  5.557141e-01
-3.567554e-01 -3.578307e-01  3.582246e-01  5.556731e-01
-1.272184e+00 -5.033860e-01  5.037168e-01 -5.554848e-01
-5.042391e-01 -1.272392e+00  5.041767e-01 -5.557803e-01
-5.041835e-01 -5.040092e-01  1.272820e+00 -5.557141e-01
-3.567554e-01 -3.578307e-01  3.582246e-01 -5.556731e-01
-1.272184e+00 -5.033860e-01 -5.037168e-01  5.554848e-01
-5.042391e-01 -1.272392e+00 -5.041767e-01  5.557803e-01
-5.041835e-01 -5.040092e-01 -1.272820e+00  5.557141e-01
-3.567554e-01 -3.578307e-01 -3.582246e-01  5.556731e-01
-1.272184e+00 -5.033860e-01 -5.037168e-01 -5.554848e-01
-5.042391e-01 -1.272392e+00 -5.041767e-01 -5.557803e-01
-5.041835e-01 -5.040092e-01 -1.272820e+00 -5.557141e-01
-3.567554e-01 -3.578307e-01 -3.582246e-01 -5.556731e-01
