 4.916019e-01  4.811267e-01  1.265287e+00  3.225328e-01
 1.391130e+00  3.828309e-01  5.351343e-01  5.337314e-01
 6.798028e-01  3.450544e-01  3.305592e-01  3.311779e-01
 1.026885e+00  1.140497e+00  4.876622e-01  4.863419e-01
 1.519645e-01  3.736230e-01  4.140434e-01  4.137503e-01
 4.844275e-01  4.829753e-01  1.077603e+00  1.077223e+00
 4.932418e-01  4.801992e-01  3.227251e-01  1.265237e+00
 2.985935e-01  1.234029e+00  4.749470e-01  4.773054e-01
 4.916019e-01  4.811267e-01  1.265287e+00 -3.225328e-01
 1.391130e+00  3.828309e-01  5.351343e-01 -5.337314e-01
 6.798028e-01  3.450544e-01  3.305592e-01 -3.311779e-01
 1.026885e+00  1.140497e+00  4.876622e-01 -4.863419e-01
 1.519645e-01  3.736230e-01  4.140434e-01 -4.137503e-01
 4.844275e-01  4.829753e-01  1.077603e+00 -1.077223e+00
 4.932418e-01  4.801992e-01  3.227251e-01 -1.265237e+00
 2.985935e-01  1.234029e+00  4.749470e-01 -4.773054e-01
 4.916019e-01  4.811267e-01 -1.265287e+00  3.225328e-01
 1.391130e+00  3.828309e-01 -5.351343e-01  5.337314e-01
 6.798028e-01  3.450544e-01 -3.305592e-01  3.311779e-01
 1.026885e+00  1.140497e+00 -4.876622e-01  4.863419e-01
 1.519645e-01  3.736230e-01 -4.140434e-01  4.137503e-01
 4.844275e-01  4.829753e-01 -1.077603e+00  1.077223e+00
 4.932418e-01  4.801992e-01 -3.227251e-01  1.265237e+00
 2.985935e-01  1.234029e+00 -4.749470e-01  4.773054e-01
 4.916019e-01  4.811267e-01 -1.265287e+00 -3.225328e-01
 1.391130e+00  3.828309e-01 -5.351343e-01 -5.337314e-01
 6.798028e-01  3.450544e-01 -3.305592e-01 -3.311779e-01
 1.026885e+00  1.140497e+00 -4.876622e-01 -4.863419e-01
 1.519645e-01  3.736230e-01 -4.140434e-01 -4.137503e-01
 4.844275e-01  4.829753e-01 -1.077603e+00 -1.077223e+00
 4.932418e-01  4.801992e-01 -3.227251e-01 -1.265237e+00
 2.985935e-01  1.234029e+00 -4.749470e-01 -4.773054e-01
 4.916019e-01 -4.811267e-01  1.265287e+00  3.225328e-01
 1.391130e+00 -3.828309e-01  5.351343e-01  5.337314e-01
 6.798028e-01 -3.450544e-01  3.305592e-01  3.311779e-01
 1.026885e+00 -1.140497e+00  4.876622e-01  4.863419e-01
 1.519645e-01 -3.736230e-01  4.140434e-01  4.137503e-01
 4.844275e-01 -4.829753e-01  1.077603e+00  1.077223e+00
 4.932418e-01 -4.801992e-01  3.227251e-01  1.265237e+00
 2.985935e-01 -1.234029e+00  4.749470e-01  4.773054e-01
 4.916019e-01 -4.811267e-01  1.265287e+00 -3.225328e-01
 1.391130e+00 -3.828309e-01  5.351343e-01 -5.337314e-01
 6.798028e-01 -3.450544e-01  3.305592e-01 -3.311779e-01
 1.026885e+00 -1.140497e+00  4.876622e-01 -4.863419e-01
 1.519645e-01 -3.736230e-01  4.140434e-01 -4.137503e-01
 4.844275e-01 -4.829753e-01  1.077603e+00 -1.077223e+00
 4.932418e-01 -4.801992e-01  3.227251e-01 -1.265237e+00
 2.985935e-01 -1.234029e+00  4.749470e-01 -4.773054e-01
 4.916019e-01 -4.811267e-01 -1.265287e+00  3.225328e-01
 1.391130e+00 -3.828309e-01 -5.351343e-01  5.337314e-01
 6.798028e-01 -3.450544e-01 -3.305592e-01  3.311779e-01
 1.026885e+00 -1.140497e+00 -4.876622e-01  4.863419e-01
 1.519645e-01 -3.736230e-01 -4.140434e-01  4.137503e-01
 4.844275e-01 -4.829753e-01 -1.077603e+00  1.077223e+00
 4.932418e-01 -4.801992e-01 -3.227251e-01  1.265237e+00
 2.985935e-01 -1.234029e+00 -4.749470e-01  4.773054e-01
 4.916019e-01 -4.811267e-01 -1.265287e+00 -3.225328e-01
 1.391130e+00 -3.828309e-01 -5.351343e-01 -5.337314e-01
 6.798028e-01 -3.450544e-01 -3.305592e-01 -3.311779e-01
 1.026885e+00 -1.140497e+00 -4.876622e-01 -4.863419e-01
 1.519645e-01 -3.736230e-01 -4.140434e-01 -4.137503e-01
 4.844275e-01 -4.829753e-01 -1.077603e+00 -1.077223e+00
 4.932418e-01 -4.801992e-01 -3.227251e-01 -1.265237e+00
 2.985935e-01 -1.234029e+00 -4.749470e-01 -4.773054e-01
-4.916019e-01  4.811267e-01  1.265287e+00  3.225328e-01
-1.391130e+00  3.828309e-01  5.351343e-01  5.337314e-01
-6.798028e-01  3.450544e-01  3.305592e-01  3.311779e-01
-1.026885e+00  1.140497e+00  4.876622e-01  4.863419e-01
-1.519645e-01  3.736230e-01  4.140434e-01  4.137503e-01
-4.844275e-01  4.829753e-01  1.077603e+00  1.077223e+00
-4.932418e-01  4.801992e-01  3.227251e-01  1.265237e+00
-2.985935e-01  1.234029e+00  4.749470e-01  4.773054e-01
-4.916019e-01  4.811267e-01  1.265287e+00 -3.225328e-01
-1.391130e+00  3.828309e-01  5.351343e-01 -5.337314e-01
-6.798028e-01  3.450544e-01  3.305592e-01 -3.311779e-01
-1.026885e+00  1.140497e+00  4.876622e-01 -4.863419e-01
-1.519645e-01  3.736230e-01  4.140434e-01 -4.137503e-01
-4.844275e-01  4.829753e-01  1.077603e+00 -1.077223e+00
-4.932418e-01  4.801992e-01  3.227251e-01 -1.265237e+00
-2.985935e-01  1.234029e+00  4.749470e-01 -4.773054e-01
-4.916019e-01  4.811267e-01 -1.265287e+00  3.225328e-01
-1.391130e+00  3.828309e-01 -5.351343e-01  5.337314e-01
-6.798028e-01  3.450544e-01 -3.305592e-01  3.311779e-01
-1.026885e+00  1.140497e+00 -4.876622e-01  4.863419e-01
-1.519645e-01  3.736230e-01 -4.140434e-01  4.137503e-01
-4.844275e-01  4.829753e-01 -1.077603e+00  1.077223e+00
-4.932418e-01  4.801992e-01 -3.227251e-01  1.265237e+00
-2.985935e-01  1.234029e+00 -4.749470e-01  4.773054e-01
-4.916019e-01  4.811267e-01 -1.265287e+00 -3.225328e-01
-1.391130e+00  3.828309e-01 -5.351343e-01 -5.337314e-01
-6.798028e-01  3.450544e-01 -3.305592e-01 -3.311779e-01
-1.026885e+00  1.140497e+00 -4.876622e-01 -4.863419e-01
-1.519645e-01  3.736230e-01 -4.140434e-01 -4.137503e-01
-4.844275e-01  4.829753e-01 -1.077603e+00 -1.077223e+00
-4.932418e-01  4.801992e-01 -3.227251e-01 -1.265237e+00
-2.985935e-01  1.234029e+00 -4.749470e-01 -4.773054e-01
-4.916019e-01 -4.811267e-01  1.265287e+00  3.225328e-01
-1.391130e+00 -3.828309e-01  5.351343e-01  5.337314e-01
-6.798028e-01 -3.450544e-01  3.305592e-01  3.311779e-01
-1.026885e+00 -1.140497e+00  4.876622e-01  4.863419e-01
-1.519645e-01 -3.736230e-01  4.140434e-01  4.137503e-01
-4.844275e-01 -4.829753e-01  1.077603e+00  1.077223e+00
-4.932418e-01 -4.801992e-01  3.227251e-01  1.265237e+00
-2.985935e-01 -1.234029e+00  4.749470e-01  4.773054e-01
-4.916019e-01 -4.811267e-01  1.265287e+00 -3.225328e-01
-1.391130e+00 -3.828309e-01  5.351343e-01 -5.337314e-01
-6.798028e-01 -3.450544e-01  3.305592e-01 -3.311779e-01
-1.026885e+00 -1.140497e+00  4.876622e-01 -4.863419e-01
-1.519645e-01 -3.736230e-01  4.140434e-01 -4.137503e-01
-4.844275e-01 -4.829753e-01  1.077603e+00 -1.077223e+00
-4.932418e-01 -4.801992e-01  3.227251e-01 -1.265237e+00
-2.985935e-01 -1.234029e+00  4.749470e-01 -4.773054e-01
-4.916019e-01 -4.811267e-01 -1.265287e+00  3.225328e-01
-1.391130e+00 -3.828309e-01 -5.351343e-01  5.337314e-01
-6.798028e-01 -3.450544e-01 -3.305592e-01  3.311779e-01
-1.026885e+00 -1.140497e+00 -4.876622e-01  4.863419e-01
-1.519645e-01 -3.736230e-01 -4.140434e-01  4.137503e-01
-4.844275e-01 -4.829753e-01 -1.077603e+00  1.077223e+00
-4.932418e-01 -4.801992e-01 -3.227251e-01  1.265237e+00
-2.985935e-01 -1.234029e+00 -4.749470e-01  4.773054e-01
-4.916019e-01 -4.811267e-01 -1.265287e+00 -3.225328e-01
-1.391130e+00 -3.828309e-01 -5.351343e-01 -5.337314e-01
-6.798028e-01 -3.450544e-01 -3.305592e-01 -3.311779e-01
-1.026885e+00 -1.140497e+00 -4.876622e-01 -4.863419e-01
-1.519645e-01 -3.736230e-01 -4.140434e-01 -4.137503e-01
-4.844275e-01 -4.829753e-01 -1.077603e+00 -1.077223e+00
-4.932418e-01 -4.801992e-01 -3.227251e-01 -1.265237e+00
-2.985935e-01 -1.234029e+00 -4.749470e-01 -4.773054e-01
