 4.448011e-01  1.129642e+00  1.128817e+00  4.495898e-01
 1.523153e+00  3.913410e-01  3.911994e-01  3.931659e-01
 1.069375e+00  1.066248e+00  4.103510e-01  4.072571e-01
 3.783307e-01  1.501863e+00  3.890042e-01  3.803755e-01
 1.044658e+00  4.018359e-01  4.024598e-01  1.043532e+00
 1.068194e+00  4.107876e-01  1.065602e+00  4.079279e-01
 3.039320e-01  2.967478e-01  2.986147e-01  8.431179e-01
 8.420396e-01  2.998257e-01  2.977025e-01  3.025494e-01
 4.037251e-01  4.092019e-01  1.063220e+00  1.066502e+00
 3.007432e-01  6.819516e-01  6.808682e-01  2.969434e-01
 4.068707e-01  1.063226e+00  4.085253e-01  1.067545e+00
 3.476599e-01  8.039201e-01  1.813186e-01  3.480100e-01
 3.789416e-01  3.886192e-01  1.503372e+00  3.782978e-01
 3.475511e-01  1.825103e-01  8.041664e-01  3.465617e-01
 3.932945e-01  3.924748e-01  3.920456e-01  1.523720e+00
 2.653755e-01  2.357939e-01  2.355599e-01  2.662943e-01
 4.448011e-01  1.129642e+00  1.128817e+00 -4.495898e-01
 1.523153e+00  3.913410e-01  3.911994e-01 -3.931659e-01
 1.069375e+00  1.066248e+00  4.103510e-01 -4.072571e-01
 3.783307e-01  1.501863e+00  3.890042e-01 -3.803755e-01
 1.044658e+00  4.018359e-01  4.024598e-01 -1.043532e+00
 1.068194e+00  4.107876e-01  1.065602e+00 -4.079279e-01
 3.039320e-01  2.967478e-01  2.986147e-01 -8.431179e-01
 8.420396e-01  2.998257e-01  2.977025e-01 -3.025494e-01
 4.037251e-01  4.092019e-01  1.063220e+00 -1.066502e+00
 3.007432e-01  6.819516e-01  6.808682e-01 -2.969434e-01
 4.068707e-01  1.063226e+00  4.085253e-01 -1.067545e+00
 3.476599e-01  8.039201e-01  1.813186e-01 -3.480100e-01
 3.789416e-01  3.886192e-01  1.503372e+00 -3.782978e-01
 3.475511e-01  1.825103e-01  8.041664e-01 -3.465617e-01
 3.932945e-01  3.924748e-01  3.920456e-01 -1.523720e+00
 2.653755e-01  2.357939e-01  2.355599e-01 -2.662943e-01
 4.448011e-01  1.129642e+00 -1.128817e+00  4.495898e-01
 1.523153e+00  3.913410e-01 -3.911994e-01  3.931659e-01
 1.069375e+00  1.066248e+00 -4.103510e-01  4.072571e-01
 3.783307e-01  1.501863e+00 -3.890042e-01  3.803755e-01
 1.044658e+00  4.018359e-01 -4.024598e-01  1.043532e+00
 1.068194e+00  4.107876e-01 -1.065602e+00  4.079279e-01
 3.039320e-01  2.967478e-01 -2.986147e-01  8.431179e-01
 8.420396e-01  2.998257e-01 -2.977025e-01  3.025494e-01
 4.037251e-01  4.092019e-01 -1.063220e+00  1.066502e+00
 3.007432e-01  6.819516e-01 -6.808682e-01  2.969434e-01
 4.068707e-01  1.063226e+00 -4.085253e-01  1.067545e+00
 3.476599e-01  8.039201e-01 -1.813186e-01  3.480100e-01
 3.789416e-01  3.886192e-01 -1.503372e+00  3.782978e-01
 3.475511e-01  1.825103e-01 -8.041664e-01  3.465617e-01
 3.932945e-01  3.924748e-01 -3.920456e-01  1.523720e+00
 2.653755e-01  2.357939e-01 -2.355599e-01  2.662943e-01
 4.448011e-01  1.129642e+00 -1.128817e+00 -4.495898e-01
 1.523153e+00  3.913410e-01 -3.911994e-01 -3.931659e-01
 1.069375e+00  1.066248e+00 -4.103510e-01 -4.072571e-01
 3.783307e-01  1.501863e+00 -3.890042e-01 -3.803755e-01
 1.044658e+00  4.018359e-01 -4.024598e-01 -1.043532e+00
 1.068194e+00  4.107876e-01 -1.065602e+00 -4.079279e-01
 3.039320e-01  2.967478e-01 -2.986147e-01 -8.431179e-01
 8.420396e-01  2.998257e-01 -2.977025e-01 -3.025494e-01
 4.037251e-01  4.092019e-01 -1.063220e+00 -1.066502e+00
 3.007432e-01  6.819516e-01 -6.808682e-01 -2.969434e-01
 4.068707e-01  1.063226e+00 -4.085253e-01 -1.067545e+00
 3.476599e-01  8.039201e-01 -1.813186e-01 -3.480100e-01
 3.789416e-01  3.886192e-01 -1.503372e+00 -3.782978e-01
 3.475511e-01  1.825103e-01 -8.041664e-01 -3.465617e-01
 3.932945e-01  3.924748e-01 -3.920456e-01 -1.523720e+00
 2.653755e-01  2.357939e-01 -2.355599e-01 -2.662943e-01
 4.448011e-01 -1.129642e+00  1.128817e+00  4.495898e-01
 1.523153e+00 -3.913410e-01  3.911994e-01  3.931659e-01
 1.069375e+00 -1.066248e+00  4.103510e-01  4.072571e-01
 3.783307e-01 -1.501863e+00  3.890042e-01  3.803755e-01
 1.044658e+00 -4.018359e-01  4.024598e-01  1.043532e+00
 1.068194e+00 -4.107876e-01  1.065602e+00  4.079279e-01
 3.039320e-01 -2.967478e-01  2.986147e-01  8.431179e-01
 8.420396e-01 -2.998257e-01  2.977025e-01  3.025494e-01
 4.037251e-01 -4.092019e-01  1.063220e+00  1.066502e+00
 3.007432e-01 -6.819516e-01  6.808682e-01  2.969434e-01
 4.068707e-01 -1.063226e+00  4.085253e-01  1.067545e+00
 3.476599e-01 -8.039201e-01  1.813186e-01  3.480100e-01
 3.789416e-01 -3.886192e-01  1.503372e+00  3.782978e-01
 3.475511e-01 -1.825103e-01  8.041664e-01  3.465617e-01
 3.932945e-01 -3.924748e-01  3.920456e-01  1.523720e+00
 2.653755e-01 -2.357939e-01  2.355599e-01  2.662943e-01
 4.448011e-01 -1.129642e+00  1.128817e+00 -4.495898e-01
 1.523153e+00 -3.913410e-01  3.911994e-01 -3.931659e-01
 1.069375e+00 -1.066248e+00  4.103510e-01 -4.072571e-01
 3.783307e-01 -1.501863e+00  3.890042e-01 -3.803755e-01
 1.044658e+00 -4.018359e-01  4.024598e-01 -1.043532e+00
 1.068194e+00 -4.107876e-01  1.065602e+00 -4.079279e-01
 3.039320e-01 -2.967478e-01  2.986147e-01 -8.431179e-01
 8.420396e-01 -2.998257e-01  2.977025e-01 -3.025494e-01
 4.037251e-01 -4.092019e-01  1.063220e+00 -1.066502e+00
 3.007432e-01 -6.819516e-01  6.808682e-01 -2.969434e-01
 4.068707e-01 -1.063226e+00  4.085253e-01 -1.067545e+00
 3.476599e-01 -8.039201e-01  1.813186e-01 -3.480100e-01
 3.789416e-01 -3.886192e-01  1.503372e+00 -3.782978e-01
 3.475511e-01 -1.825103e-01  8.041664e-01 -3.465617e-01
 3.932945e-01 -3.924748e-01  3.920456e-01 -1.523720e+00
 2.653755e-01 -2.357939e-01  2.355599e-01 -2.662943e-01
 4.448011e-01 -1.129642e+00 -1.128817e+00  4.495898e-01
 1.523153e+00 -3.913410e-01 -3.911994e-01  3.931659e-01
 1.069375e+00 -1.066248e+00 -4.103510e-01  4.072571e-01
 3.783307e-01 -1.501863e+00 -3.890042e-01  3.803755e-01
 1.044658e+00 -4.018359e-01 -4.024598e-01  1.043532e+00
 1.068194e+00 -4.107876e-01 -1.065602e+00  4.079279e-01
 3.039320e-01 -2.967478e-01 -2.986147e-01  8.431179e-01
 8.420396e-01 -2.998257e-01 -2.977025e-01  3.025494e-01
 4.037251e-01 -4.092019e-01 -1.063220e+00  1.066502e+00
 3.007432e-01 -6.819516e-01 -6.808682e-01  2.969434e-01
 4.068707e-01 -1.063226e+00 -4.085253e-01  1.067545e+00
 3.476599e-01 -8.039201e-01 -1.813186e-01  3.480100e-01
 3.789416e-01 -3.886192e-01 -1.503372e+00  3.782978e-01
 3.475511e-01 -1.825103e-01 -8.041664e-01  3.465617e-01
 3.932945e-01 -3.924748e-01 -3.920456e-01  1.523720e+00
 2.653755e-01 -2.357939e-01 -2.355599e-01  2.662943e-01
 4.448011e-01 -1.129642e+00 -1.128817e+00 -4.495898e-01
 1.523153e+00 -3.913410e-01 -3.911994e-01 -3.931659e-01
 1.069375e+00 -1.066248e+00 -4.103510e-01 -4.072571e-01
 3.783307e-01 -1.501863e+00 -3.890042e-01 -3.803755e-01
 1.044658e+00 -4.018359e-01 -4.024598e-01 -1.043532e+00
 1.068194e+00 -4.107876e-01 -1.065602e+00 -4.079279e-01
 3.039320e-01 -2.967478e-01 -2.986147e-01 -8.431179e-01
 8.420396e-01 -2.998257e-01 -2.977025e-01 -3.025494e-01
 4.037251e-01 -4.092019e-01 -1.063220e+00 -1.066502e+00
 3.007432e-01 -6.819516e-01 -6.808682e-01 -2.969434e-01
 4.068707e-01 -1.063226e+00 -4.085253e-01 -1.067545e+00
 3.476599e-01 -8.039201e-01 -1.813186e-01 -3.480100e-01
 3.789416e-01 -3.886192e-01 -1.503372e+00 -3.782978e-01
 3.475511e-01 -1.825103e-01 -8.041664e-01 -3.465617e-01
 3.932945e-01 -3.924748e-01 -3.920456e-01 -1.523720e+00
 2.653755e-01 -2.357939e-01 -2.355599e-01 -2.662943e-01
-4.448011e-01  1.129642e+00  1.128817e+00  4.495898e-01
-1.523153e+00  3.913410e-01  3.911994e-01  3.931659e-01
-1.069375e+00  1.066248e+00  4.103510e-01  4.072571e-01
-3.783307e-01  1.501863e+00  3.890042e-01  3.803755e-01
-1.044658e+00  4.018359e-01  4.024598e-01  1.043532e+00
-1.068194e+00  4.107876e-01  1.065602e+00  4.079279e-01
-3.039320e-01  2.967478e-01  2.986147e-01  8.431179e-01
-8.420396e-01  2.998257e-01  2.977025e-01  3.025494e-01
-4.037251e-01  4.092019e-01  1.063220e+00  1.066502e+00
-3.007432e-01  6.819516e-01  6.808682e-01  2.969434e-01
-4.068707e-01  1.063226e+00  4.085253e-01  1.067545e+00
-3.476599e-01  8.039201e-01  1.813186e-01  3.480100e-01
-3.789416e-01  3.886192e-01  1.503372e+00  3.782978e-01
-3.475511e-01  1.825103e-01  8.041664e-01  3.465617e-01
-3.932945e-01  3.924748e-01  3.920456e-01  1.523720e+00
-2.653755e-01  2.357939e-01  2.355599e-01  2.662943e-01
-4.448011e-01  1.129642e+00  1.128817e+00 -4.495898e-01
-1.523153e+00  3.913410e-01  3.911994e-01 -3.931659e-01
-1.069375e+00  1.066248e+00  4.103510e-01 -4.072571e-01
-3.783307e-01  1.501863e+00  3.890042e-01 -3.803755e-01
-1.044658e+00  4.018359e-01  4.024598e-01 -1.043532e+00
-1.068194e+00  4.107876e-01  1.065602e+00 -4.079279e-01
-3.039320e-01  2.967478e-01  2.986147e-01 -8.431179e-01
-8.420396e-01  2.998257e-01  2.977025e-01 -3.025494e-01
-4.037251e-01  4.092019e-01  1.063220e+00 -1.066502e+00
-3.007432e-01  6.819516e-01  6.808682e-01 -2.969434e-01
-4.068707e-01  1.063226e+00  4.085253e-01 -1.067545e+00
-3.476599e-01  8.039201e-01  1.813186e-01 -3.480100e-01
-3.789416e-01  3.886192e-01  1.503372e+00 -3.782978e-01
-3.475511e-01  1.825103e-01  8.041664e-01 -3.465617e-01
-3.932945e-01  3.924748e-01  3.920456e-01 -1.523720e+00
-2.653755e-01  2.357939e-01  2.355599e-01 -2.662943e-01
-4.448011e-01  1.129642e+00 -1.128817e+00  4.495898e-01
-1.523153e+00  3.913410e-01 -3.911994e-01  3.931659e-01
-1.069375e+00  1.066248e+00 -4.103510e-01  4.072571e-01
-3.783307e-01  1.501863e+00 -3.890042e-01  3.803755e-01
-1.044658e+00  4.018359e-01 -4.024598e-01  1.043532e+00
-1.068194e+00  4.107876e-01 -1.065602e+00  4.079279e-01
-3.039320e-01  2.967478e-01 -2.986147e-01  8.431179e-01
-8.420396e-01  2.998257e-01 -2.977025e-01  3.025494e-01
-4.037251e-01  4.092019e-01 -1.063220e+00  1.066502e+00
-3.007432e-01  6.819516e-01 -6.808682e-01  2.969434e-01
-4.068707e-01  1.063226e+00 -4.085253e-01  1.067545e+00
-3.476599e-01  8.039201e-01 -1.813186e-01  3.480100e-01
-3.789416e-01  3.886192e-01 -1.503372e+00  3.782978e-01
-3.475511e-01  1.825103e-01 -8.041664e-01  3.465617e-01
-3.932945e-01  3.924748e-01 -3.920456e-01  1.523720e+00
-2.653755e-01  2.357939e-01 -2.355599e-01  2.662943e-01
-4.448011e-01  1.129642e+00 -1.128817e+00 -4.495898e-01
-1.523153e+00  3.913410e-01 -3.911994e-01 -3.931659e-01
-1.069375e+00  1.066248e+00 -4.103510e-01 -4.072571e-01
-3.783307e-01  1.501863e+00 -3.890042e-01 -3.803755e-01
-1.044658e+00  4.018359e-01 -4.024598e-01 -1.043532e+00
-1.068194e+00  4.107876e-01 -1.065602e+00 -4.079279e-01
-3.039320e-01  2.967478e-01 -2.986147e-01 -8.431179e-01
-8.420396e-01  2.998257e-01 -2.977025e-01 -3.025494e-01
-4.037251e-01  4.092019e-01 -1.063220e+00 -1.066502e+00
-3.007432e-01  6.819516e-01 -6.808682e-01 -2.969434e-01
-4.068707e-01  1.063226e+00 -4.085253e-01 -1.067545e+00
-3.476599e-01  8.039201e-01 -1.813186e-01 -3.480100e-01
-3.789416e-01  3.886192e-01 -1.503372e+00 -3.782978e-01
-3.475511e-01  1.825103e-01 -8.041664e-01 -3.465617e-01
-3.932945e-01  3.924748e-01 -3.920456e-01 -1.523720e+00
-2.653755e-01  2.357939e-01 -2.355599e-01 -2.662943e-01
-4.448011e-01 -1.129642e+00  1.128817e+00  4.495898e-01
-1.523153e+00 -3.913410e-01  3.911994e-01  3.931659e-01
-1.069375e+00 -1.066248e+00  4.103510e-01  4.072571e-01
-3.783307e-01 -1.501863e+00  3.890042e-01  3.803755e-01
-1.044658e+00 -4.018359e-01  4.024598e-01  1.043532e+00
-1.068194e+00 -4.107876e-01  1.065602e+00  4.079279e-01
-3.039320e-01 -2.967478e-01  2.986147e-01  8.431179e-01
-8.420396e-01 -2.998257e-01  2.977025e-01  3.025494e-01
-4.037251e-01 -4.092019e-01  1.063220e+00  1.066502e+00
-3.007432e-01 -6.819516e-01  6.808682e-01  2.969434e-01
-4.068707e-01 -1.063226e+00  4.085253e-01  1.067545e+00
-3.476599e-01 -8.039201e-01  1.813186e-01  3.480100e-01
-3.789416e-01 -3.886192e-01  1.503372e+00  3.782978e-01
-3.475511e-01 -1.825103e-01  8.041664e-01  3.465617e-01
-3.932945e-01 -3.924748e-01  3.920456e-01  1.523720e+00
-2.653755e-01 -2.357939e-01  2.355599e-01  2.662943e-01
-4.448011e-01 -1.129642e+00  1.128817e+00 -4.495898e-01
-1.523153e+00 -3.913410e-01  3.911994e-01 -3.931659e-01
-1.069375e+00 -1.066248e+00  4.103510e-01 -4.072571e-01
-3.783307e-01 -1.501863e+00  3.890042e-01 -3.803755e-01
-1.044658e+00 -4.018359e-01  4.024598e-01 -1.043532e+00
-1.068194e+00 -4.107876e-01  1.065602e+00 -4.079279e-01
-3.039320e-01 -2.967478e-01  2.986147e-01 -8.431179e-01
-8.420396e-01 -2.998257e-01  2.977025e-01 -3.025494e-01
-4.037251e-01 -4.092019e-01  1.063220e+00 -1.066502e+00
-3.007432e-01 -6.819516e-01  6.808682e-01 -2.969434e-01
-4.068707e-01 -1.063226e+00  4.085253e-01 -1.067545e+00
-3.476599e-01 -8.039201e-01  1.813186e-01 -3.480100e-01
-3.789416e-01 -3.886192e-01  1.503372e+00 -3.782978e-01
-3.475511e-01 -1.825103e-01  8.041664e-01 -3.465617e-01
-3.932945e-01 -3.924748e-01  3.920456e-01 -1.523720e+00
-2.653755e-01 -2.357939e-01  2.355599e-01 -2.662943e-01
-4.448011e-01 -1.129642e+00 -1.128817e+00  4.495898e-01
-1.523153e+00 -3.913410e-01 -3.911994e-01  3.931659e-01
-1.069375e+00 -1.066248e+00 -4.103510e-01  4.072571e-01
-3.783307e-01 -1.501863e+00 -3.890042e-01  3.803755e-01
-1.044658e+00 -4.018359e-01 -4.024598e-01  1.043532e+00
-1.068194e+00 -4.107876e-01 -1.065602e+00  4.079279e-01
-3.039320e-01 -2.967478e-01 -2.986147e-01  8.431179e-01
-8.420396e-01 -2.998257e-01 -2.977025e-01  3.025494e-01
-4.037251e-01 -4.092019e-01 -1.063220e+00  1.066502e+00
-3.007432e-01 -6.819516e-01 -6.808682e-01  2.969434e-01
-4.068707e-01 -1.063226e+00 -4.085253e-01  1.067545e+00
-3.476599e-01 -8.039201e-01 -1.813186e-01  3.480100e-01
-3.789416e-01 -3.886192e-01 -1.503372e+00  3.782978e-01
-3.475511e-01 -1.825103e-01 -8.041664e-01  3.465617e-01
-3.932945e-01 -3.924748e-01 -3.920456e-01  1.523720e+00
-2.653755e-01 -2.357939e-01 -2.355599e-01  2.662943e-01
-4.448011e-01 -1.129642e+00 -1.128817e+00 -4.495898e-01
-1.523153e+00 -3.913410e-01 -3.911994e-01 -3.931659e-01
-1.069375e+00 -1.066248e+00 -4.103510e-01 -4.072571e-01
-3.783307e-01 -1.501863e+00 -3.890042e-01 -3.803755e-01
-1.044658e+00 -4.018359e-01 -4.024598e-01 -1.043532e+00
-1.068194e+00 -4.107876e-01 -1.065602e+00 -4.079279e-01
-3.039320e-01 -2.967478e-01 -2.986147e-01 -8.431179e-01
-8.420396e-01 -2.998257e-01 -2.977025e-01 -3.025494e-01
-4.037251e-01 -4.092019e-01 -1.063220e+00 -1.066502e+00
-3.007432e-01 -6.819516e-01 -6.808682e-01 -2.969434e-01
-4.068707e-01 -1.063226e+00 -4.085253e-01 -1.067545e+00
-3.476599e-01 -8.039201e-01 -1.813186e-01 -3.480100e-01
-3.789416e-01 -3.886192e-01 -1.503372e+00 -3.782978e-01
-3.475511e-01 -1.825103e-01 -8.041664e-01 -3.465617e-01
-3.932945e-01 -3.924748e-01 -3.920456e-01 -1.523720e+00
-2.653755e-01 -2.357939e-01 -2.355599e-01 -2.662943e-01
