 8.806559e-01  3.435952e-01  1.388336e+00  3.339964e-01
 9.178016e-01  9.453921e-01  3.526599e-01  9.325193e-01
 5.829696e-01  6.076935e-01  7.140958e-01  2.422149e-01
 9.362764e-01  1.059178e+00  9.557984e-01  3.764556e-01
 3.044868e-01  6.681101e-01  1.998380e-01  7.595898e-01
 1.430259e+00  3.701052e-01  3.425515e-01  8.640581e-01
 7.523923e-01  7.453595e-01  2.397920e-01  2.904567e-01
 1.242941e+00  1.075643e+00  3.282740e-01  3.310656e-01
 3.149572e-01  1.703963e-01  7.388836e-01  7.326109e-01
 9.401383e-01  3.695942e-01  9.319547e-01  9.298943e-01
 7.955484e-01  1.919621e-01  7.139569e-01  2.908306e-01
 1.422292e+00  3.924861e-01  8.686170e-01  3.379555e-01
 7.773177e-01  2.647943e-01  2.628890e-01  7.475966e-01
 8.749581e-01  3.314202e-01  3.414966e-01  1.402325e+00
 1.296249e+00  3.189848e-01  2.577194e-01  2.559314e-01
 7.245856e-01  2.357625e-01  2.121668e-01  2.362126e-01
 2.370285e-01  6.156414e-01  6.840993e-01  6.723268e-01
 3.889875e-01  1.034100e+00  9.924799e-01  9.818032e-01
 3.381069e-01  8.741490e-01  1.416441e+00  3.363314e-01
 2.482432e-01  1.100816e+00  7.904572e-01  2.746589e-01
 3.086043e-01  1.292148e+00  3.206565e-01  8.752583e-01
 3.352191e-01  8.349679e-01  3.419049e-01  1.442008e+00
 2.929535e-01  1.046631e+00  2.169111e-01  2.608768e-01
 4.875191e-01  1.613500e+00  3.865505e-01  3.337310e-01
 3.333740e-01  3.391346e-01  8.810313e-01  1.388537e+00
 3.389376e-01  3.413938e-01  1.416655e+00  8.603466e-01
 2.024066e-01  2.637572e-01  6.747676e-01  2.022915e-01
 2.587859e-01  2.686527e-01  1.195020e+00  2.544288e-01
 2.596411e-01  2.460934e-01  2.615362e-01  1.179082e+00
 2.379105e-01  1.961216e-01  2.209386e-01  6.099806e-01
 1.950048e-01  5.922084e-01  2.688555e-01  2.257711e-01
 2.619769e-01  1.976441e-01  2.200821e-01  1.931072e-01
 8.806559e-01  3.435952e-01  1.388336e+00 -3.339964e-01
 9.178016e-01  9.453921e-01  3.526599e-01 -9.325193e-01
 5.829696e-01  6.076935e-01  7.140958e-01 -2.422149e-01
 9.362764e-01  1.059178e+00  9.557984e-01 -3.764556e-01
 3.044868e-01  6.681101e-01  1.998380e-01 -7.595898e-01
 1.430259e+00  3.701052e-01  3.425515e-01 -8.640581e-01
 7.523923e-01  7.453595e-01  2.397920e-01 -2.904567e-01
 1.242941e+00  1.075643e+00  3.282740e-01 -3.310656e-01
 3.149572e-01  1.703963e-01  7.388836e-01 -7.326109e-01
 9.401383e-01  3.695942e-01  9.319547e-01 -9.298943e-01
 7.955484e-01  1.919621e-01  7.139569e-01 -2.908306e-01
 1.422292e+00  3.924861e-01  8.686170e-01 -3.379555e-01
 7.773177e-01  2.647943e-01  2.628890e-01 -7.475966e-01
 8.749581e-01  3.314202e-01  3.414966e-01 -1.402325e+00
 1.296249e+00  3.189848e-01  2.577194e-01 -2.559314e-01
 7.245856e-01  2.357625e-01  2.121668e-01 -2.362126e-01
 2.370285e-01  6.156414e-01  6.840993e-01 -6.723268e-01
 3.889875e-01  1.034100e+00  9.924799e-01 -9.818032e-01
 3.381069e-01  8.741490e-01  1.416441e+00 -3.363314e-01
 2.482432e-01  1.100816e+00  7.904572e-01 -2.746589e-01
 3.086043e-01  1.292148e+00  3.206565e-01 -8.752583e-01
 3.352191e-01  8.349679e-01  3.419049e-01 -1.442008e+00
 2.929535e-01  1.046631e+00  2.169111e-01 -2.608768e-01
 4.875191e-01  1.613500e+00  3.865505e-01 -3.337310e-01
 3.333740e-01  3.391346e-01  8.810313e-01 -1.388537e+00
 3.389376e-01  3.413938e-01  1.416655e+00 -8.603466e-01
 2.024066e-01  2.637572e-01  6.747676e-01 -2.022915e-01
 2.587859e-01  2.686527e-01  1.195020e+00 -2.544288e-01
 2.596411e-01  2.460934e-01  2.615362e-01 -1.179082e+00
 2.379105e-01  1.961216e-01  2.209386e-01 -6.099806e-01
 1.950048e-01  5.922084e-01  2.688555e-01 -2.257711e-01
 2.619769e-01  1.976441e-01  2.200821e-01 -1.931072e-01
 8.806559e-01  3.435952e-01 -1.388336e+00  3.339964e-01
 9.178016e-01  9.453921e-01 -3.526599e-01  9.325193e-01
 5.829696e-01  6.076935e-01 -7.140958e-01  2.422149e-01
 9.362764e-01  1.059178e+00 -9.557984e-01  3.764556e-01
 3.044868e-01  6.681101e-01 -1.998380e-01  7.595898e-01
 1.430259e+00  3.701052e-01 -3.425515e-01  8.640581e-01
 7.523923e-01  7.453595e-01 -2.397920e-01  2.904567e-01
 1.242941e+00  1.075643e+00 -3.282740e-01  3.310656e-01
 3.149572e-01  1.703963e-01 -7.388836e-01  7.326109e-01
 9.401383e-01  3.695942e-01 -9.319547e-01  9.298943e-01
 7.955484e-01  1.919621e-01 -7.139569e-01  2.908306e-01
 1.422292e+00  3.924861e-01 -8.686170e-01  3.379555e-01
 7.773177e-01  2.647943e-01 -2.628890e-01  7.475966e-01
 8.749581e-01  3.314202e-01 -3.414966e-01  1.402325e+00
 1.296249e+00  3.189848e-01 -2.577194e-01  2.559314e-01
 7.245856e-01  2.357625e-01 -2.121668e-01  2.362126e-01
 2.370285e-01  6.156414e-01 -6.840993e-01  6.723268e-01
 3.889875e-01  1.034100e+00 -9.924799e-01  9.818032e-01
 3.381069e-01  8.741490e-01 -1.416441e+00  3.363314e-01
 2.482432e-01  1.100816e+00 -7.904572e-01  2.746589e-01
 3.086043e-01  1.292148e+00 -3.206565e-01  8.752583e-01
 3.352191e-01  8.349679e-01 -3.419049e-01  1.442008e+00
 2.929535e-01  1.046631e+00 -2.169111e-01  2.608768e-01
 4.875191e-01  1.613500e+00 -3.865505e-01  3.337310e-01
 3.333740e-01  3.391346e-01 -8.810313e-01  1.388537e+00
 3.389376e-01  3.413938e-01 -1.416655e+00  8.603466e-01
 2.024066e-01  2.637572e-01 -6.747676e-01  2.022915e-01
 2.587859e-01  2.686527e-01 -1.195020e+00  2.544288e-01
 2.596411e-01  2.460934e-01 -2.615362e-01  1.179082e+00
 2.379105e-01  1.961216e-01 -2.209386e-01  6.099806e-01
 1.950048e-01  5.922084e-01 -2.688555e-01  2.257711e-01
 2.619769e-01  1.976441e-01 -2.200821e-01  1.931072e-01
 8.806559e-01  3.435952e-01 -1.388336e+00 -3.339964e-01
 9.178016e-01  9.453921e-01 -3.526599e-01 -9.325193e-01
 5.829696e-01  6.076935e-01 -7.140958e-01 -2.422149e-01
 9.362764e-01  1.059178e+00 -9.557984e-01 -3.764556e-01
 3.044868e-01  6.681101e-01 -1.998380e-01 -7.595898e-01
 1.430259e+00  3.701052e-01 -3.425515e-01 -8.640581e-01
 7.523923e-01  7.453595e-01 -2.397920e-01 -2.904567e-01
 1.242941e+00  1.075643e+00 -3.282740e-01 -3.310656e-01
 3.149572e-01  1.703963e-01 -7.388836e-01 -7.326109e-01
 9.401383e-01  3.695942e-01 -9.319547e-01 -9.298943e-01
 7.955484e-01  1.919621e-01 -7.139569e-01 -2.908306e-01
 1.422292e+00  3.924861e-01 -8.686170e-01 -3.379555e-01
 7.773177e-01  2.647943e-01 -2.628890e-01 -7.475966e-01
 8.749581e-01  3.314202e-01 -3.414966e-01 -1.402325e+00
 1.296249e+00  3.189848e-01 -2.577194e-01 -2.559314e-01
 7.245856e-01  2.357625e-01 -2.121668e-01 -2.362126e-01
 2.370285e-01  6.156414e-01 -6.840993e-01 -6.723268e-01
 3.889875e-01  1.034100e+00 -9.924799e-01 -9.818032e-01
 3.381069e-01  8.741490e-01 -1.416441e+00 -3.363314e-01
 2.482432e-01  1.100816e+00 -7.904572e-01 -2.746589e-01
 3.086043e-01  1.292148e+00 -3.206565e-01 -8.752583e-01
 3.352191e-01  8.349679e-01 -3.419049e-01 -1.442008e+00
 2.929535e-01  1.046631e+00 -2.169111e-01 -2.608768e-01
 4.875191e-01  1.613500e+00 -3.865505e-01 -3.337310e-01
 3.333740e-01  3.391346e-01 -8.810313e-01 -1.388537e+00
 3.389376e-01  3.413938e-01 -1.416655e+00 -8.603466e-01
 2.024066e-01  2.637572e-01 -6.747676e-01 -2.022915e-01
 2.587859e-01  2.686527e-01 -1.195020e+00 -2.544288e-01
 2.596411e-01  2.460934e-01 -2.615362e-01 -1.179082e+00
 2.379105e-01  1.961216e-01 -2.209386e-01 -6.099806e-01
 1.950048e-01  5.922084e-01 -2.688555e-01 -2.257711e-01
 2.619769e-01  1.976441e-01 -2.200821e-01 -1.931072e-01
 8.806559e-01 -3.435952e-01  1.388336e+00  3.339964e-01
 9.178016e-01 -9.453921e-01  3.526599e-01  9.325193e-01
 5.829696e-01 -6.076935e-01  7.140958e-01  2.422149e-01
 9.362764e-01 -1.059178e+00  9.557984e-01  3.764556e-01
 3.044868e-01 -6.681101e-01  1.998380e-01  7.595898e-01
 1.430259e+00 -3.701052e-01  3.425515e-01  8.640581e-01
 7.523923e-01 -7.453595e-01  2.397920e-01  2.904567e-01
 1.242941e+00 -1.075643e+00  3.282740e-01  3.310656e-01
 3.149572e-01 -1.703963e-01  7.388836e-01  7.326109e-01
 9.401383e-01 -3.695942e-01  9.319547e-01  9.298943e-01
 7.955484e-01 -1.919621e-01  7.139569e-01  2.908306e-01
 1.422292e+00 -3.924861e-01  8.686170e-01  3.379555e-01
 7.773177e-01 -2.647943e-01  2.628890e-01  7.475966e-01
 8.749581e-01 -3.314202e-01  3.414966e-01  1.402325e+00
 1.296249e+00 -3.189848e-01  2.577194e-01  2.559314e-01
 7.245856e-01 -2.357625e-01  2.121668e-01  2.362126e-01
 2.370285e-01 -6.156414e-01  6.840993e-01  6.723268e-01
 3.889875e-01 -1.034100e+00  9.924799e-01  9.818032e-01
 3.381069e-01 -8.741490e-01  1.416441e+00  3.363314e-01
 2.482432e-01 -1.100816e+00  7.904572e-01  2.746589e-01
 3.086043e-01 -1.292148e+00  3.206565e-01  8.752583e-01
 3.352191e-01 -8.349679e-01  3.419049e-01  1.442008e+00
 2.929535e-01 -1.046631e+00  2.169111e-01  2.608768e-01
 4.875191e-01 -1.613500e+00  3.865505e-01  3.337310e-01
 3.333740e-01 -3.391346e-01  8.810313e-01  1.388537e+00
 3.389376e-01 -3.413938e-01  1.416655e+00  8.603466e-01
 2.024066e-01 -2.637572e-01  6.747676e-01  2.022915e-01
 2.587859e-01 -2.686527e-01  1.195020e+00  2.544288e-01
 2.596411e-01 -2.460934e-01  2.615362e-01  1.179082e+00
 2.379105e-01 -1.961216e-01  2.209386e-01  6.099806e-01
 1.950048e-01 -5.922084e-01  2.688555e-01  2.257711e-01
 2.619769e-01 -1.976441e-01  2.200821e-01  1.931072e-01
 8.806559e-01 -3.435952e-01  1.388336e+00 -3.339964e-01
 9.178016e-01 -9.453921e-01  3.526599e-01 -9.325193e-01
 5.829696e-01 -6.076935e-01  7.140958e-01 -2.422149e-01
 9.362764e-01 -1.059178e+00  9.557984e-01 -3.764556e-01
 3.044868e-01 -6.681101e-01  1.998380e-01 -7.595898e-01
 1.430259e+00 -3.701052e-01  3.425515e-01 -8.640581e-01
 7.523923e-01 -7.453595e-01  2.397920e-01 -2.904567e-01
 1.242941e+00 -1.075643e+00  3.282740e-01 -3.310656e-01
 3.149572e-01 -1.703963e-01  7.388836e-01 -7.326109e-01
 9.401383e-01 -3.695942e-01  9.319547e-01 -9.298943e-01
 7.955484e-01 -1.919621e-01  7.139569e-01 -2.908306e-01
 1.422292e+00 -3.924861e-01  8.686170e-01 -3.379555e-01
 7.773177e-01 -2.647943e-01  2.628890e-01 -7.475966e-01
 8.749581e-01 -3.314202e-01  3.414966e-01 -1.402325e+00
 1.296249e+00 -3.189848e-01  2.577194e-01 -2.559314e-01
 7.245856e-01 -2.357625e-01  2.121668e-01 -2.362126e-01
 2.370285e-01 -6.156414e-01  6.840993e-01 -6.723268e-01
 3.889875e-01 -1.034100e+00  9.924799e-01 -9.818032e-01
 3.381069e-01 -8.741490e-01  1.416441e+00 -3.363314e-01
 2.482432e-01 -1.100816e+00  7.904572e-01 -2.746589e-01
 3.086043e-01 -1.292148e+00  3.206565e-01 -8.752583e-01
 3.352191e-01 -8.349679e-01  3.419049e-01 -1.442008e+00
 2.929535e-01 -1.046631e+00  2.169111e-01 -2.608768e-01
 4.875191e-01 -1.613500e+00  3.865505e-01 -3.337310e-01
 3.333740e-01 -3.391346e-01  8.810313e-01 -1.388537e+00
 3.389376e-01 -3.413938e-01  1.416655e+00 -8.603466e-01
 2.024066e-01 -2.637572e-01  6.747676e-01 -2.022915e-01
 2.587859e-01 -2.686527e-01  1.195020e+00 -2.544288e-01
 2.596411e-01 -2.460934e-01  2.615362e-01 -1.179082e+00
 2.379105e-01 -1.961216e-01  2.209386e-01 -6.099806e-01
 1.950048e-01 -5.922084e-01  2.688555e-01 -2.257711e-01
 2.619769e-01 -1.976441e-01  2.200821e-01 -1.931072e-01
 8.806559e-01 -3.435952e-01 -1.388336e+00  3.339964e-01
 9.178016e-01 -9.453921e-01 -3.526599e-01  9.325193e-01
 5.829696e-01 -6.076935e-01 -7.140958e-01  2.422149e-01
 9.362764e-01 -1.059178e+00 -9.557984e-01  3.764556e-01
 3.044868e-01 -6.681101e-01 -1.998380e-01  7.595898e-01
 1.430259e+00 -3.701052e-01 -3.425515e-01  8.640581e-01
 7.523923e-01 -7.453595e-01 -2.397920e-01  2.904567e-01
 1.242941e+00 -1.075643e+00 -3.282740e-01  3.310656e-01
 3.149572e-01 -1.703963e-01 -7.388836e-01  7.326109e-01
 9.401383e-01 -3.695942e-01 -9.319547e-01  9.298943e-01
 7.955484e-01 -1.919621e-01 -7.139569e-01  2.908306e-01
 1.422292e+00 -3.924861e-01 -8.686170e-01  3.379555e-01
 7.773177e-01 -2.647943e-01 -2.628890e-01  7.475966e-01
 8.749581e-01 -3.314202e-01 -3.414966e-01  1.402325e+00
 1.296249e+00 -3.189848e-01 -2.577194e-01  2.559314e-01
 7.245856e-01 -2.357625e-01 -2.121668e-01  2.362126e-01
 2.370285e-01 -6.156414e-01 -6.840993e-01  6.723268e-01
 3.889875e-01 -1.034100e+00 -9.924799e-01  9.818032e-01
 3.381069e-01 -8.741490e-01 -1.416441e+00  3.363314e-01
 2.482432e-01 -1.100816e+00 -7.904572e-01  2.746589e-01
 3.086043e-01 -1.292148e+00 -3.206565e-01  8.752583e-01
 3.352191e-01 -8.349679e-01 -3.419049e-01  1.442008e+00
 2.929535e-01 -1.046631e+00 -2.169111e-01  2.608768e-01
 4.875191e-01 -1.613500e+00 -3.865505e-01  3.337310e-01
 3.333740e-01 -3.391346e-01 -8.810313e-01  1.388537e+00
 3.389376e-01 -3.413938e-01 -1.416655e+00  8.603466e-01
 2.024066e-01 -2.637572e-01 -6.747676e-01  2.022915e-01
 2.587859e-01 -2.686527e-01 -1.195020e+00  2.544288e-01
 2.596411e-01 -2.460934e-01 -2.615362e-01  1.179082e+00
 2.379105e-01 -1.961216e-01 -2.209386e-01  6.099806e-01
 1.950048e-01 -5.922084e-01 -2.688555e-01  2.257711e-01
 2.619769e-01 -1.976441e-01 -2.200821e-01  1.931072e-01
 8.806559e-01 -3.435952e-01 -1.388336e+00 -3.339964e-01
 9.178016e-01 -9.453921e-01 -3.526599e-01 -9.325193e-01
 5.829696e-01 -6.076935e-01 -7.140958e-01 -2.422149e-01
 9.362764e-01 -1.059178e+00 -9.557984e-01 -3.764556e-01
 3.044868e-01 -6.681101e-01 -1.998380e-01 -7.595898e-01
 1.430259e+00 -3.701052e-01 -3.425515e-01 -8.640581e-01
 7.523923e-01 -7.453595e-01 -2.397920e-01 -2.904567e-01
 1.242941e+00 -1.075643e+00 -3.282740e-01 -3.310656e-01
 3.149572e-01 -1.703963e-01 -7.388836e-01 -7.326109e-01
 9.401383e-01 -3.695942e-01 -9.319547e-01 -9.298943e-01
 7.955484e-01 -1.919621e-01 -7.139569e-01 -2.908306e-01
 1.422292e+00 -3.924861e-01 -8.686170e-01 -3.379555e-01
 7.773177e-01 -2.647943e-01 -2.628890e-01 -7.475966e-01
 8.749581e-01 -3.314202e-01 -3.414966e-01 -1.402325e+00
 1.296249e+00 -3.189848e-01 -2.577194e-01 -2.559314e-01
 7.245856e-01 -2.357625e-01 -2.121668e-01 -2.362126e-01
 2.370285e-01 -6.156414e-01 -6.840993e-01 -6.723268e-01
 3.889875e-01 -1.034100e+00 -9.924799e-01 -9.818032e-01
 3.381069e-01 -8.741490e-01 -1.416441e+00 -3.363314e-01
 2.482432e-01 -1.100816e+00 -7.904572e-01 -2.746589e-01
 3.086043e-01 -1.292148e+00 -3.206565e-01 -8.752583e-01
 3.352191e-01 -8.349679e-01 -3.419049e-01 -1.442008e+00
 2.929535e-01 -1.046631e+00 -2.169111e-01 -2.608768e-01
 4.875191e-01 -1.613500e+00 -3.865505e-01 -3.337310e-01
 3.333740e-01 -3.391346e-01 -8.810313e-01 -1.388537e+00
 3.389376e-01 -3.413938e-01 -1.416655e+00 -8.603466e-01
 2.024066e-01 -2.637572e-01 -6.747676e-01 -2.022915e-01
 2.587859e-01 -2.686527e-01 -1.195020e+00 -2.544288e-01
 2.596411e-01 -2.460934e-01 -2.615362e-01 -1.179082e+00
 2.379105e-01 -1.961216e-01 -2.209386e-01 -6.099806e-01
 1.950048e-01 -5.922084e-01 -2.688555e-01 -2.257711e-01
 2.619769e-01 -1.976441e-01 -2.200821e-01 -1.931072e-01
-8.806559e-01  3.435952e-01  1.388336e+00  3.339964e-01
-9.178016e-01  9.453921e-01  3.526599e-01  9.325193e-01
-5.829696e-01  6.076935e-01  7.140958e-01  2.422149e-01
-9.362764e-01  1.059178e+00  9.557984e-01  3.764556e-01
-3.044868e-01  6.681101e-01  1.998380e-01  7.595898e-01
-1.430259e+00  3.701052e-01  3.425515e-01  8.640581e-01
-7.523923e-01  7.453595e-01  2.397920e-01  2.904567e-01
-1.242941e+00  1.075643e+00  3.282740e-01  3.310656e-01
-3.149572e-01  1.703963e-01  7.388836e-01  7.326109e-01
-9.401383e-01  3.695942e-01  9.319547e-01  9.298943e-01
-7.955484e-01  1.919621e-01  7.139569e-01  2.908306e-01
-1.422292e+00  3.924861e-01  8.686170e-01  3.379555e-01
-7.773177e-01  2.647943e-01  2.628890e-01  7.475966e-01
-8.749581e-01  3.314202e-01  3.414966e-01  1.402325e+00
-1.296249e+00  3.189848e-01  2.577194e-01  2.559314e-01
-7.245856e-01  2.357625e-01  2.121668e-01  2.362126e-01
-2.370285e-01  6.156414e-01  6.840993e-01  6.723268e-01
-3.889875e-01  1.034100e+00  9.924799e-01  9.818032e-01
-3.381069e-01  8.741490e-01  1.416441e+00  3.363314e-01
-2.482432e-01  1.100816e+00  7.904572e-01  2.746589e-01
-3.086043e-01  1.292148e+00  3.206565e-01  8.752583e-01
-3.352191e-01  8.349679e-01  3.419049e-01  1.442008e+00
-2.929535e-01  1.046631e+00  2.169111e-01  2.608768e-01
-4.875191e-01  1.613500e+00  3.865505e-01  3.337310e-01
-3.333740e-01  3.391346e-01  8.810313e-01  1.388537e+00
-3.389376e-01  3.413938e-01  1.416655e+00  8.603466e-01
-2.024066e-01  2.637572e-01  6.747676e-01  2.022915e-01
-2.587859e-01  2.686527e-01  1.195020e+00  2.544288e-01
-2.596411e-01  2.460934e-01  2.615362e-01  1.179082e+00
-2.379105e-01  1.961216e-01  2.209386e-01  6.099806e-01
-1.950048e-01  5.922084e-01  2.688555e-01  2.257711e-01
-2.619769e-01  1.976441e-01  2.200821e-01  1.931072e-01
-8.806559e-01  3.435952e-01  1.388336e+00 -3.339964e-01
-9.178016e-01  9.453921e-01  3.526599e-01 -9.325193e-01
-5.829696e-01  6.076935e-01  7.140958e-01 -2.422149e-01
-9.362764e-01  1.059178e+00  9.557984e-01 -3.764556e-01
-3.044868e-01  6.681101e-01  1.998380e-01 -7.595898e-01
-1.430259e+00  3.701052e-01  3.425515e-01 -8.640581e-01
-7.523923e-01  7.453595e-01  2.397920e-01 -2.904567e-01
-1.242941e+00  1.075643e+00  3.282740e-01 -3.310656e-01
-3.149572e-01  1.703963e-01  7.388836e-01 -7.326109e-01
-9.401383e-01  3.695942e-01  9.319547e-01 -9.298943e-01
-7.955484e-01  1.919621e-01  7.139569e-01 -2.908306e-01
-1.422292e+00  3.924861e-01  8.686170e-01 -3.379555e-01
-7.773177e-01  2.647943e-01  2.628890e-01 -7.475966e-01
-8.749581e-01  3.314202e-01  3.414966e-01 -1.402325e+00
-1.296249e+00  3.189848e-01  2.577194e-01 -2.559314e-01
-7.245856e-01  2.357625e-01  2.121668e-01 -2.362126e-01
-2.370285e-01  6.156414e-01  6.840993e-01 -6.723268e-01
-3.889875e-01  1.034100e+00  9.924799e-01 -9.818032e-01
-3.381069e-01  8.741490e-01  1.416441e+00 -3.363314e-01
-2.482432e-01  1.100816e+00  7.904572e-01 -2.746589e-01
-3.086043e-01  1.292148e+00  3.206565e-01 -8.752583e-01
-3.352191e-01  8.349679e-01  3.419049e-01 -1.442008e+00
-2.929535e-01  1.046631e+00  2.169111e-01 -2.608768e-01
-4.875191e-01  1.613500e+00  3.865505e-01 -3.337310e-01
-3.333740e-01  3.391346e-01  8.810313e-01 -1.388537e+00
-3.389376e-01  3.413938e-01  1.416655e+00 -8.603466e-01
-2.024066e-01  2.637572e-01  6.747676e-01 -2.022915e-01
-2.587859e-01  2.686527e-01  1.195020e+00 -2.544288e-01
-2.596411e-01  2.460934e-01  2.615362e-01 -1.179082e+00
-2.379105e-01  1.961216e-01  2.209386e-01 -6.099806e-01
-1.950048e-01  5.922084e-01  2.688555e-01 -2.257711e-01
-2.619769e-01  1.976441e-01  2.200821e-01 -1.931072e-01
-8.806559e-01  3.435952e-01 -1.388336e+00  3.339964e-01
-9.178016e-01  9.453921e-01 -3.526599e-01  9.325193e-01
-5.829696e-01  6.076935e-01 -7.140958e-01  2.422149e-01
-9.362764e-01  1.059178e+00 -9.557984e-01  3.764556e-01
-3.044868e-01  6.681101e-01 -1.998380e-01  7.595898e-01
-1.430259e+00  3.701052e-01 -3.425515e-01  8.640581e-01
-7.523923e-01  7.453595e-01 -2.397920e-01  2.904567e-01
-1.242941e+00  1.075643e+00 -3.282740e-01  3.310656e-01
-3.149572e-01  1.703963e-01 -7.388836e-01  7.326109e-01
-9.401383e-01  3.695942e-01 -9.319547e-01  9.298943e-01
-7.955484e-01  1.919621e-01 -7.139569e-01  2.908306e-01
-1.422292e+00  3.924861e-01 -8.686170e-01  3.379555e-01
-7.773177e-01  2.647943e-01 -2.628890e-01  7.475966e-01
-8.749581e-01  3.314202e-01 -3.414966e-01  1.402325e+00
-1.296249e+00  3.189848e-01 -2.577194e-01  2.559314e-01
-7.245856e-01  2.357625e-01 -2.121668e-01  2.362126e-01
-2.370285e-01  6.156414e-01 -6.840993e-01  6.723268e-01
-3.889875e-01  1.034100e+00 -9.924799e-01  9.818032e-01
-3.381069e-01  8.741490e-01 -1.416441e+00  3.363314e-01
-2.482432e-01  1.100816e+00 -7.904572e-01  2.746589e-01
-3.086043e-01  1.292148e+00 -3.206565e-01  8.752583e-01
-3.352191e-01  8.349679e-01 -3.419049e-01  1.442008e+00
-2.929535e-01  1.046631e+00 -2.169111e-01  2.608768e-01
-4.875191e-01  1.613500e+00 -3.865505e-01  3.337310e-01
-3.333740e-01  3.391346e-01 -8.810313e-01  1.388537e+00
-3.389376e-01  3.413938e-01 -1.416655e+00  8.603466e-01
-2.024066e-01  2.637572e-01 -6.747676e-01  2.022915e-01
-2.587859e-01  2.686527e-01 -1.195020e+00  2.544288e-01
-2.596411e-01  2.460934e-01 -2.615362e-01  1.179082e+00
-2.379105e-01  1.961216e-01 -2.209386e-01  6.099806e-01
-1.950048e-01  5.922084e-01 -2.688555e-01  2.257711e-01
-2.619769e-01  1.976441e-01 -2.200821e-01  1.931072e-01
-8.806559e-01  3.435952e-01 -1.388336e+00 -3.339964e-01
-9.178016e-01  9.453921e-01 -3.526599e-01 -9.325193e-01
-5.829696e-01  6.076935e-01 -7.140958e-01 -2.422149e-01
-9.362764e-01  1.059178e+00 -9.557984e-01 -3.764556e-01
-3.044868e-01  6.681101e-01 -1.998380e-01 -7.595898e-01
-1.430259e+00  3.701052e-01 -3.425515e-01 -8.640581e-01
-7.523923e-01  7.453595e-01 -2.397920e-01 -2.904567e-01
-1.242941e+00  1.075643e+00 -3.282740e-01 -3.310656e-01
-3.149572e-01  1.703963e-01 -7.388836e-01 -7.326109e-01
-9.401383e-01  3.695942e-01 -9.319547e-01 -9.298943e-01
-7.955484e-01  1.919621e-01 -7.139569e-01 -2.908306e-01
-1.422292e+00  3.924861e-01 -8.686170e-01 -3.379555e-01
-7.773177e-01  2.647943e-01 -2.628890e-01 -7.475966e-01
-8.749581e-01  3.314202e-01 -3.414966e-01 -1.402325e+00
-1.296249e+00  3.189848e-01 -2.577194e-01 -2.559314e-01
-7.245856e-01  2.357625e-01 -2.121668e-01 -2.362126e-01
-2.370285e-01  6.156414e-01 -6.840993e-01 -6.723268e-01
-3.889875e-01  1.034100e+00 -9.924799e-01 -9.818032e-01
-3.381069e-01  8.741490e-01 -1.416441e+00 -3.363314e-01
-2.482432e-01  1.100816e+00 -7.904572e-01 -2.746589e-01
-3.086043e-01  1.292148e+00 -3.206565e-01 -8.752583e-01
-3.352191e-01  8.349679e-01 -3.419049e-01 -1.442008e+00
-2.929535e-01  1.046631e+00 -2.169111e-01 -2.608768e-01
-4.875191e-01  1.613500e+00 -3.865505e-01 -3.337310e-01
-3.333740e-01  3.391346e-01 -8.810313e-01 -1.388537e+00
-3.389376e-01  3.413938e-01 -1.416655e+00 -8.603466e-01
-2.024066e-01  2.637572e-01 -6.747676e-01 -2.022915e-01
-2.587859e-01  2.686527e-01 -1.195020e+00 -2.544288e-01
-2.596411e-01  2.460934e-01 -2.615362e-01 -1.179082e+00
-2.379105e-01  1.961216e-01 -2.209386e-01 -6.099806e-01
-1.950048e-01  5.922084e-01 -2.688555e-01 -2.257711e-01
-2.619769e-01  1.976441e-01 -2.200821e-01 -1.931072e-01
-8.806559e-01 -3.435952e-01  1.388336e+00  3.339964e-01
-9.178016e-01 -9.453921e-01  3.526599e-01  9.325193e-01
-5.829696e-01 -6.076935e-01  7.140958e-01  2.422149e-01
-9.362764e-01 -1.059178e+00  9.557984e-01  3.764556e-01
-3.044868e-01 -6.681101e-01  1.998380e-01  7.595898e-01
-1.430259e+00 -3.701052e-01  3.425515e-01  8.640581e-01
-7.523923e-01 -7.453595e-01  2.397920e-01  2.904567e-01
-1.242941e+00 -1.075643e+00  3.282740e-01  3.310656e-01
-3.149572e-01 -1.703963e-01  7.388836e-01  7.326109e-01
-9.401383e-01 -3.695942e-01  9.319547e-01  9.298943e-01
-7.955484e-01 -1.919621e-01  7.139569e-01  2.908306e-01
-1.422292e+00 -3.924861e-01  8.686170e-01  3.379555e-01
-7.773177e-01 -2.647943e-01  2.628890e-01  7.475966e-01
-8.749581e-01 -3.314202e-01  3.414966e-01  1.402325e+00
-1.296249e+00 -3.189848e-01  2.577194e-01  2.559314e-01
-7.245856e-01 -2.357625e-01  2.121668e-01  2.362126e-01
-2.370285e-01 -6.156414e-01  6.840993e-01  6.723268e-01
-3.889875e-01 -1.034100e+00  9.924799e-01  9.818032e-01
-3.381069e-01 -8.741490e-01  1.416441e+00  3.363314e-01
-2.482432e-01 -1.100816e+00  7.904572e-01  2.746589e-01
-3.086043e-01 -1.292148e+00  3.206565e-01  8.752583e-01
-3.352191e-01 -8.349679e-01  3.419049e-01  1.442008e+00
-2.929535e-01 -1.046631e+00  2.169111e-01  2.608768e-01
-4.875191e-01 -1.613500e+00  3.865505e-01  3.337310e-01
-3.333740e-01 -3.391346e-01  8.810313e-01  1.388537e+00
-3.389376e-01 -3.413938e-01  1.416655e+00  8.603466e-01
-2.024066e-01 -2.637572e-01  6.747676e-01  2.022915e-01
-2.587859e-01 -2.686527e-01  1.195020e+00  2.544288e-01
-2.596411e-01 -2.460934e-01  2.615362e-01  1.179082e+00
-2.379105e-01 -1.961216e-01  2.209386e-01  6.099806e-01
-1.950048e-01 -5.922084e-01  2.688555e-01  2.257711e-01
-2.619769e-01 -1.976441e-01  2.200821e-01  1.931072e-01
-8.806559e-01 -3.435952e-01  1.388336e+00 -3.339964e-01
-9.178016e-01 -9.453921e-01  3.526599e-01 -9.325193e-01
-5.829696e-01 -6.076935e-01  7.140958e-01 -2.422149e-01
-9.362764e-01 -1.059178e+00  9.557984e-01 -3.764556e-01
-3.044868e-01 -6.681101e-01  1.998380e-01 -7.595898e-01
-1.430259e+00 -3.701052e-01  3.425515e-01 -8.640581e-01
-7.523923e-01 -7.453595e-01  2.397920e-01 -2.904567e-01
-1.242941e+00 -1.075643e+00  3.282740e-01 -3.310656e-01
-3.149572e-01 -1.703963e-01  7.388836e-01 -7.326109e-01
-9.401383e-01 -3.695942e-01  9.319547e-01 -9.298943e-01
-7.955484e-01 -1.919621e-01  7.139569e-01 -2.908306e-01
-1.422292e+00 -3.924861e-01  8.686170e-01 -3.379555e-01
-7.773177e-01 -2.647943e-01  2.628890e-01 -7.475966e-01
-8.749581e-01 -3.314202e-01  3.414966e-01 -1.402325e+00
-1.296249e+00 -3.189848e-01  2.577194e-01 -2.559314e-01
-7.245856e-01 -2.357625e-01  2.121668e-01 -2.362126e-01
-2.370285e-01 -6.156414e-01  6.840993e-01 -6.723268e-01
-3.889875e-01 -1.034100e+00  9.924799e-01 -9.818032e-01
-3.381069e-01 -8.741490e-01  1.416441e+00 -3.363314e-01
-2.482432e-01 -1.100816e+00  7.904572e-01 -2.746589e-01
-3.086043e-01 -1.292148e+00  3.206565e-01 -8.752583e-01
-3.352191e-01 -8.349679e-01  3.419049e-01 -1.442008e+00
-2.929535e-01 -1.046631e+00  2.169111e-01 -2.608768e-01
-4.875191e-01 -1.613500e+00  3.865505e-01 -3.337310e-01
-3.333740e-01 -3.391346e-01  8.810313e-01 -1.388537e+00
-3.389376e-01 -3.413938e-01  1.416655e+00 -8.603466e-01
-2.024066e-01 -2.637572e-01  6.747676e-01 -2.022915e-01
-2.587859e-01 -2.686527e-01  1.195020e+00 -2.544288e-01
-2.596411e-01 -2.460934e-01  2.615362e-01 -1.179082e+00
-2.379105e-01 -1.961216e-01  2.209386e-01 -6.099806e-01
-1.950048e-01 -5.922084e-01  2.688555e-01 -2.257711e-01
-2.619769e-01 -1.976441e-01  2.200821e-01 -1.931072e-01
-8.806559e-01 -3.435952e-01 -1.388336e+00  3.339964e-01
-9.178016e-01 -9.453921e-01 -3.526599e-01  9.325193e-01
-5.829696e-01 -6.076935e-01 -7.140958e-01  2.422149e-01
-9.362764e-01 -1.059178e+00 -9.557984e-01  3.764556e-01
-3.044868e-01 -6.681101e-01 -1.998380e-01  7.595898e-01
-1.430259e+00 -3.701052e-01 -3.425515e-01  8.640581e-01
-7.523923e-01 -7.453595e-01 -2.397920e-01  2.904567e-01
-1.242941e+00 -1.075643e+00 -3.282740e-01  3.310656e-01
-3.149572e-01 -1.703963e-01 -7.388836e-01  7.326109e-01
-9.401383e-01 -3.695942e-01 -9.319547e-01  9.298943e-01
-7.955484e-01 -1.919621e-01 -7.139569e-01  2.908306e-01
-1.422292e+00 -3.924861e-01 -8.686170e-01  3.379555e-01
-7.773177e-01 -2.647943e-01 -2.628890e-01  7.475966e-01
-8.749581e-01 -3.314202e-01 -3.414966e-01  1.402325e+00
-1.296249e+00 -3.189848e-01 -2.577194e-01  2.559314e-01
-7.245856e-01 -2.357625e-01 -2.121668e-01  2.362126e-01
-2.370285e-01 -6.156414e-01 -6.840993e-01  6.723268e-01
-3.889875e-01 -1.034100e+00 -9.924799e-01  9.818032e-01
-3.381069e-01 -8.741490e-01 -1.416441e+00  3.363314e-01
-2.482432e-01 -1.100816e+00 -7.904572e-01  2.746589e-01
-3.086043e-01 -1.292148e+00 -3.206565e-01  8.752583e-01
-3.352191e-01 -8.349679e-01 -3.419049e-01  1.442008e+00
-2.929535e-01 -1.046631e+00 -2.169111e-01  2.608768e-01
-4.875191e-01 -1.613500e+00 -3.865505e-01  3.337310e-01
-3.333740e-01 -3.391346e-01 -8.810313e-01  1.388537e+00
-3.389376e-01 -3.413938e-01 -1.416655e+00  8.603466e-01
-2.024066e-01 -2.637572e-01 -6.747676e-01  2.022915e-01
-2.587859e-01 -2.686527e-01 -1.195020e+00  2.544288e-01
-2.596411e-01 -2.460934e-01 -2.615362e-01  1.179082e+00
-2.379105e-01 -1.961216e-01 -2.209386e-01  6.099806e-01
-1.950048e-01 -5.922084e-01 -2.688555e-01  2.257711e-01
-2.619769e-01 -1.976441e-01 -2.200821e-01  1.931072e-01
-8.806559e-01 -3.435952e-01 -1.388336e+00 -3.339964e-01
-9.178016e-01 -9.453921e-01 -3.526599e-01 -9.325193e-01
-5.829696e-01 -6.076935e-01 -7.140958e-01 -2.422149e-01
-9.362764e-01 -1.059178e+00 -9.557984e-01 -3.764556e-01
-3.044868e-01 -6.681101e-01 -1.998380e-01 -7.595898e-01
-1.430259e+00 -3.701052e-01 -3.425515e-01 -8.640581e-01
-7.523923e-01 -7.453595e-01 -2.397920e-01 -2.904567e-01
-1.242941e+00 -1.075643e+00 -3.282740e-01 -3.310656e-01
-3.149572e-01 -1.703963e-01 -7.388836e-01 -7.326109e-01
-9.401383e-01 -3.695942e-01 -9.319547e-01 -9.298943e-01
-7.955484e-01 -1.919621e-01 -7.139569e-01 -2.908306e-01
-1.422292e+00 -3.924861e-01 -8.686170e-01 -3.379555e-01
-7.773177e-01 -2.647943e-01 -2.628890e-01 -7.475966e-01
-8.749581e-01 -3.314202e-01 -3.414966e-01 -1.402325e+00
-1.296249e+00 -3.189848e-01 -2.577194e-01 -2.559314e-01
-7.245856e-01 -2.357625e-01 -2.121668e-01 -2.362126e-01
-2.370285e-01 -6.156414e-01 -6.840993e-01 -6.723268e-01
-3.889875e-01 -1.034100e+00 -9.924799e-01 -9.818032e-01
-3.381069e-01 -8.741490e-01 -1.416441e+00 -3.363314e-01
-2.482432e-01 -1.100816e+00 -7.904572e-01 -2.746589e-01
-3.086043e-01 -1.292148e+00 -3.206565e-01 -8.752583e-01
-3.352191e-01 -8.349679e-01 -3.419049e-01 -1.442008e+00
-2.929535e-01 -1.046631e+00 -2.169111e-01 -2.608768e-01
-4.875191e-01 -1.613500e+00 -3.865505e-01 -3.337310e-01
-3.333740e-01 -3.391346e-01 -8.810313e-01 -1.388537e+00
-3.389376e-01 -3.413938e-01 -1.416655e+00 -8.603466e-01
-2.024066e-01 -2.637572e-01 -6.747676e-01 -2.022915e-01
-2.587859e-01 -2.686527e-01 -1.195020e+00 -2.544288e-01
-2.596411e-01 -2.460934e-01 -2.615362e-01 -1.179082e+00
-2.379105e-01 -1.961216e-01 -2.209386e-01 -6.099806e-01
-1.950048e-01 -5.922084e-01 -2.688555e-01 -2.257711e-01
-2.619769e-01 -1.976441e-01 -2.200821e-01 -1.931072e-01
