-1.622257e+00 -3.596616e-01 -2.694896e-01 -4.873694e-01
-1.738790e+00 -2.648635e-01 -3.231314e-01  2.421136e-01
-1.736015e+00 -4.056733e-01  2.981429e-01 -1.559228e-01
-1.683298e+00  2.620752e-01  5.503984e-01 -4.060442e-02
-1.749888e+00  3.295900e-01 -2.662525e-01 -1.747669e-01
-1.662951e+00  2.849655e-01  7.166798e-02  4.127502e-01
-1.440985e+00 -8.755020e-01 -5.289127e-01 -2.118769e-01
-1.493702e+00 -8.963113e-01 -1.075236e-01  3.729812e-01
-1.365147e+00 -7.501835e-01 -8.156191e-01  4.125189e-01
-1.290233e+00 -5.337663e-01 -9.085675e-01 -6.464452e-01
-1.195897e+00 -4.535348e-01 -2.314547e-01  4.130346e-02
-1.455783e+00 -4.223208e-01 -4.079873e-01  8.670874e-01
-1.420638e+00 -1.021630e+00  1.376798e-01 -2.376573e-01
-1.325378e+00 -2.760811e-02  4.704360e-02 -7.574909e-02
-1.625032e+00 -3.922629e-01  3.009175e-01  5.655832e-01
-1.457633e+00 -1.178108e-01  8.764114e-01 -5.613582e-01
-1.161677e+00 -5.467144e-01  2.694723e-01  7.315331e-02
-1.490928e+00 -3.404708e-01  8.907467e-01  1.925180e-01
-1.533471e+00 -1.944586e-01 -8.600125e-01 -5.034435e-02
-1.498326e+00  1.577973e-01 -6.782775e-01 -6.510696e-01
-1.259713e+00  1.506297e-01 -3.941144e-01  1.417663e-01
-1.546419e+00  3.073933e-01 -5.737684e-01  6.266240e-01
-1.111735e+00 -2.103294e-02  5.845801e-03 -6.025143e-01
-1.202371e+00  5.168741e-01  9.282415e-02  1.141939e-01
-1.183874e+00 -2.085626e-01 -5.547130e-02  4.569122e-01
-1.639830e+00  1.306296e-01  2.172178e-01 -6.496822e-01
-1.157978e+00 -1.698342e-01  5.300515e-01 -1.965010e-01
-1.495552e+00  2.077397e-01  7.427692e-01  6.645432e-01
-1.386418e+00  8.595344e-01 -6.024390e-01 -4.089876e-01
-1.452083e+00  4.604576e-01 -9.219780e-01  6.344228e-02
-1.365147e+00  7.402276e-01 -1.194311e-01  8.925210e-01
-1.544569e+00  8.447367e-01  1.937494e-01 -3.608949e-01
-1.508500e+00  8.882051e-01 -2.567728e-01  2.192233e-01
-1.447459e+00  8.493610e-01  4.294730e-01  4.317098e-01
-1.340176e+00  8.091297e-01  8.384923e-01 -8.852370e-02
-1.007226e+00 -1.400822e+00 -2.475242e-01 -4.804330e-01
-1.049769e+00 -1.339782e+00 -5.034791e-01  1.967955e-01
-9.350868e-01 -1.460013e+00  4.678547e-01 -2.027439e-01
-1.049769e+00 -1.370302e+00  1.725933e-01  4.576058e-01
-7.843347e-01 -8.459064e-01 -4.752708e-01 -5.562715e-01
-9.878039e-01 -5.642868e-01 -2.253275e-01 -3.405480e-01
-8.180922e-01 -2.398923e-01  2.159461e-01  1.965643e-01
-1.033122e+00 -1.092844e+00 -4.322648e-01  8.268561e-01
-7.501149e-01 -5.864834e-01 -4.321692e-02 -8.771977e-01
-7.422537e-01 -5.379283e-01  1.447319e-01 -1.178880e-01
-9.702315e-01 -7.048654e-01  2.835855e-02  4.601493e-01
-1.244915e+00 -8.389701e-01  1.971021e-01  9.669723e-01
-1.091388e+00 -1.110416e+00  4.014960e-01 -7.828621e-01
-1.178325e+00 -4.884483e-01  1.792985e-01 -4.984677e-01
-9.387864e-01 -5.106449e-01  5.300515e-01  4.719412e-01
-1.253239e+00 -4.685638e-01  7.913243e-01  8.629256e-01
-1.357748e+00 -7.534205e-01  7.450814e-01 -3.682937e-01
-1.328152e+00 -9.772367e-01  6.410347e-01  3.156399e-01
-1.117284e+00 -4.912229e-01 -1.327066e+00  2.862172e-03
-1.288383e+00 -1.176952e-01 -1.083828e+00  6.159881e-01
-6.816754e-01  1.293579e-01 -8.225556e-01 -7.306075e-01
-1.138556e+00 -1.052674e-01 -5.057912e-01 -2.718771e-01
-1.091388e+00 -2.352680e-01 -5.770054e-01  4.072010e-01
-6.354323e-01  8.802824e-02 -9.746951e-01  5.618839e-01
-1.391043e+00 -4.563094e-01  4.079700e-01 -9.872560e-01
-8.930058e-01 -1.070593e-01 -3.249433e-02 -2.220503e-01
-9.392486e-01  1.920171e-01 -4.417068e-02  2.809577e-01
-1.476130e+00  8.034033e-02  1.000496e-01  1.015065e+00
-9.952027e-01  2.164066e-02  4.995312e-01 -7.167345e-01
-7.584386e-01 -2.553837e-01  4.024209e-01 -3.271375e-01
-1.189423e+00 -4.503593e-02  3.968717e-01  3.013046e-01
-9.041041e-01  4.996448e-02  6.840406e-01  6.973757e-01
-9.554338e-01  1.254272e-01  1.350402e+00 -6.783529e-01
-8.467627e-01 -2.166552e-01  8.884345e-01 -3.837851e-01
-9.420233e-01 -1.247473e-01  8.509778e-01  1.856972e-01
-1.079365e+00 -4.691456e-02  1.286587e+00  5.979533e-01
-1.188498e+00  1.157162e-01 -1.270650e+00 -4.785833e-01
-1.020174e+00  3.430004e-01 -1.418628e+00  2.135586e-01
-1.066417e+00  6.190711e-01 -8.752727e-01 -9.595103e-01
-9.850293e-01  3.619601e-01 -7.564282e-01 -3.546520e-01
-9.628326e-01  2.653122e-01 -6.815145e-01  4.656983e-01
-9.952027e-01  4.831167e-01 -1.117123e+00  8.356423e-01
-1.406765e+00  5.940998e-01 -2.055587e-01 -9.368511e-01
-1.197747e+00  3.739833e-01 -2.104142e-01 -3.629758e-01
-9.970526e-01  5.950246e-01 -3.145765e-01  5.438491e-01
-1.051619e+00  1.251960e-01 -2.316860e-01  7.584165e-01
-7.653751e-01  4.056597e-01 -4.234986e-02 -9.493366e-01
-1.013700e+00  5.871634e-01  1.965240e-01 -6.159248e-01
-1.076590e+00  3.404571e-01  2.292409e-01  6.118262e-01
-7.071089e-01  1.254272e-01  2.558306e-01  1.057608e+00
-1.223643e+00  2.687805e-01  3.043858e-01 -1.189800e+00
-1.366072e+00  5.506315e-01  7.372200e-01 -7.347693e-01
-1.099712e+00  3.679717e-01  6.359479e-01  2.056973e-01
-6.904615e-01  5.173364e-01  5.513234e-01  7.732143e-01
-9.896536e-01  8.581472e-01 -1.207760e+00 -2.635534e-01
-1.171851e+00  9.723673e-01 -8.082203e-01  4.580683e-01
-1.102486e+00  1.236877e+00 -1.345757e-01 -6.751159e-01
-9.748558e-01  8.655462e-01 -9.434431e-02 -2.287555e-01
-8.162423e-01  9.483209e-01 -2.304143e-01  2.288187e-01
-1.042371e+00  1.319190e+00 -1.232462e-01  6.465085e-01
-1.012775e+00  9.288989e-01  2.916689e-01 -1.097314e+00
-9.350868e-01  8.040429e-01  3.966405e-01 -1.142464e-01
-7.672248e-01  7.795342e-01  6.271617e-01  3.378365e-01
-1.167227e+00  6.255451e-01  5.069299e-01  1.076106e+00
-6.229467e-01 -1.671806e+00 -7.966215e-02  2.163574e-02
-9.804049e-01 -1.133538e+00 -9.293770e-01 -3.095652e-01
-9.656072e-01 -5.818591e-01 -7.291448e-01 -8.771445e-02
-8.319650e-01 -1.050300e+00 -1.143944e+00  3.651199e-01
-1.296707e+00 -8.505307e-01 -2.539982e-01 -8.674866e-01
-4.153157e-01 -7.275244e-01 -1.949228e-01 -4.702595e-01
-5.813280e-01 -6.498363e-01 -3.457905e-01 -2.258411e-02
-8.897687e-01 -7.187383e-01 -4.583921e-01  3.302064e-01
-7.357796e-01 -8.408198e-01 -2.967730e-01  1.365587e+00
-6.936985e-01 -1.213076e+00 -2.535358e-01 -1.074193e+00
-7.773982e-01 -8.773518e-01  1.090092e-01 -4.910688e-01
-9.216763e-01 -9.707627e-01 -1.166565e-01 -1.717946e-02
-6.654902e-01 -9.333057e-01  3.779121e-01  5.248894e-01
-6.183224e-01 -1.248220e+00  1.640383e-01  1.050210e+00
-8.014446e-01 -7.002411e-01  5.762945e-01 -4.450571e-01
-8.287278e-01 -9.291438e-01  3.920162e-01  8.720218e-03
-5.947385e-01 -5.541133e-01  8.542147e-01  5.470861e-01
-8.851444e-01 -6.072927e-01  7.793012e-01  2.737276e-02
-1.072891e+00 -1.013368e-01 -8.891454e-01 -1.132459e+00
-8.338147e-01 -1.982736e-01 -9.164289e-01 -3.893343e-01
-3.223673e-01 -2.438229e-01 -6.792024e-01 -1.619344e-01
-5.489579e-01 -4.019739e-01 -3.966578e-01  4.275479e-01
-1.178325e+00  1.034040e-01 -6.731907e-01  1.176915e+00
-9.730062e-01 -3.335343e-01 -4.334209e-01 -7.255207e-01
-5.910391e-01 -3.511066e-01 -2.912238e-01 -2.336111e-01
-8.023695e-01 -2.528403e-01 -1.896049e-01  1.193963e-01
-2.994771e-01  4.273901e-02 -1.049224e-01  3.951778e-01
-8.786703e-01 -4.939975e-01 -3.289118e-01  7.963357e-01
-8.194794e-01 -1.410479e-01  4.244820e-02 -1.002978e+00
-3.972810e-01 -5.989690e-01  4.072764e-01 -6.325724e-01
-4.134660e-01 -3.092568e-01  1.132289e-01  1.818196e-02
-6.779758e-01 -2.354992e-01 -3.760995e-02  5.369125e-01
-1.008151e+00 -2.489097e-01  2.468133e-01  8.004976e-01
-1.011850e+00 -2.065722e-02  8.814982e-01 -1.178702e+00
-3.956625e-01 -6.091425e-01  5.545602e-01 -1.629749e-01
-8.310400e-01  1.198781e-01  2.280848e-01 -3.525757e-02
-4.962409e-01 -4.209335e-01  3.390680e-01  5.087044e-01
-7.343922e-01 -4.512227e-01  1.129361e+00  1.077955e+00
-9.794802e-01 -6.022060e-01  1.099765e+00 -8.402033e-01
-1.098787e+00 -4.361937e-01  1.332830e+00 -1.768478e-01
-9.831796e-01 -7.543454e-01  1.231095e+00  4.132126e-01
-6.724267e-01 -4.148101e-02 -1.639669e+00 -2.214723e-01
-6.321953e-01 -2.158459e-01 -1.376084e+00 -9.248280e-01
-2.939279e-01  6.508016e-02 -6.833643e-01 -4.859821e-01
-9.480348e-01  1.596867e-02 -9.423250e-01  6.997410e-02
-7.047968e-01 -2.435917e-01 -6.126125e-01  7.321111e-02
-6.363572e-01 -5.353308e-02 -1.224407e+00  1.163967e+00
-9.628326e-01  1.840402e-01 -4.052127e-01 -7.699140e-01
-6.798257e-01 -6.729037e-02 -4.459066e-01 -4.011263e-01
-7.982076e-01  1.403406e-01 -3.913398e-01 -1.524304e-02
-6.909238e-01  2.477820e-03 -3.931895e-01  4.189930e-01
-6.613284e-01 -1.175796e-01 -1.676394e-01  9.974927e-01
-8.754334e-01 -1.745741e-01  2.355993e-01 -1.534773e+00
-6.830626e-01 -3.055573e-01  4.412451e-02 -5.243638e-01
-7.834098e-01  3.339831e-01 -1.275236e-01 -2.647095e-01
-5.674551e-01  2.001097e-01 -8.850613e-02  6.418841e-01
-9.896536e-01  3.797636e-01 -1.284485e-01  1.440500e+00
-5.600563e-01  2.051964e-01  9.115561e-01 -7.865614e-01
-5.378596e-01  1.377973e-01  5.924795e-01 -4.200859e-01
-7.001725e-01  1.214966e-01  5.744448e-01 -2.576332e-02
-6.775135e-01  3.325921e-02  2.528248e-01  5.346004e-01
-8.130054e-01  2.678556e-01  1.067395e+00  1.138996e+00
-3.235234e-01 -5.895592e-03  1.195026e+00 -4.274848e-01
-1.300406e+00  2.442717e-01  1.193176e+00 -2.017081e-02
-7.283807e-01  3.018442e-01  9.832326e-01  3.505533e-01
-7.320801e-01  8.169909e-01 -6.477571e-01 -2.323394e-01
-7.852596e-01  5.779148e-01 -8.780471e-01  1.690497e-01
-5.910391e-01  6.690134e-01 -7.124973e-01  6.159881e-01
-7.949706e-01  9.372226e-01 -3.407038e-01 -1.247141e+00
-5.457210e-01  3.601103e-01 -4.588546e-01 -4.586987e-01
-1.031272e+00  5.806894e-01 -4.440568e-01  3.826876e-02
-6.284959e-01  4.260066e-01 -2.576976e-01  3.496285e-01
-9.415608e-01  8.706328e-01 -5.723811e-01  1.121424e+00
-4.358938e-01  7.328287e-01  3.268136e-01 -9.715334e-01
-8.412136e-01  6.925974e-01 -3.802415e-01 -6.399712e-01
-7.302304e-01  5.228856e-01  8.230387e-02  1.047141e-01
-8.911561e-01  8.327136e-01  1.776800e-01  4.920569e-01
-7.385541e-01  5.409204e-01  8.950944e-03  9.332150e-01
-1.721933e-01  5.293596e-01  7.584919e-01 -9.539610e-01
-7.325426e-01  6.394179e-01  6.188380e-01 -6.293353e-01
-1.153354e+00  3.182605e-01  3.601086e-01 -2.695650e-01
-4.065296e-01  5.973368e-01  9.226543e-01  5.887046e-01
-5.665303e-01  9.043903e-01  9.092440e-01  1.100152e+00
-9.184393e-01  7.943320e-01  1.208898e+00 -5.400863e-01
-7.279182e-01  6.357185e-01  8.250818e-01 -9.135609e-02
-1.098787e+00  7.041582e-01  1.054447e+00  6.155257e-01
-7.820225e-01  1.219305e+00 -7.883358e-01 -6.704916e-01
-1.067342e+00  1.352485e+00 -5.427856e-01 -5.193395e-02
-6.187848e-01  1.368207e+00 -6.949250e-01  6.862774e-01
-6.090738e-01  9.991883e-01  2.187207e-01 -5.178897e-01
-1.174626e+00  1.343236e+00  2.114374e-01  3.491614e-02
-4.051423e-01  1.135142e+00 -6.070254e-02  4.689354e-01
-1.021099e+00  1.213756e+00  6.160634e-01 -5.539593e-01
-8.842196e-01  1.259999e+00  8.972207e-01  6.529200e-02
-9.212140e-01  1.249825e+00  6.008033e-01  7.121735e-01
-8.032942e-01 -9.245196e-01 -8.997813e-01 -1.005753e+00
-5.447960e-01 -1.090070e+00 -5.011669e-01 -1.704894e-01
-5.392470e-01 -9.966587e-01 -5.908783e-01  3.454666e-01
-4.687264e-01 -1.201978e+00 -8.771223e-01  8.661627e-01
-4.708073e-01 -1.196428e+00 -1.266765e-02 -3.026287e-01
-4.280326e-01 -7.908773e-01  2.895103e-02 -2.009855e-02
-5.817904e-01 -1.095619e+00 -7.099160e-02  3.371429e-01
-5.179752e-01 -8.750396e-01 -2.392005e-01  7.454685e-01
-5.956634e-01 -1.099318e+00  8.112088e-01 -9.030938e-01
-4.534662e-01 -1.116890e+00  5.823061e-01 -3.643631e-01
-3.843329e-01 -1.198278e+00  3.561779e-01  9.026320e-02
-8.106932e-01 -1.077122e+00  7.723647e-01  9.114808e-01
-8.893062e-01 -1.078971e+00  1.109939e+00 -2.959235e-01
-7.172824e-01 -1.328683e+00  8.639259e-01  2.844259e-01
-7.279182e-01 -6.637092e-01 -1.305795e+00 -4.952307e-01
-5.119635e-01 -7.751547e-01 -9.242902e-01 -1.321372e-03
-7.584386e-01 -4.627834e-01 -9.709955e-01  4.319410e-01
-9.637575e-01 -6.211657e-01 -9.229029e-01  1.047435e+00
-5.864148e-01 -3.943438e-01 -7.763127e-01 -8.133823e-01
-5.531198e-01 -5.328416e-01 -6.963124e-01 -3.560393e-01
-3.274541e-01 -4.646332e-01 -7.069482e-01  1.779515e-01
-4.893045e-01 -6.373506e-01 -7.111101e-01  6.996879e-01
-8.994798e-01 -5.226681e-01 -3.982763e-01 -1.373847e+00
-4.631772e-01 -3.161932e-01 -2.764260e-01 -6.876015e-01
-3.866451e-01 -4.847488e-01  1.166393e-01 -3.317618e-01
-3.538126e-01 -2.650947e-01 -2.311079e-01  1.171997e-01
-2.585520e-01 -7.057903e-01  1.364082e-01  4.855829e-01
-1.082139e+00 -3.259042e-01 -8.619398e-02  1.341540e+00
-8.680344e-01 -8.320336e-01  2.523625e-01 -1.317431e+00
-2.703440e-01 -2.928405e-01  5.971038e-01 -4.367333e-01
-4.534662e-01 -6.627843e-01  4.396465e-01  1.927492e-01
-5.794783e-01 -5.850961e-01 -1.561564e-02  2.802640e-01
-2.164709e-01 -2.401235e-01  5.795315e-01  6.330981e-01
-7.528895e-01 -6.701832e-01  4.676235e-01  1.411830e+00
-8.037568e-01 -4.607025e-01  4.976814e-01 -8.660994e-01
-4.967034e-01 -6.174662e-01  1.026701e+00 -3.664441e-01
-6.053744e-01 -2.988521e-01  5.184907e-01  5.370235e-02
-1.371642e-01 -4.512227e-01  1.069245e+00  7.158728e-01
-4.160094e-01 -8.408198e-01  1.537224e+00  3.312423e-02
-7.663000e-01  3.080255e-02  1.631559e+00  9.269096e-02
-3.718474e-01 -1.059033e-01 -1.112499e+00 -4.286408e-01
 3.480184e-02 -1.811637e-01 -8.230180e-01 -2.753454e-01
-2.451416e-01  3.797021e-02 -8.595500e-01  3.191035e-02
-2.205172e-01 -1.860192e-01 -1.200361e+00  4.832707e-01
-1.391043e+00 -1.563081e-01 -2.241715e-01 -1.117661e+00
-5.896518e-01 -6.012271e-02 -4.343458e-01 -1.096389e+00
-2.994771e-01 -3.983360e-02 -3.379292e-01 -2.457498e-01
-1.013837e-01 -1.533023e-01 -4.674096e-01  1.817665e-01
-7.445657e-01 -1.605856e-01 -6.750405e-01  8.398041e-01
-6.548544e-01 -2.116841e-01 -5.774679e-01  1.490443e+00
-3.961249e-01  1.223059e-01  7.213042e-02 -1.270263e+00
-5.859523e-01  1.108029e-01 -1.417434e-01 -6.103757e-01
-4.980907e-01  8.017042e-03 -1.437286e-02 -2.099116e-01
-5.383220e-01  4.759452e-02  1.779491e-02  1.594543e-01
-2.980898e-01 -4.040549e-01 -9.648304e-02  7.163354e-01
-4.125412e-01  2.298208e-01 -1.469457e-01  1.232407e+00
-4.019053e-01  1.964102e-01  8.149081e-01 -1.534773e+00
-4.980907e-01 -1.316837e-01  3.610334e-01 -6.621678e-01
-3.968186e-01 -1.137068e-01  3.159465e-01 -2.080618e-01
-3.494195e-01  1.882170e-03  3.527097e-01  2.041943e-01
-3.249107e-01 -1.850944e-01  2.202235e-01  8.532146e-01
-1.071966e+00 -4.821515e-02  5.601094e-01  1.325818e+00
-5.119635e-01 -3.053261e-01  8.768739e-01 -7.282953e-01
-4.201713e-01 -2.164240e-01  8.264690e-01 -1.590443e-01
-5.725419e-01 -1.056720e-01  6.105142e-01  3.937905e-01
-4.906917e-01 -5.668339e-02  1.030401e+00  6.474333e-01
-5.225995e-01 -3.737657e-01  1.588091e+00 -4.744213e-01
-9.878255e-02 -5.272383e-02  1.776762e+00  1.385391e-02
-6.738139e-01  4.710935e-01 -1.389032e+00 -8.022841e-01
-5.910391e-01  3.397634e-01 -1.134696e+00 -2.811258e-01
-4.338129e-01  3.078558e-01 -1.171690e+00  2.663911e-01
-4.125412e-01  3.920180e-01 -1.529611e+00  7.440811e-01
-5.249116e-01  2.574509e-01 -9.978165e-01 -1.360899e+00
-2.763556e-01  1.276238e-01 -3.504148e-01 -7.962724e-01
-5.743916e-01  1.653118e-01 -7.092603e-01 -1.349979e-01
-4.694200e-01  3.212663e-01 -6.412831e-01  2.230383e-01
-3.829457e-01  2.558324e-01 -5.062537e-01  6.095141e-01
-5.452585e-01  4.243881e-01 -7.837115e-01  1.462697e+00
-9.443354e-01  2.905147e-01 -3.800103e-01 -1.442287e+00
-4.717322e-01  4.740993e-01  9.964499e-02 -6.196243e-01
-3.214425e-01  3.046188e-01 -2.035934e-01 -2.358076e-01
-3.905757e-01  3.242721e-01 -7.237888e-02  8.627475e-02
-3.212113e-01 -1.201230e-01 -3.723802e-01  6.853526e-01
-3.739283e-01  7.147940e-01 -1.282173e-01  1.577379e+00
-6.715018e-01  5.409204e-01  2.100501e-01 -1.574542e+00
-7.232939e-01  2.004565e-01  2.264663e-01 -5.146527e-01
-6.340451e-01  4.775675e-01  3.633456e-01 -2.101427e-01
-6.858372e-01  3.298212e-01  3.966405e-01  3.112468e-01
-9.751088e-02  3.473935e-01 -1.188531e-01  4.132126e-01
-6.308079e-01  4.942150e-01  4.893577e-01  1.508015e+00
-2.869915e-01  3.460062e-01  7.478559e-01 -2.273683e-01
-9.563586e-01  2.925956e-01  8.070469e-01 -3.576579e-01
-3.690727e-01  1.049069e-01  8.028851e-01  1.343675e-01
-3.591306e-01  2.091271e-01  6.951389e-01  9.910187e-01
-4.705761e-01  4.204574e-01  1.621386e+00 -4.020512e-01
-8.204042e-01  6.921349e-01  1.404969e+00  1.157547e-01
-5.212122e-01  1.406126e+00 -9.968916e-01 -7.089358e-02
-6.673399e-01  9.806910e-01 -1.296546e+00  4.007270e-01
-5.022525e-01  4.528275e-01 -5.242884e-01 -1.017776e+00
-5.512701e-01  5.325966e-01 -3.966578e-01 -3.329225e-02
-3.565872e-01  6.657764e-01 -2.789694e-01  3.563337e-01
-6.950858e-01  3.390698e-01 -5.108780e-01  9.341398e-01
-5.207497e-01  9.104018e-01 -1.644024e-01 -7.218212e-01
-5.748540e-01  6.458920e-01 -7.255774e-03 -2.781199e-01
-4.032926e-01  7.628866e-01  2.083160e-01  1.902058e-01
-5.452585e-01  8.831185e-01 -2.482178e-01  7.759887e-01
-2.828296e-01  5.927125e-01  4.805715e-01 -5.262135e-01
-3.091881e-01  7.078575e-01  4.082012e-01 -1.288707e-01
-3.674543e-01  1.053755e+00  6.752544e-01  2.219979e-01
-4.375124e-01  9.816160e-01  3.848486e-01  7.186475e-01
-4.143909e-01  1.124969e+00  9.952559e-01 -8.614751e-01
-4.532349e-01  9.742170e-01  6.974511e-01 -2.933801e-01
 4.361691e-02  9.298239e-01  8.431164e-01  4.668545e-01
-4.569344e-01  1.121270e+00  1.226471e+00  4.989934e-01
-5.489579e-01  1.166588e+00 -3.064840e-01 -2.586979e-01
-5.878020e-01  1.625318e+00 -2.785070e-01  2.282407e-01
-6.627157e-01  1.612370e+00  5.502051e-02 -3.685250e-01
-5.438712e-01  1.622543e+00  4.331725e-01  3.410735e-01
-4.308071e-01 -1.503482e+00 -6.681041e-01 -6.459828e-01
-4.264140e-01 -1.563598e+00 -7.582779e-01  1.139627e-01
-6.149916e-02 -1.088220e+00 -6.842890e-01  3.179521e-01
-4.925415e-01 -1.552499e+00  2.479694e-01 -7.454052e-01
-1.718465e-01 -1.270417e+00 -1.918014e-01  8.471405e-02
-4.856050e-01 -1.545100e+00 -3.261373e-01  6.737918e-01
-2.476849e-01 -1.341631e+00  1.133985e+00 -2.848252e-01
-1.866442e-01 -1.720824e+00  5.009184e-01 -1.500269e-01
-4.021365e-01 -1.620014e+00  3.633456e-01  5.276640e-01
-3.094194e-01 -8.847505e-01 -7.790871e-01 -6.071387e-01
-3.720786e-01 -1.200128e+00 -1.231806e+00 -2.929177e-01
-1.688407e-01 -6.780444e-01 -1.017238e+00  3.940217e-01
-3.991307e-01 -7.122643e-01 -4.091434e-01 -9.613599e-01
-1.754303e-01 -7.733050e-01 -4.757333e-01 -2.186157e-02
-2.631764e-01 -6.905302e-01 -3.460217e-01  3.489349e-01
-8.542990e-02 -1.115041e+00 -2.521485e-01  5.794562e-01
-1.986674e-01 -8.445192e-01  8.392238e-02  9.396888e-01
-4.012117e-01 -9.444041e-01  2.108593e-01 -8.480645e-01
-2.117311e-01 -8.172359e-01  2.620734e-01 -2.871373e-01
-3.808865e-02 -8.967738e-01 -1.264832e-01 -2.392758e-01
-9.392704e-02 -8.315712e-01 -4.411287e-02  1.853503e-01
-6.742764e-01 -6.109922e-01  1.631135e-01  8.892841e-01
-6.086114e-01 -5.559630e-01  8.315558e-01 -1.385870e+00
-1.231757e-01 -8.348082e-01  7.436941e-01 -5.447107e-01
-3.135452e-02 -8.306464e-01  3.538657e-01  1.187605e-01
-2.342745e-01 -9.605893e-01  6.618440e-01  5.161033e-01
-1.573955e-01 -7.210504e-01  9.906316e-01  1.309170e+00
-2.488410e-01 -8.662534e-01  1.334679e+00 -8.189315e-01
-4.319632e-01 -8.579297e-01  9.009203e-01  1.035581e-01
-3.545062e-01 -9.883350e-01  1.274564e+00  6.936764e-01
-1.490718e-01 -4.089103e-01 -1.635969e+00 -4.892191e-01
-4.458361e-01 -6.845185e-01 -1.580478e+00  9.529214e-02
-7.515022e-01 -1.949210e-01 -1.524061e+00  5.142536e-01
-1.656037e-01 -8.399565e-02 -7.277575e-01 -1.060320e+00
-1.227133e-01 -3.626674e-01 -9.700707e-01 -7.514167e-01
 5.509096e-02 -4.713383e-01 -7.300696e-01 -1.561876e-02
-3.928879e-01 -1.352675e-01 -7.161968e-01  3.942530e-01
-2.409797e-01 -2.553837e-01 -9.155040e-01  8.767985e-01
-2.560087e-01 -3.284476e-01 -2.072928e-01 -1.198124e+00
 4.702733e-02 -2.479848e-01 -2.484491e-01 -3.856349e-01
-2.191299e-01 -4.391995e-01 -2.718017e-01 -1.532639e-01
-8.288654e-02 -3.504130e-01 -5.450978e-01  5.850053e-01
-3.510380e-01 -5.000091e-01 -4.038255e-01  1.052984e+00
-2.412109e-01 -2.415108e-01  2.942123e-01 -1.730843e+00
-3.450264e-01 -5.032461e-01  2.438074e-01 -1.168528e+00
-2.349682e-01 -1.902967e-01 -3.801458e-02 -4.159240e-01
-1.551990e-01 -4.378123e-01  2.226513e-01  1.395698e-01
-2.541590e-01 -1.968863e-01  1.313214e-01  3.956403e-01
-3.628300e-01 -4.045172e-01  6.559860e-02  1.244430e+00
-1.276844e-01 -5.823216e-01 -3.457905e-01  1.657843e+00
-4.141597e-01 -1.227819e-01  5.393000e-01 -1.110262e+00
 4.445506e-02 -2.787364e-01  8.297061e-01 -2.603164e-01
-2.465289e-01 -3.906444e-01  8.061219e-01  2.349459e-01
-4.999622e-02 -3.075841e-02  7.913243e-01  4.178369e-01
-5.693049e-01 -2.637074e-01  5.957165e-01  9.817700e-01
-3.986683e-01 -1.916840e-01  1.338379e+00 -1.115811e+00
-6.159323e-03 -3.585055e-01  1.125661e+00 -6.062138e-01
-1.412105e-01 -3.444014e-01  1.257916e+00 -4.032728e-03
-5.799407e-01 -3.390835e-01  1.158031e+00  1.632693e-01
-4.550847e-01 -3.446326e-01  1.594565e+00  6.007280e-01
-1.163549e-01  2.833470e-01 -1.682213e+00 -5.821676e-01
-5.350851e-01 -2.426669e-01 -1.144869e+00  4.621677e-02
-1.496498e-01  7.287270e-03 -1.765450e+00  2.645414e-01
-2.209797e-01  2.356012e-01 -1.046834e+00 -7.740759e-01
-2.227137e-01 -2.625513e-01 -5.039415e-01 -6.103757e-01
-9.115247e-02  2.546764e-01 -5.007045e-01 -1.411251e-01
-1.199387e-01  2.849655e-01 -8.003589e-01  3.977212e-01
-2.763556e-01  2.928269e-01 -9.349260e-01  8.976078e-01
-4.296511e-01 -7.544070e-02 -3.668311e-01 -1.711421e+00
-2.360882e-02  1.227683e-01 -2.852122e-01 -1.287835e+00
-2.866665e-02  1.364100e-01 -2.410501e-01 -4.640167e-01
-3.926567e-01  5.505121e-02 -3.742299e-01  9.217072e-02
-9.895598e-02  2.233467e-01 -4.054439e-01  2.710154e-01
-2.742746e-01  8.678172e-03 -5.349243e-01  1.088129e+00
-5.447960e-01 -9.931362e-02  9.970278e-02  1.714259e+00
-3.019844e-02  4.199950e-01  1.988362e-01 -1.707722e+00
-3.561247e-01 -6.457359e-02  2.993369e-02 -8.360415e-01
-3.540438e-01  2.932892e-01  2.398768e-01 -1.510673e-01
-2.765868e-01  3.085494e-01  2.484318e-01  2.304372e-01
-6.184598e-02  1.342134e-01  2.142120e-01  4.626926e-01
-1.432914e-01  4.811476e-02 -7.376618e-02  8.610759e-01
-3.845642e-01 -1.404699e-01  7.450814e-01  1.562582e+00
-2.467601e-01  1.551384e-01  1.421885e-01 -4.499126e-01
-1.577424e-01  8.456001e-02  4.801092e-01 -1.065585e-01
-1.346209e-01 -2.137650e-01  5.027681e-01  7.523424e-02
-3.147373e-01  2.156011e-01  6.169882e-01  5.410745e-01
-3.551998e-01  1.856587e-01  2.796458e-01  6.987630e-01
-8.264159e-01  6.500539e-01  8.847352e-01 -1.168528e+00
-1.364706e-01  7.190099e-02  7.571045e-01 -4.878318e-01
-6.358948e-01  1.638089e-01  1.112713e+00 -1.400846e-01
-2.832920e-01  1.419591e-01  1.261616e+00  2.518246e-01
-5.346226e-01  4.188389e-01  1.493755e+00  7.278962e-01
-4.231770e-01  6.176838e-01 -1.643368e+00 -1.832108e-02
-3.963561e-01  9.464713e-01 -9.002438e-01 -1.173153e+00
-4.717322e-01  6.477417e-01 -8.345789e-01 -6.344221e-01
-3.676855e-01  7.762972e-01 -1.003366e+00 -6.447735e-02
-2.060663e-01  7.591873e-01 -9.663712e-01  4.851205e-01
-4.273389e-01  8.775693e-01 -1.087528e+00  1.031712e+00
-2.978586e-01  5.547933e-01 -1.005293e-01 -1.136158e+00
 2.626134e-02  7.998810e-01 -3.592010e-01 -1.501425e-01
-2.869915e-01  6.847361e-01 -3.813976e-01 -3.743053e-01
-2.569335e-01  4.717872e-01 -9.983565e-02  7.898617e-01
-2.548526e-01  6.227705e-01 -5.048664e-01  1.029863e+00
 1.008715e-01  6.482041e-01  2.835765e-01 -1.112112e+00
-1.895344e-01  7.605746e-01  2.679784e-02 -3.805481e-01
-1.191295e-01  5.640419e-01  1.120529e-02  2.887565e-02
-1.030600e-01  7.665862e-01  3.493372e-02  4.814210e-01
-2.967025e-01  5.853137e-01  2.768712e-01  1.075181e+00
-6.326578e-01  2.842719e-01  4.438083e-01 -1.007603e+00
 3.036541e-02  3.524802e-01  4.477391e-01 -3.636694e-01
-3.956625e-01  4.831167e-01  5.915546e-01  1.483559e-01
-2.168178e-01  6.158341e-01  4.435771e-01  4.985309e-01
-4.865299e-01  5.483193e-01  1.328243e-01  5.267391e-01
-3.824832e-01  5.686662e-01  1.026701e+00 -4.845948e-01
-3.327720e-01  6.491290e-01  1.059996e+00  8.176606e-02
 6.208520e-02  5.182614e-01  1.129361e+00  3.387614e-01
 5.298111e-02  1.370057e+00 -9.381629e-01 -7.167345e-01
-5.350851e-01  1.008437e+00 -6.098379e-01  2.290499e-01
-6.727953e-02  1.378381e+00 -1.057932e+00  4.878950e-01
-4.081481e-01  1.462543e+00 -3.346922e-01 -8.929204e-01
-5.300201e-02  1.230403e+00 -1.448648e-01 -4.258662e-01
-1.120196e-01  1.232253e+00 -1.776973e-01  8.899153e-02
-8.346457e-02  1.107397e+00 -4.983923e-01  6.233869e-01
-2.925406e-01  1.206357e+00 -4.523806e-01  1.244430e+00
-4.939288e-01  1.360808e+00  3.522472e-01 -1.003903e+00
 9.220093e-02  8.784942e-01  7.669691e-02 -3.487205e-03
-6.368196e-01  1.137917e+00  2.219577e-01  5.084107e-02
-1.017305e-01  1.219305e+00  2.986054e-01  3.246573e-01
-7.639878e-01  1.081501e+00  1.262347e-01  1.191713e+00
-7.964953e-02  1.035258e+00  5.342134e-01 -6.885263e-01
-2.576272e-01  1.173987e+00  2.361774e-01 -2.284087e-01
-1.247942e-01  1.370982e+00  7.617288e-01  8.398041e-01
-8.918715e-02 -1.119665e+00 -7.208210e-01 -1.204598e+00
-4.831991e-02 -1.152035e+00 -5.728436e-01 -2.686401e-01
 2.011032e-01 -7.598945e-01 -2.738827e-01  2.080094e-01
 1.992534e-01 -9.541150e-01 -1.177239e+00  9.156426e-01
-3.950484e-02 -1.366603e+00 -3.419954e-02 -1.168528e+00
-2.001703e-01 -1.116890e+00 -2.281021e-01 -6.774280e-01
-8.930275e-02 -1.161284e+00  2.316687e-01  5.161033e-01
-1.837541e-01 -1.155735e+00 -3.800103e-01  1.236106e+00
 8.769225e-02 -9.513406e-01  3.638080e-01 -8.272552e-01
-1.573307e-02 -1.201053e+00  2.285473e-01 -4.258662e-01
 1.550914e-01 -1.324984e+00  2.041541e-01  1.160679e-02
-3.341593e-01 -7.025533e-01  5.661210e-01  9.105558e-01
 5.258719e-03 -1.408221e+00  7.719022e-01 -7.847118e-01
 1.704165e-02 -1.115041e+00  6.715550e-01 -2.498296e-02
-5.849337e-02 -1.455389e+00  9.601112e-01  3.757558e-01
-8.814668e-02 -1.293539e+00  6.789539e-01  1.029863e+00
-1.486094e-01 -8.445192e-01 -1.313193e+00 -9.054059e-01
-1.998235e-01 -5.679862e-01 -1.079204e+00 -2.917616e-01
-7.929563e-03 -3.474072e-01 -1.264176e+00  4.630348e-02
-4.301135e-01 -6.771197e-01 -1.372385e+00  7.935610e-01
-4.058359e-01 -4.750378e-01 -9.266023e-01 -1.393269e+00
 3.101570e-02 -5.319167e-01 -5.992021e-01 -9.863310e-01
-1.335804e-01 -6.086800e-01 -5.469475e-01 -3.955771e-01
 1.120276e-01 -5.832464e-01 -5.945777e-01  3.635014e-01
-3.453372e-02 -7.982763e-01 -6.324969e-01  8.166827e-01
-2.652573e-01 -6.863682e-01 -9.497237e-01  1.331367e+00
-3.489571e-01 -8.269469e-01 -1.708764e-01 -1.558819e+00
-4.852223e-02 -6.373506e-01 -2.018592e-01 -6.140751e-01
-2.401345e-02 -4.935350e-01  2.364754e-02 -1.344199e-01
-1.017305e-01 -3.765402e-01 -1.447492e-01  2.804953e-01
 1.648529e-02 -5.767724e-01 -2.123795e-01  6.409593e-01
-1.540429e-01 -9.457913e-01  2.949059e-01  1.505241e+00
-1.884940e-01 -1.027179e+00  5.115543e-01 -1.368298e+00
-1.899968e-01 -4.759627e-01  7.652349e-02 -7.611279e-01
 1.379815e-01 -4.764251e-01  5.897049e-01 -5.793929e-01
-4.152798e-02 -5.587377e-01  5.203405e-01  4.035015e-01
 1.802431e-02 -4.912229e-01  2.914377e-01  6.909017e-01
-7.712797e-03 -4.260202e-01  4.345598e-01  1.195413e+00
-1.629447e-01 -5.883331e-01  7.621912e-01 -9.442500e-01
-2.110881e-02 -7.631316e-01  1.071094e+00 -2.292180e-01
 8.793778e-03 -7.515708e-01  1.005429e+00  3.089347e-01
 1.757851e-01 -6.553854e-01  7.182603e-01  8.014225e-01
 1.866522e-01 -6.008187e-01  1.663929e+00 -3.347676e-01
 1.583284e-01 -6.355010e-01  1.611212e+00  4.511318e-01
 2.733071e-02 -1.174640e-01 -1.398281e+00 -1.087141e+00
 1.635307e-01 -7.335977e-02 -1.212384e+00 -5.021672e-01
 7.971533e-02  2.183757e-01 -1.243829e+00  5.267391e-01
 5.746090e-02 -1.904123e-01 -1.498165e+00  9.873191e-01
 1.012183e-01  5.106276e-02 -9.067178e-01 -1.558819e+00
 7.393496e-02 -2.349212e-01 -2.699520e-01 -8.508392e-01
 6.954188e-02 -7.116323e-02 -4.660223e-01 -1.651714e-01
 2.660745e-01 -2.212795e-01 -3.494900e-01  2.888190e-01
 2.681047e-02  3.204533e-02 -6.805897e-01  6.146007e-01
-2.239494e-02 -5.645218e-02 -9.524984e-01  1.496917e+00
 1.196577e-01 -5.129570e-01 -4.956178e-01 -1.587490e+00
 2.422376e-02 -9.098990e-02  4.036727e-02 -6.880640e-01
-7.947612e-02 -4.980474e-02  4.400891e-02 -6.025768e-02
 1.085594e-01 -3.982745e-01 -3.265996e-01 -1.328494e-02
 1.212184e-01 -2.900659e-01  1.474577e-02  8.370295e-01
 1.210450e-01 -3.504130e-01 -5.728436e-01  1.116799e+00
 6.584244e-02 -1.411635e-01  1.958304e-01 -1.234193e+00
-1.229374e-02 -6.434238e-02  2.916689e-01 -4.184673e-01
-2.846433e-02 -3.659044e-01  3.288946e-01 -2.880622e-01
 2.211032e-01 -3.561933e-01  3.619583e-01  4.797979e-02
 9.931080e-02 -5.850420e-02  3.645017e-01  8.083588e-01
 6.653608e-02 -1.104119e-01 -1.315699e-01  1.273101e+00
 5.118919e-02 -4.146907e-01  8.898219e-01 -1.497778e+00
-6.057430e-02 -3.512260e-02  8.953710e-01 -9.465622e-01
-1.080530e-02 -6.063679e-01  6.340981e-01 -9.436189e-02
-3.369557e-02  1.757994e-02  9.249665e-01 -9.491567e-03
-4.459157e-02  2.544452e-01  1.057222e+00  7.533298e-01
-2.054882e-01 -6.902448e-02  1.335604e+00  1.179690e+00
 4.899266e-02  3.724766e-02  1.673178e+00 -6.815900e-01
-3.196146e-02  3.920180e-01  1.238494e+00 -1.739576e-01
 3.414506e-01  1.738668e-01  1.183927e+00  2.195701e-01
 1.232993e-01  9.432883e-02  1.638033e+00  6.821156e-01
 9.763449e-02  5.964120e-01 -1.293772e+00 -1.125985e+00
 2.925268e-02  5.214984e-01 -1.174465e+00 -4.207795e-01
 4.806780e-02  5.251978e-01 -1.140245e+00  1.170263e-01
 1.493110e-01  4.389546e-01 -1.267876e+00  1.188014e+00
-2.007483e-01  5.857761e-01 -4.840570e-01 -1.624484e+00
-5.299493e-03  4.290124e-01 -6.940002e-01 -1.074193e+00
-2.168178e-01  4.246193e-01 -7.957348e-01 -2.279463e-01
-1.904593e-01  6.546781e-01 -6.121501e-01  8.147705e-02
 3.054049e-03  2.648499e-01 -3.749236e-01  7.459308e-01
 1.281549e-01  6.819615e-01 -6.570057e-01  1.508940e+00
 4.045722e-01  2.482023e-01  4.658117e-02 -1.236968e+00
-2.200548e-01  4.590703e-01 -1.937667e-01 -6.802025e-01
-1.882556e-02  5.664081e-02 -1.013964e-01  2.228603e-02
 2.725486e-01  4.051972e-01 -1.653273e-01  1.515930e-01
 1.844557e-01  5.423077e-01 -4.015332e-02  6.756415e-01
 7.590029e-02  4.303997e-01 -8.076043e-02  1.233332e+00
 2.381913e-02  2.103987e-01  5.240399e-01 -1.232344e+00
-9.496751e-02  2.579134e-01  1.424197e-01 -9.123424e-01
 4.353020e-02  3.908620e-01  2.826516e-01 -4.421715e-02
 8.353037e-02  3.980296e-01  1.441538e-01  3.006109e-01
 8.215740e-03  3.638098e-01  3.085476e-01  7.926363e-01
-1.660661e-01  9.265253e-02  3.138656e-01  1.244430e+00
-3.209801e-01  5.011515e-01  1.349477e+00 -1.051071e+00
-2.506907e-01  2.073929e-01  4.493575e-01 -7.273704e-01
 2.182131e-01  2.384913e-01  8.255442e-01 -2.489869e-01
 8.185408e-02  1.649650e-01  4.546754e-01  1.409571e-01
 2.473461e-01  2.717862e-01  6.669307e-01  1.057608e+00
-1.242162e-01  4.720183e-01  9.841576e-01  1.401656e+00
 6.220081e-02  8.262396e-01  1.473408e+00 -5.285257e-01
-1.393608e-01  6.139843e-01  1.676877e+00  2.047724e-01
-3.124251e-01  9.760667e-01 -1.331691e+00 -5.826299e-01
 1.212184e-01  7.795342e-01 -1.504640e+00  5.771440e-01
-1.254879e-01  8.993035e-01 -4.593170e-01 -8.785849e-01
-2.345057e-01  1.015836e+00 -6.708786e-01 -4.161553e-01
-9.126807e-02  1.152715e+00 -6.528439e-01  8.604354e-02
-9.785771e-02  6.454296e-01 -4.983923e-01  5.396872e-01
-1.899968e-01  1.089825e+00 -5.648287e-02 -1.395119e+00
-5.271300e-02  9.973384e-01  5.331530e-02 -8.032089e-01
-2.886896e-02  4.373362e-01 -3.007036e-01  5.740178e-02
-3.609802e-01  8.544478e-01 -1.656741e-01  1.681035e-03
-7.126799e-02  9.349107e-01 -3.012437e-02  9.651226e-01
 3.821444e-01  9.483209e-01 -2.821685e-02  1.491368e+00
-2.084941e-01  8.789567e-01  6.609191e-01 -1.426564e+00
 2.402145e-02  5.779148e-01  1.760615e-01 -6.543065e-01
 9.798132e-02  7.702856e-01  3.670450e-01 -3.310681e-01
-7.228692e-03  7.850834e-01  4.556003e-01  1.507837e-01
 1.158427e-01  9.612690e-01  3.587213e-01  7.163354e-01
-1.488406e-01  1.087050e+00  4.072764e-01  1.361887e+00
 1.661897e-01  3.827694e-01  5.536354e-01 -7.088733e-01
-3.783214e-01  1.161039e+00  1.303234e+00 -2.129173e-01
 2.663057e-01  1.075027e+00  1.402194e+00  1.655815e-01
-6.317547e-02  6.759500e-01  6.863528e-01  8.851222e-01
-1.876847e-01  1.674336e+00 -5.229011e-01 -2.933801e-01
 6.480198e-02  1.688209e+00 -4.431320e-01  4.067385e-01
 4.075563e-02  1.647515e+00  2.231137e-01 -6.691042e-01
-5.895579e-02  1.745550e+00  1.261191e-01 -1.625460e-02
 2.311611e-01  1.188784e+00 -6.590486e-02  5.267391e-01
-2.867603e-01  1.550405e+00  4.314185e-02  8.564516e-01
-4.155469e-01  1.556879e+00  6.863528e-01 -3.430913e-01
-5.682442e-03  1.539306e+00  9.097062e-01  1.751769e-01
 2.196003e-01 -1.300013e+00 -1.063481e+00 -5.613582e-01
 2.401785e-01 -1.596892e+00 -7.716884e-01 -2.138468e-02
 1.985598e-01 -1.469262e+00 -6.861387e-01  7.537922e-01
-8.982299e-02 -1.712500e+00 -1.996627e-01 -3.534960e-01
 9.052462e-02 -1.743020e+00 -1.847493e-01  3.473163e-01
 1.091374e-01 -1.481285e+00  4.837308e-02  1.009516e+00
 3.430691e-01 -1.593193e+00  2.354838e-01 -6.903760e-01
 4.674627e-01 -1.562673e+00  7.501681e-01 -1.711830e-01
 3.236471e-01 -1.641286e+00  4.454269e-01  4.601493e-01
 5.983085e-02 -9.291438e-01 -9.432498e-01 -6.574904e-02
-1.194763e-01 -1.227874e+00 -1.254003e+00  3.577211e-01
 3.608727e-01 -6.618595e-01 -1.038510e+00  2.483564e-01
 5.132433e-01 -9.920344e-01 -3.571200e-01 -1.334078e+00
 2.628375e-01 -7.067152e-01 -9.839435e-01 -5.701442e-01
 2.663057e-01 -7.293743e-01 -5.561960e-01 -2.374261e-01
 4.091966e-01 -4.944599e-01 -2.482178e-01  5.794562e-01
 3.079245e-01 -9.268317e-01 -2.604722e-01  7.773761e-01
 3.375199e-01 -9.929591e-01 -6.839044e-02 -7.537289e-01
 2.804098e-01 -7.044030e-01 -1.524949e-01 -2.723396e-01
 1.154958e-01 -6.539981e-01  1.796453e-01 -5.410113e-01
 2.297738e-01 -7.603570e-01  1.255410e-01  4.763343e-01
 2.427218e-01 -9.263692e-01  2.969868e-01  9.077812e-01
 2.857278e-01 -9.231324e-01  9.416141e-01 -1.102863e+00
 3.162482e-01 -1.003133e+00  6.535202e-01 -4.073691e-01
 3.567108e-01 -6.447496e-01  5.221902e-01  2.712466e-01
 2.959013e-01 -1.044751e+00  5.980287e-01  4.395711e-01
 4.868848e-01 -7.561951e-01  7.427692e-01  1.357263e+00
 4.390233e-01 -1.064174e+00  1.275488e+00 -5.262135e-01
 2.808723e-01 -1.139087e+00  1.341153e+00  1.069685e-01
 3.229534e-01 -1.054925e+00  1.142309e+00  8.250064e-01
 3.696588e-01 -1.630133e-01 -1.729380e+00 -1.721079e-01
 2.091956e-01 -8.944616e-01 -1.524061e+00 -1.974259e-01
 1.757851e-01 -5.943447e-01 -1.619322e+00  4.467387e-01
 3.446876e-01 -6.077552e-01 -1.044059e+00 -1.262864e+00
 4.029538e-01 -2.539964e-01 -8.845211e-01 -8.022841e-01
 4.128960e-01 -2.354992e-01 -7.370061e-01  8.725742e-02
 1.968257e-01 -4.607025e-01 -9.561977e-01  7.232718e-01
 4.970582e-01 -4.338816e-01 -1.051458e+00  1.298072e+00
 3.661906e-01 -3.291412e-01 -1.147490e-01 -1.201823e+00
 4.836478e-01 -9.619223e-02 -4.218602e-01 -5.886416e-01
 3.675779e-01 -2.445166e-01 -2.341137e-01 -8.915955e-02
 4.260752e-01 -2.422044e-01 -6.380462e-01  5.147160e-01
 2.029529e-01 -1.616260e-01 -3.645189e-01  7.824627e-01
 2.672306e-01 -6.692584e-01  1.909748e-01 -1.643906e+00
 4.777878e-02 -7.626691e-01 -9.289921e-02 -1.078817e+00
 2.206408e-01 -2.960775e-01  4.822857e-02 -3.386982e-01
 2.251495e-01 -4.833615e-01  3.354643e-02  1.178934e-01
 3.763422e-02 -1.357300e-01  3.679699e-01  3.695130e-01
 1.367098e-01 -6.244026e-01 -1.390844e-01  1.126973e+00
 1.561318e-01 -3.111065e-01  2.292409e-01  1.733681e+00
 2.162477e-01 -5.342289e-01  3.934035e-01 -1.107488e+00
 4.348614e-01 -5.240554e-01  5.901673e-01 -2.145358e-01
 2.063055e-01 -3.626674e-01  7.742144e-01  1.445409e-01
 2.903521e-01 -2.741121e-01  6.687804e-01  5.373750e-01
 4.519713e-01 -4.648643e-01  2.643856e-01  1.067782e+00
 3.578668e-01 -4.133034e-01  1.385547e+00 -1.021476e+00
 4.431851e-01 -5.818591e-01  9.508628e-01 -5.613582e-01
 3.916242e-01 -4.533036e-01  1.164505e+00 -7.372595e-02
 9.191192e-02 -1.990829e-01  1.188552e+00  3.988773e-01
 3.842253e-01 -4.160781e-01  1.319882e+00  1.034487e+00
 5.673475e-01  2.900523e-01 -1.519437e+00 -6.598557e-01
-1.273376e-01  1.325949e-01 -1.297471e+00 -9.395725e-02
 5.456133e-01  1.280862e-01 -1.654467e+00  4.865077e-01
 3.012192e-01  2.278554e-01 -9.414001e-01 -8.059835e-01
 9.457088e-02  3.224764e-02 -5.996644e-01 -6.464452e-01
 1.308138e-01  1.456586e-01 -8.114572e-01  7.667934e-02
 5.728749e-02 -1.828978e-01 -8.600125e-01  2.747149e-01
 1.722013e-01  5.372210e-01 -8.410529e-01  7.635031e-01
 3.282714e-01  6.756198e-03 -1.798938e-01 -1.759514e+00
 3.631848e-01 -5.344638e-02 -5.372365e-01 -1.126910e+00
 1.982130e-01  3.876249e-01 -2.077552e-01 -2.408943e-01
 2.139356e-01  9.710342e-02 -4.119180e-01  2.513622e-01
 2.504746e-02 -6.174121e-02 -1.765412e-01  4.703226e-01
 1.649180e-01  2.130577e-01 -5.548088e-01  1.149170e+00
-8.028537e-02  1.284330e-01 -3.383916e-01  1.746629e+00
 4.730119e-01 -2.713123e-02  5.175659e-01 -1.622635e+00
 1.527792e-01  1.839246e-01 -2.256744e-01 -8.392783e-01
 2.214501e-01  1.599939e-01  1.701655e-01 -4.367333e-01
 9.711426e-02 -5.035761e-03  4.597423e-02  3.196815e-02
 3.897745e-01  2.350231e-01 -3.265996e-01  6.506703e-01
 2.748607e-01  1.519013e-01 -1.201736e-02  8.740239e-01
 5.214296e-02  4.183765e-01  3.772185e-01  1.703160e+00
-5.508295e-02 -2.198922e-01  4.199932e-01 -8.110703e-01
 2.254963e-01 -1.130746e-02  6.382601e-01 -5.534968e-01
 1.935886e-01 -4.859086e-02  4.625368e-01 -1.474835e-01
 2.602942e-01  6.964665e-02  4.166785e-02  4.818835e-01
-1.609434e-02 -1.570017e-01  8.019601e-01  1.000267e+00
 5.617984e-01  3.705150e-01  1.433639e+00 -8.041338e-01
 8.405060e-02  2.865840e-01  1.097915e+00 -6.922258e-01
 2.365946e-01 -2.820060e-02  1.290286e+00 -2.531488e-01
-2.592097e-02  3.830006e-01  7.238097e-01  2.952930e-01
 4.868848e-01  2.886650e-01  1.243118e+00  1.162118e+00
 3.030689e-01  5.284348e-01 -1.677588e+00 -4.667381e-02
 3.021441e-01  9.908646e-01 -7.277575e-01 -1.263789e+00
 1.941667e-01  7.642741e-01 -8.456770e-01 -6.977749e-01
 1.679238e-01  8.794190e-01 -8.789721e-01 -1.761542e-01
 2.924331e-01  8.854305e-01 -8.993188e-01  3.551776e-01
 1.759007e-01  1.073177e+00 -9.363133e-01  1.012290e+00
 1.922014e-01  5.876258e-01 -2.576976e-01 -1.097314e+00
-7.173043e-02  4.502842e-01 -6.052136e-01 -5.895663e-01
 4.221446e-01  7.277421e-01 -3.911086e-01  3.488724e-02
 3.065372e-01  5.159492e-01 -4.496060e-01  4.573746e-01
 2.224905e-01  7.342161e-01 -3.955017e-01  9.378392e-01
 6.431860e-01  4.294748e-01  3.039233e-01 -9.437876e-01
-5.571878e-02  3.767578e-01  2.967358e-02 -3.077154e-01
 3.148609e-01  4.301684e-01  7.132117e-02 -1.464430e-01
 2.963637e-01  7.619619e-01  5.811301e-02  3.396862e-01
 3.069996e-01  6.005738e-01  2.983742e-01  1.129748e+00
 2.797162e-01  5.375063e-02  3.173338e-01 -8.499144e-01
 4.085029e-01  4.412668e-01  5.448493e-01 -2.017034e-01
 2.298098e-02  5.446199e-01  7.279715e-01 -7.453520e-02
 2.189067e-01  5.575679e-01  4.516697e-01  4.414208e-01
 3.759016e-01  3.062913e-02  2.851949e-01  1.233332e+00
 6.786557e-02  7.305166e-01  8.699374e-01 -5.215892e-01
 4.547458e-01  5.705159e-01  1.119187e+00 -9.944861e-02
 3.595792e-02  8.142165e-01  1.344853e+00  8.874344e-01
 3.749768e-01  1.477341e+00 -9.353885e-01 -8.083581e-02
 1.047370e-02  1.106472e+00 -1.376084e+00 -2.282977e-02
 6.242264e-01  1.365433e+00 -8.202434e-01  5.813059e-01
 2.769417e-01  1.396878e+00 -2.944608e-01 -9.789323e-01
 2.512768e-01  1.133293e+00 -4.646349e-01 -4.210107e-01
 4.013353e-01  1.170287e+00 -4.556176e-01  1.259281e-01
 4.928963e-01  9.312111e-01 -4.526117e-01  5.845428e-01
 3.340517e-01  1.414450e+00 -3.157326e-01  1.005816e+00
 2.984446e-01  1.281270e+00  4.313228e-01 -1.161130e+00
 2.845717e-01  8.174534e-01 -6.255227e-02 -3.382358e-01
 3.638785e-01  1.250750e+00  2.746259e-02  6.805471e-03
 8.150726e-02  8.262396e-01 -3.039406e-01  2.957554e-01
 4.670003e-01  1.320114e+00  3.432298e-01  1.010441e+00
 4.085029e-01  7.966442e-01  5.485487e-01 -8.064460e-01
 9.613159e-02  1.221155e+00  4.828837e-01 -1.617032e-01
 3.754392e-01  1.132368e+00  5.050803e-01  2.918248e-01
 7.190246e-01 -1.054000e+00 -8.572378e-01 -9.340764e-01
 5.465383e-01 -9.772367e-01 -7.138846e-01 -7.482422e-02
 4.221446e-01 -9.171208e-01 -6.976995e-01  5.147160e-01
 9.044589e-01 -1.028104e+00 -8.096076e-01  8.675499e-01
 3.169418e-01 -1.505331e+00 -4.685656e-01 -7.805499e-01
 3.174042e-01 -1.154810e+00 -3.696056e-01  1.828070e-01
 3.229534e-01 -9.023229e-01  9.999181e-02  4.451156e-02
 4.145145e-01 -1.217700e+00  2.267389e-03  4.534440e-01
 7.652674e-01 -1.253770e+00  6.919019e-01 -7.384687e-01
 5.742840e-01 -1.074347e+00  1.957148e-01 -4.256351e-01
 6.515098e-01 -1.112266e+00  4.271609e-01  1.099263e-02
 6.834174e-01 -1.256544e+00  5.175659e-01  9.521746e-01
 1.003419e+00 -1.067873e+00  9.878570e-01 -1.867900e-01
 7.550941e-01 -1.262093e+00  9.115561e-01  3.951778e-01
 5.765962e-01 -4.856737e-01 -1.474119e+00 -7.370815e-01
 3.913930e-01 -4.509915e-01 -1.086603e+00 -1.879461e-01
 7.930132e-01 -5.111074e-01 -1.504640e+00  9.211293e-02
 7.532443e-01 -5.971193e-01 -1.312269e+00  7.302083e-01
 1.902361e-01 -9.037103e-01 -5.538840e-01 -7.208964e-01
 5.035322e-01 -3.705287e-01 -5.187392e-01 -2.341891e-01
 5.160179e-01 -6.170037e-01 -5.016294e-01  1.543676e-01
 5.483879e-01 -5.592000e-01 -5.552712e-01  9.031571e-01
 8.827247e-01 -4.611649e-01  1.166971e-01 -1.475582e+00
 3.636472e-01 -5.018588e-01 -2.479866e-01 -6.177745e-01
 6.038795e-01 -6.405877e-01 -1.583908e-01 -1.433216e-01
 5.816829e-01 -6.516860e-01 -6.492221e-02  3.017670e-01
 5.802956e-01 -1.735336e-01 -6.041352e-02  6.788785e-01
 3.789074e-01 -9.726123e-01 -6.130748e-01  1.308246e+00
 5.507001e-01 -1.121515e+00  3.214957e-01 -1.237893e+00
 3.109302e-01 -3.642859e-01  1.142115e-01 -7.680643e-01
 2.505831e-01 -7.400101e-01  3.127095e-01 -2.275995e-01
 6.441109e-01 -6.077552e-01  2.764088e-01  4.280635e-02
 4.531274e-01 -4.422054e-01  2.539809e-01  5.466236e-01
 4.859599e-01 -9.198952e-01  6.270841e-02  1.463622e+00
 5.631857e-01 -6.983914e-01  4.870455e-01 -7.823996e-01
 4.628384e-01 -8.422070e-01  8.500529e-01 -4.170012e-03
 4.841101e-01 -5.730729e-01  1.041499e+00  4.754094e-01
 5.187924e-01 -2.317997e-01  7.039251e-01  9.743711e-01
 7.907012e-01 -2.426669e-01  1.526125e+00 -4.536121e-01
 5.382144e-01 -1.361924e-01  1.649132e+00  1.949458e-01
 7.097759e-01 -9.971827e-02 -1.118048e+00 -3.969643e-01
 1.963632e-01 -3.654420e-01 -6.103004e-01 -4.993925e-01
 3.527801e-01  4.886621e-02 -1.201285e+00  9.981062e-03
 4.434164e-01 -1.963083e-01 -1.152268e+00  4.291664e-01
 8.022619e-01 -3.030140e-01 -5.876413e-01 -1.485755e+00
 5.650354e-01 -5.360785e-01 -4.974675e-01 -9.447125e-01
 4.989080e-01 -2.337399e-02 -7.351564e-01 -2.919928e-01
 3.183291e-01  1.132885e-01 -3.929584e-01 -1.102001e-01
 3.009880e-01  2.487767e-02 -9.390879e-01  8.767985e-01
 5.132433e-01 -3.344591e-01 -4.255596e-01  1.614374e+00
 6.704693e-01 -1.535335e-01  3.131719e-01 -1.070493e+00
 5.030698e-01 -4.486626e-03 -5.506668e-02 -7.671394e-01
 3.224910e-01 -2.235893e-03 -1.118588e-01 -3.678313e-01
 1.713921e-01 -3.044012e-01  5.288177e-02  4.092819e-01
 6.760186e-01  4.944425e-02 -3.580449e-01  5.244270e-01
 5.719718e-01 -2.082158e-01 -1.493735e-01  1.120499e+00
 1.073708e+00  1.717858e-01  5.457740e-01 -1.303558e+00
 4.239943e-01 -2.838231e-01  4.012648e-01 -5.345373e-01
 4.547458e-01 -2.426669e-01  1.818419e-01 -1.491020e-01
 3.671155e-01 -7.428462e-02  3.298194e-01  2.615356e-01
 5.113935e-01 -6.873547e-02  3.596461e-01  6.830404e-01
 3.150921e-01 -1.062501e-01  8.472785e-01  1.545009e+00
 3.553235e-01 -2.394298e-01  7.464686e-01 -1.000204e+00
 4.621448e-01 -1.457878e-01  7.339830e-01 -2.291024e-01
 3.483870e-01  1.570572e-03  7.483183e-01  1.446565e-01
 2.076928e-01  2.090114e-01  6.169882e-01  5.789937e-01
 4.878096e-01  4.368737e-01  1.681502e+00 -1.588130e-01
 1.113477e+00  1.393001e-01  1.407743e+00  9.644820e-02
 8.105856e-01  7.013835e-01 -1.030187e+00 -9.678339e-01
 1.620278e-01  2.094739e-01 -8.479892e-01 -3.109525e-01
 5.322029e-01  4.951399e-01 -1.123597e+00 -1.509517e-01
 7.046891e-01  7.550254e-01 -1.221632e+00  8.263936e-01
 5.645730e-01  4.234633e-01 -6.274102e-01 -1.476507e+00
 3.624912e-01  2.879713e-01 -4.334209e-01 -5.317627e-01
 2.355542e-01  5.473943e-01 -5.959650e-01 -2.959235e-01
 1.910453e-01  5.293596e-01 -6.963124e-01  1.465062e-01
 4.048035e-01  1.858899e-01 -7.402431e-01  4.132126e-01
 6.459606e-01  2.514394e-01 -8.035960e-01  1.449749e+00
 4.464221e-01  8.433495e-01 -6.411296e-02 -1.525524e+00
 3.342829e-01  3.975672e-01  1.119806e-02 -6.885263e-01
 5.650354e-01  1.523638e-01 -1.270612e-01 -1.052868e-01
 4.101214e-01  2.495897e-01  2.246166e-01  1.703214e-01
 5.728967e-01  3.670468e-01 -2.891428e-01  1.075181e+00
 5.303531e-01  2.833470e-01 -1.086218e-01  1.653218e+00
 4.854975e-01  6.223081e-01  6.058900e-01 -1.488530e+00
 5.567117e-01  2.211502e-01  4.562940e-01 -5.197394e-01
 4.168267e-01  9.802829e-02  2.408017e-01 -1.576570e-01
 6.769434e-01  5.108624e-01  3.106286e-01  2.578362e-01
 4.542835e-01  3.501681e-01  2.613798e-01  6.423466e-01
 7.356720e-01  4.054284e-01  5.559475e-01  1.484894e+00
 5.021449e-01  2.507457e-01  7.372200e-01 -9.928051e-01
 5.141682e-01  4.817294e-01  8.916716e-01 -5.539593e-01
 4.112775e-01  3.499369e-01  6.891274e-01  1.861596e-01
 4.098902e-01  5.510939e-01  9.166427e-01  6.710172e-01
 6.769434e-01  9.954888e-01  1.249592e+00 -4.455195e-01
 5.779834e-01  5.376834e-01  1.497455e+00  5.184154e-01
 4.776361e-01  9.566447e-01 -1.353887e+00 -5.363869e-01
 7.356720e-01  9.816160e-01 -1.310419e+00  1.563329e-01
 5.261913e-01  3.721335e-01 -5.298375e-01 -9.239030e-01
 5.261913e-01  8.230027e-01 -4.496060e-01 -7.093357e-01
 6.348624e-01  8.743324e-01 -7.610525e-01 -2.322238e-01
 6.237640e-01  4.498217e-01 -7.198963e-01  7.621159e-01
 1.334728e-01  6.426550e-01 -2.773509e-01 -5.886416e-01
 4.609887e-01  6.204583e-01  2.392988e-01 -4.621670e-01
 5.580990e-01  7.272796e-01 -1.759542e-02 -3.074889e-02
 5.571741e-01  5.247354e-01 -8.226333e-02  4.562185e-01
 8.841119e-01  6.495914e-01  5.147913e-01 -5.530344e-01
 7.134753e-01  1.010286e+00  3.566403e-01 -1.238996e-01
 3.911618e-01  7.009211e-01  3.839237e-01  4.861563e-02
 5.335903e-01  7.420774e-01  4.944444e-01  7.047746e-01
 1.852649e-01  1.406126e+00  9.499378e-01 -5.664449e-01
 3.988856e-02  9.557199e-01  9.249665e-01 -1.001422e-01
 4.526649e-01  7.744474e-01  8.468159e-01  2.003793e-01
 5.479255e-01  1.188784e+00  1.005429e+00  6.904393e-01
 4.804108e-01  1.673411e+00 -2.967730e-01 -3.081779e-01
 7.148627e-01  1.579075e+00 -1.734198e-01  3.519407e-01
 5.349774e-01  1.668787e+00  4.165249e-01 -1.844779e-01
 2.894273e-01  1.675261e+00  3.453108e-01  5.096292e-01
 6.020298e-01 -1.682904e+00 -1.437286e-02 -1.362696e-01
 7.962503e-01 -9.772367e-01 -1.192037e+00 -3.447098e-01
 9.664244e-01 -6.914549e-01 -4.789703e-01 -9.823472e-02
 5.636482e-01 -1.198278e+00 -1.190187e+00  2.962179e-01
 1.150472e+00 -7.538829e-01 -3.411662e-01 -1.086216e+00
 6.556717e-01 -8.930744e-01 -4.151550e-01 -5.262135e-01
 7.601808e-01 -1.083595e+00 -1.378127e-01 -1.074157e-02
 8.212214e-01 -9.000107e-01 -3.548079e-01  4.358716e-01
 1.009893e+00 -6.854434e-01 -2.810503e-01  1.261078e+00
 9.169444e-01 -1.320359e+00 -1.242866e-01 -7.939603e-01
 3.222598e-01 -1.206602e+00 -2.465993e-01 -2.873685e-01
 1.105153e+00 -7.746923e-01  2.191831e-01  7.166743e-03
 7.490825e-01 -9.166583e-01  2.516688e-01  4.589932e-01
 7.204118e-01 -1.308336e+00 -1.823216e-01  9.521746e-01
 8.711639e-01 -7.367731e-01  5.180283e-01 -3.754614e-01
 8.665395e-01 -6.576976e-01  7.076245e-01  2.106684e-01
 6.690821e-01 -6.563103e-01  5.730575e-01  7.020001e-01
 8.364816e-01 -7.122643e-01  1.444738e+00  1.318241e-01
 1.044113e+00 -4.387371e-01 -9.700707e-01 -9.595103e-01
 7.199493e-01 -5.379283e-01 -7.749253e-01 -4.836700e-01
 8.119730e-01 -4.953847e-01 -8.812842e-01  3.017624e-02
 6.676948e-01  1.822560e-03 -5.705314e-01  1.043673e-01
 1.131974e+00 -3.256730e-01 -8.156191e-01  1.080730e+00
 9.719735e-01 -4.262514e-01 -3.739987e-01 -6.173121e-01
 6.575213e-01 -2.620889e-01 -1.304138e-01 -4.781208e-01
 4.138208e-01  9.294155e-02 -1.122634e-01  2.317089e-01
 6.926660e-01 -3.145747e-01 -3.282182e-01  3.043104e-01
 9.553261e-01 -3.631298e-01 -2.990851e-01  7.246590e-01
 6.533595e-01 -6.627843e-01  1.776601e-02 -9.211284e-01
 6.612208e-01 -5.223250e-02  2.528248e-01 -5.178897e-01
 4.928963e-01 -2.220887e-01 -1.891045e-02  1.469687e-01
 7.652674e-01 -2.551525e-01  1.438070e-01  3.542528e-01
 6.769434e-01 -7.122643e-01 -1.821681e-02  8.435035e-01
 7.796029e-01 -5.471769e-01  7.520179e-01 -1.324830e+00
 8.776379e-01 -4.311070e-01  9.425388e-01 -2.331486e-01
 7.749786e-01 -2.463663e-01  4.875080e-01 -1.711830e-01
 6.362496e-01 -2.889098e-01  5.323637e-01  2.400327e-01
 1.018216e+00 -1.502965e-01  8.851976e-01  1.200962e+00
 9.950951e-01 -6.983914e-01  1.084967e+00 -7.625151e-01
 7.019147e-01 -2.055569e-01  1.012828e+00  2.170267e-01
 9.839968e-01 -7.321487e-01  1.054447e+00  8.014225e-01
 9.747481e-01  2.328266e-01 -1.505564e+00 -8.326357e-02
 6.667699e-01  5.979111e-02 -1.138395e+00 -1.195349e+00
 6.108159e-01  4.033475e-01 -8.785096e-01 -5.174274e-01
 8.202967e-01 -1.609072e-02 -1.027412e+00  1.254657e-01
 5.687348e-01  4.038100e-01 -1.109724e+00  3.787616e-01
 7.842271e-01  8.929992e-02 -1.271575e+00  9.392266e-01
 7.999497e-01 -9.393788e-02 -2.283333e-01 -1.027950e+00
 7.611056e-01  1.793003e-01 -4.128428e-01 -3.181201e-01
 5.100062e-01  3.450814e-01 -6.574683e-01 -1.826328e-02
 6.755561e-01  3.984921e-01 -4.003572e-01  2.231540e-01
 6.445733e-01 -5.925566e-02 -5.696065e-01  9.826950e-01
 9.187942e-01  2.752545e-01 -4.700306e-02 -1.511651e+00
 6.737065e-01  3.175668e-01 -5.029786e-02 -4.993925e-01
 7.934757e-01  4.273901e-02  2.583740e-01  1.011881e-01
 7.500073e-01  1.919015e-01  4.412451e-02  4.971437e-01
 8.304701e-01 -2.646323e-01  2.935187e-01  1.545009e+00
 2.554387e-01  2.130577e-01  1.146933e+00 -1.361824e+00
 9.187942e-01  1.184908e-01  7.427692e-01 -5.692195e-01
 6.787931e-01  1.668147e-01  5.739823e-01 -1.027434e-01
 6.510473e-01  1.373348e-01  5.508608e-01  4.111317e-01
 7.833022e-01  2.861216e-01  6.294739e-01  8.439659e-01
 4.864223e-01 -9.104770e-02  1.019302e+00 -6.168497e-01
 6.935909e-01  1.288955e-01  1.073869e+00 -1.973103e-01
 4.309308e-01 -9.407285e-04  1.012828e+00  6.654682e-01
 9.886209e-01  5.584927e-01 -5.598955e-01 -6.071387e-01
 7.624929e-01  7.157188e-01 -7.527287e-01  2.485876e-01
 8.748633e-01  5.945622e-01 -3.201256e-01  6.696300e-01
 9.719735e-01  9.127139e-01 -3.996636e-01 -1.135234e+00
 6.191397e-01  5.446199e-01 -3.289118e-01 -3.174265e-01
 1.031165e+00  6.870482e-01 -4.012821e-01 -8.650058e-02
 8.156723e-01  4.132898e-01 -6.139618e-02  5.263298e-02
 1.001569e+00  6.574526e-01 -8.492231e-02  1.317494e+00
 4.510465e-01  8.798814e-01 -3.812840e-03 -9.017066e-01
 8.508171e-01  7.869330e-01  2.178337e-02 -5.669073e-01
 7.523194e-01  4.410355e-01  2.493566e-01 -2.007785e-01
 9.895459e-01  5.964120e-01  1.878535e-01  6.344852e-01
 5.409890e-01  8.151413e-01 -7.761557e-03  8.661627e-01
 2.591381e-01  8.891301e-01  1.069245e+00 -1.061245e+00
 8.637651e-01  5.603424e-01  7.571045e-01 -1.149978e-01
 4.716246e-01  9.062399e-01  6.854279e-01 -3.125710e-01
 8.660773e-01  7.688984e-01  6.424220e-01  3.713627e-01
 3.814508e-01  8.951416e-01  8.227696e-01  1.265702e+00
 9.372913e-01  6.958344e-01  9.240417e-01 -1.004828e+00
 1.016367e+00  8.271645e-01  1.228320e+00  2.142522e-01
 1.001569e+00  6.125970e-01  1.043349e+00  8.915963e-01
 7.657299e-01  1.286820e+00 -7.564282e-01 -6.566187e-01
 1.019141e+00  1.309941e+00 -6.533063e-01  1.803746e-02
 7.273483e-01  8.946791e-01 -6.315722e-01  1.191713e+00
 3.883872e-01  1.161039e+00  1.992986e-01 -5.155776e-01
 1.059835e+00  1.395028e+00  1.051941e-01 -1.504893e-01
 6.834174e-01  1.008437e+00  1.440382e-01  4.055825e-01
 8.045740e-01  1.272022e+00  6.595318e-01 -6.811275e-01
 6.561341e-01  1.333987e+00  9.254289e-01  2.569645e-02
 9.775228e-01  1.358034e+00  4.898201e-01  4.592243e-01
 8.461928e-01 -1.423944e+00 -6.126125e-01 -3.040160e-01
 7.957879e-01 -1.472961e+00 -5.145774e-01  3.681257e-01
 1.159720e+00 -1.325909e+00  3.076228e-01 -2.959235e-01
 9.608752e-01 -1.472036e+00  2.010327e-01  3.688193e-01
 1.279952e+00 -9.138837e-01 -6.574683e-01 -5.141903e-01
 8.017994e-01 -2.334182e-01 -3.192008e-01 -1.317609e-01
 1.078332e+00 -5.758476e-01 -1.886800e-01  2.189921e-01
 8.031868e-01 -5.083328e-01 -7.568907e-01  5.017679e-01
 1.006193e+00 -8.153862e-01 -4.185853e-02 -4.464443e-01
 6.029546e-01 -5.804718e-01  1.454255e-01 -4.279472e-01
 8.628402e-01 -3.672917e-01  7.536743e-02 -9.407287e-02
 1.279027e+00 -1.004982e+00 -5.367938e-02  7.043122e-01
 1.168044e+00 -8.630165e-01  3.638080e-01 -9.419379e-01
 1.178217e+00 -2.711063e-01  3.998775e-01 -3.708371e-01
 1.035789e+00 -5.134196e-01  2.033449e-01  5.517104e-01
 1.097754e+00 -7.441720e-01  4.128256e-01  1.123273e+00
 1.483421e+00 -7.386227e-01  6.364103e-01 -2.982356e-01
 1.330819e+00 -1.003133e+00  5.823061e-01  3.831547e-01
 1.233709e+00 -4.352688e-01 -1.193887e+00 -3.151143e-01
 1.270703e+00 -2.692566e-01 -1.186488e+00  4.453514e-01
 8.193718e-01 -8.955695e-04 -6.676416e-01 -7.426305e-01
 1.043188e+00 -1.537647e-01 -6.875262e-01 -3.035536e-01
 1.132899e+00 -2.048632e-01 -5.922656e-01  2.280095e-01
 8.660773e-01  4.469338e-03 -7.948098e-01  5.928666e-01
 1.381686e+00 -1.927245e-01 -6.382394e-02 -1.129684e+00
 8.859616e-01  3.276787e-02  5.221703e-02 -2.871373e-01
 8.836495e-01  2.997884e-02 -1.679863e-01  1.574889e-01
 1.126425e+00  2.399616e-02 -2.553855e-01  1.363737e+00
 8.096608e-01 -3.062510e-01  6.368728e-01 -7.097981e-01
 1.068159e+00  6.315444e-03  7.645034e-01  2.802305e-02
 1.185616e+00 -3.240545e-01  4.384904e-01  1.666219e-01
 9.275804e-01 -2.037071e-01  2.440387e-01  9.503249e-01
 9.359041e-01 -2.707343e-02  1.120112e+00 -1.043672e+00
 1.363189e+00 -1.516838e-01  1.065545e+00 -4.212420e-01
 9.160196e-01 -2.171176e-01  7.210350e-01  5.822306e-01
 8.887362e-01 -1.044004e-01  1.364275e+00  6.992254e-01
 1.191165e+00  1.928264e-01 -1.132846e+00 -6.695667e-01
 1.193940e+00  4.565270e-01 -1.170765e+00  4.127502e-01
 1.195789e+00  2.239248e-01 -6.283351e-01 -1.162054e+00
 9.673492e-01  3.460062e-01 -8.063706e-01 -1.273678e-01
 1.079257e+00  3.270466e-01 -5.779303e-01  3.593395e-01
 1.193940e+00  3.899371e-01 -7.536536e-01  9.984174e-01
 1.108853e+00  6.508016e-02 -2.417438e-01 -6.150000e-01
 1.179142e+00  4.771051e-01 -3.463307e-02 -3.710683e-01
 1.242033e+00  4.442725e-01 -9.399749e-02  2.851195e-01
 1.064460e+00  1.199937e-01 -2.182755e-01  7.843126e-01
 7.930132e-01  4.190702e-01 -1.541134e-01 -9.234406e-01
 1.166194e+00  2.761793e-01  4.271609e-01 -3.019351e-01
 1.106078e+00  6.664085e-02  3.064667e-01  5.641959e-01
 7.426085e-01  2.752545e-01  1.377954e-01  1.008591e+00
 1.020066e+00  1.729419e-01  2.565243e-01 -7.629775e-01
 1.104228e+00  4.858913e-01  1.209823e+00 -4.519935e-01
 8.017994e-01  3.171044e-01  9.443885e-01  3.609581e-01
 1.385386e+00  1.756009e-01  9.050821e-01  5.780688e-01
 1.178217e+00  8.105169e-01 -1.065331e+00 -2.952298e-01
 1.179142e+00  9.612690e-01 -7.185088e-01  5.900920e-01
 8.332447e-01  1.389479e+00 -1.437286e-02 -7.921106e-01
 7.231864e-01  1.064853e+00 -2.284490e-01 -2.753454e-01
 8.392563e-01  9.215001e-01 -2.368883e-01  2.636166e-01
 9.895459e-01  1.210981e+00 -1.459052e-01  8.509025e-01
 9.516267e-01  8.835808e-01  3.020736e-01 -1.171303e+00
 1.357640e+00  9.640436e-01  2.974493e-01 -6.043641e-01
 1.084806e+00  7.656613e-01  2.187207e-01 -8.906304e-03
 9.867712e-01  9.196504e-01  4.757161e-01  1.057608e+00
 1.360415e+00 -1.142787e+00 -2.496051e-01  3.211266e-02
 1.673017e+00 -5.846338e-01  7.392233e-02  2.378361e-01
 1.144922e+00 -9.624389e-01 -9.312267e-01  1.987608e-01
 1.529664e+00 -2.470599e-01 -5.848667e-01 -6.755782e-01
 1.266079e+00 -3.358465e-01 -1.300670e-01 -2.144202e-01
 1.423305e+00 -6.563103e-01 -5.663695e-01  6.076643e-01
 1.598104e+00 -6.933046e-01 -1.693067e-02 -5.192770e-01
 1.267929e+00  6.918422e-02  1.280844e-01 -1.590778e-02
 1.504693e+00 -2.944590e-01 -6.249445e-02  9.355270e-01
 1.399259e+00 -2.979272e-01  5.943293e-01 -9.114175e-01
 1.340068e+00 -4.502978e-01  1.064620e+00  2.149458e-01
 1.497294e+00 -3.876386e-01  5.883176e-01  7.066244e-01
 1.501918e+00  1.131151e-01 -9.487990e-01 -5.944843e-02
 1.574057e+00  4.213824e-01 -5.326121e-01 -5.405488e-01
 1.212437e+00  1.618436e-01 -3.668311e-01 -1.174256e-01
 1.583306e+00  5.002228e-02 -5.825546e-01  5.845428e-01
 1.004344e+00 -3.575807e-01  1.300497e-01 -7.130351e-01
 1.114402e+00  3.469311e-01  4.632304e-01  2.499749e-01
 1.272553e+00 -1.432445e-01 -1.113964e-01  3.667384e-01
 1.471398e+00  3.924804e-01  6.692429e-01 -7.208964e-01
 1.512092e+00  4.435789e-01  8.338679e-01 -2.245405e-02
 1.334519e+00  2.560637e-01  3.892417e-01  1.097378e+00
 1.340993e+00  1.042657e+00 -3.677559e-01 -4.771959e-01
 1.561109e+00  6.569903e-01 -5.709938e-01  1.365640e-01
 1.485271e+00  6.075103e-01 -1.645180e-01  8.115959e-01
 1.401109e+00  4.979144e-01 -2.071682e-02 -9.724583e-01
 1.390935e+00  1.075027e+00 -6.203202e-02  2.883565e-01
 1.450126e+00  7.915574e-01  5.277393e-01  5.248894e-01
 1.241108e+00  1.060229e+00  7.381449e-01 -1.390442e-01
 1.644346e+00  9.805345e-03  1.135757e-01 -5.488725e-01
 1.570358e+00 -5.272923e-01 -6.158495e-01 -3.002634e-02
 1.709087e+00 -1.298340e-01  5.420747e-01 -5.285880e-02
 1.696139e+00  1.795315e-01  2.231137e-01  4.823458e-01
 1.687815e+00  5.968744e-01  1.383735e-01 -1.266742e-01
 1.774752e+00  1.444409e-02 -2.588537e-01 -7.273349e-03
