-6.022325e-01  2.508541e-01  1.235844e+00 -2.353602e-01
 5.158098e-01 -1.046148e+00 -8.019193e-01  7.600700e-03
 8.701357e-01 -6.879710e-02  1.111892e+00  8.231279e-02
 1.334028e-01  1.216147e+00 -6.575869e-01  3.486456e-01
-1.144935e+00  7.895564e-01 -1.880387e-01 -1.083144e-01
-2.967674e-01 -4.127050e-02 -9.785520e-01  9.674919e-01
-7.678295e-03  7.604725e-01  5.910613e-01  1.028460e+00
 1.263303e-01  2.962540e-01 -1.165042e+00 -7.261561e-01
 9.488882e-01 -3.504375e-01  4.141681e-02 -9.914492e-01
-9.538378e-01 -7.283269e-01 -6.853815e-01 -3.096075e-01
-5.233127e-01 -3.275953e-02  1.624766e-01 -1.305657e+00
-1.039413e+00 -4.441590e-01  3.874821e-01  7.591773e-01
-1.333319e-01 -1.199297e+00  6.481453e-01 -3.438941e-01
 1.263990e+00  2.672390e-01 -3.852322e-01  4.107943e-01
 4.146905e-01  1.097789e+00  4.065492e-01 -6.649970e-01
 4.315708e-01 -7.639651e-01  2.697550e-01  1.077885e+00
