-7.189040e-01  1.137480e+00  1.742619e-01  5.858853e-01
-1.425229e+00 -2.036328e-01 -1.460958e-01  1.796839e-01
-2.892346e-02 -9.984419e-02 -3.909866e-01  7.649050e-02
 3.001219e-01  1.244876e+00 -7.458522e-01 -6.296110e-02
 3.358243e-01 -6.679356e-01 -2.843235e-01 -1.227389e+00
-3.573187e-01 -1.299473e+00  4.503712e-02  6.066124e-01
 7.398070e-01 -1.112968e+00 -6.088012e-01  7.749472e-02
 2.989392e-02  7.108060e-01 -5.263931e-01  1.195540e+00
-9.481755e-01  8.946268e-01  1.319358e-01 -6.340153e-01
-8.447682e-01  6.130829e-01 -1.031440e+00  1.018846e-01
-2.748508e-01  7.689610e-02  8.141428e-01 -1.212087e+00
-8.966196e-01  2.936213e-01  1.131106e+00  1.032870e-01
 1.029982e+00  2.129778e-01  5.385398e-01 -8.766175e-01
 2.793230e-01  5.772021e-01  8.899504e-01  1.007899e+00
 1.918842e-01  7.361529e-01 -3.892744e-01 -1.177471e+00
 8.940960e-02 -5.424749e-02 -1.406884e+00 -5.150514e-01
 1.217991e+00  5.693262e-02 -6.173072e-01 -5.161761e-01
-7.893379e-01 -1.092512e-01  2.533633e-01  1.185689e+00
 1.174811e+00  8.281867e-01  1.130258e-01  4.252326e-01
-8.921440e-01 -1.001759e-01 -4.860360e-01 -1.061738e+00
 2.107870e-01  1.267495e+00  7.048649e-01 -3.464637e-01
 8.417982e-01  7.227173e-02 -1.068450e+00  6.258598e-01
-4.928092e-02 -7.106076e-01  1.113065e+00  6.691859e-01
 5.425698e-01 -4.744501e-01 -2.583778e-02  1.264586e+00
 4.290604e-01  9.268513e-02  1.419525e+00 -1.688186e-01
-4.553187e-01 -4.849403e-01 -1.062381e+00  8.346385e-01
-1.453756e-01 -2.385542e-01  2.588457e-01 -1.568099e-01
-9.011167e-01 -8.865040e-01  6.673903e-01 -4.998540e-01
 1.729943e-01  3.492540e-01  1.318403e-01  7.853458e-02
-5.676098e-01 -1.112132e+00 -7.376810e-01 -3.822194e-01
 1.241558e+00 -4.580500e-01  4.770882e-01  3.318972e-01
 4.650762e-01 -1.143259e+00  6.594157e-01 -4.941670e-01
