-9.369122e-02 -3.138941e-01 -2.446632e-01 -5.054397e-01
 4.357960e-01  1.981752e-01  3.127098e-01  3.253573e-01
-2.879195e-01  3.086888e-01  1.244020e-01  4.818611e-01
-6.098505e-01  1.687454e-02 -2.160623e-01 -5.274570e-02
-2.061211e-01 -3.294530e-01  5.197799e-01 -5.217368e-02
 1.072296e-01  5.514527e-01 -2.979752e-01 -1.640601e-01
 2.428722e-02 -5.266843e-01 -2.540920e-02  3.786693e-01
 1.597408e-01 -3.591546e-02 -5.867291e-01  2.544272e-01
-5.852649e-02  3.253917e-01  3.966819e-01 -3.946972e-01
 5.744528e-01 -1.866776e-01  6.251921e-03 -2.546676e-01
-2.379253e-01 -1.494079e+00  3.609690e-02  9.254653e-02
-1.409759e+00 -1.856905e-02 -6.292872e-01  2.448174e-01
-1.374980e+00  1.953151e-01  3.065321e-01 -4.958298e-01
-3.162915e-01 -8.462983e-02  1.276672e+00  6.944225e-01
-1.031770e+00  9.559828e-01 -1.390689e-01  5.928323e-01
 1.070008e-01  1.077708e+00  8.135676e-01 -7.772621e-01
 3.133844e-01 -1.132564e+00 -9.226174e-01  1.515786e-01
-9.060233e-02 -1.117921e+00  7.440104e-01 -6.628587e-01
-1.259356e-02  4.613029e-01 -1.005903e+00 -9.900523e-01
 1.007355e+00 -2.763698e-01 -1.173323e-01  1.056395e+00
 9.570178e-01 -7.422202e-01  7.952632e-01 -3.949261e-01
 9.460349e-01  1.139028e+00  1.828621e-01 -7.448233e-02
-1.184613e+00 -8.822499e-01  1.361179e-03 -1.282519e-01
-7.155591e-01 -8.460984e-01 -7.958584e-01  5.736126e-01
-7.530835e-01 -6.168341e-01  2.422374e-01 -1.120930e+00
-1.018041e+00 -3.209725e-02 -7.208099e-01 -8.884621e-01
 5.277762e-01 -1.200291e+00 -1.838006e-01 -7.159418e-01
-4.615837e-01 -2.520019e-01 -1.394874e+00 -1.321416e-01
-4.743969e-01  5.423005e-01 -1.956518e-03 -1.309466e+00
-3.881368e-01  7.367861e-01  6.030655e-01  1.174459e+00
 5.268611e-01 -4.074760e-01 -1.177966e+00 -6.376900e-01
 1.615712e-01  3.791613e-01 -4.064295e-01  1.369402e+00
 3.662388e-01  7.473112e-01  1.222674e+00  2.750199e-01
-9.703751e-02  1.395292e+00  4.225371e-01  2.750199e-01
 9.350520e-01 -1.969739e-01  1.024070e+00  6.033574e-01
 9.899659e-01  6.457210e-01 -6.567440e-01  6.244077e-01
 1.012846e+00  3.807630e-01  8.730574e-01 -5.557771e-01
 1.517136e+00  1.212962e-01  1.810316e-01  1.376214e-01
-5.105484e-01 -1.052024e+00 -7.459786e-01 -6.482151e-01
 7.712265e-01  8.049706e-01  4.191050e-01  9.941592e-01
-5.883427e-01  1.850188e-01  1.041459e+00 -9.442910e-01
-7.585749e-01  8.653755e-01 -9.381762e-01 -2.253803e-01
 1.426947e-01 -9.971108e-01 -2.805859e-01  1.158900e+00
 3.454174e-01 -2.405616e-01  6.712499e-01 -1.262790e+00
 4.630986e-02  1.232381e+00 -5.615605e-01  6.372208e-01
 1.588255e-01 -2.761410e-01  5.783544e-01  1.338284e+00
-8.468942e-01  1.105165e+00  1.067552e-01 -4.738643e-01
-9.137058e-01 -6.118004e-01  1.089966e+00 -1.434675e-01
 1.305679e-01 -3.960357e-01 -4.247341e-01 -1.431192e+00
 9.625090e-01 -1.095040e+00  7.416460e-02  3.372553e-01
-7.709303e-01  7.088718e-01  1.062509e+00  4.895886e-02
-7.677270e-01 -1.392002e-01 -2.300196e-01  1.258660e+00
-5.640892e-01  3.880848e-01 -1.068138e+00  7.896061e-01
 3.410701e-01 -2.969624e-01 -1.203592e+00  8.843321e-01
-7.517107e-01 -9.010120e-01  4.591461e-01  8.353673e-01
 3.170454e-01  6.013326e-01 -1.388468e+00  6.517553e-02
 6.462981e-01  6.168914e-01 -1.345405e-02 -1.181335e+00
 1.192231e+00 -4.145690e-01 -8.114175e-01  1.522651e-01
 1.441819e-01  1.392546e+00 -4.572246e-01 -5.521163e-01
 1.068675e+00  5.715877e-01 -7.317926e-01 -4.921689e-01
-1.266068e+00  4.218627e-02  5.312202e-01  5.996966e-01
 2.133959e-01 -1.068498e+00  9.494790e-01  4.761409e-01
 1.229755e+00 -3.333427e-01 -1.612632e-01 -8.925806e-01
 1.845663e-01 -1.798134e-01  1.456972e+00 -3.260553e-01
