 3.579456e-01  5.487972e-01 -8.322066e-01 -1.177922e+00
 4.093495e-01 -1.020479e+00  9.882699e-01  6.027885e-01
 8.892007e-01 -3.255863e-02 -1.915966e-01 -1.314676e+00
 4.738470e-01 -4.967401e-01  5.430921e-01 -1.927606e-01
 1.828811e-01  6.564546e-01 -4.895942e-01 -1.711806e-01
 1.894279e-01 -3.510147e-01  5.178416e-02 -7.453533e-01
 1.824298e-02  1.797555e-01 -6.610216e-01  6.056982e-01
 1.550178e+00 -3.034903e-01 -1.500160e-02  2.916975e-01
-6.611623e-01  3.911907e-01  3.837883e-01  7.763367e-03
 8.460408e-01  3.107417e-03  1.177364e-01  8.317202e-02
 9.110568e-02 -4.933455e-01 -6.842989e-01  2.046503e-01
-9.773451e-01 -3.093096e-01  1.175458e+00 -5.934063e-02
-9.705559e-01  1.347771e-01 -1.194944e+00 -3.683100e-01
 1.169013e+00 -2.355982e-01 -1.037822e+00  2.088935e-01
-1.798563e-01 -3.328293e-01 -1.474668e-01  7.657294e-01
 8.661996e-02 -1.555856e+00  2.202413e-01  2.776342e-01
-7.731842e-01 -1.292047e+00  2.296977e-01 -4.129248e-01
-4.780963e-01 -1.185359e+00 -6.973924e-01 -6.687322e-01
-1.383727e+00  4.241669e-01 -2.073573e-01 -6.551538e-01
 3.147857e-01  1.569632e-01  5.067214e-01 -5.571954e-01
-1.145135e+00  1.090963e+00  1.952667e-01  6.468356e-02
-3.588003e-01 -9.409479e-01  1.780512e-01 -1.205079e+00
 5.579846e-01  4.484139e-01 -1.288053e+00  6.110325e-01
-6.698913e-01  3.426964e-01 -2.941621e-01 -3.292721e-01
-2.185304e-01  4.804202e-01  1.173518e+00 -9.519390e-01
 1.432371e-01 -1.891649e-01 -6.585969e-01 -4.939103e-01
-7.950066e-01 -2.840925e-01  1.773238e-01 -7.861712e-02
 1.461919e+00  3.356647e-01 -3.669036e-01 -3.687949e-01
-4.468174e-01  1.112301e+00  1.030945e+00 -1.680285e-01
 1.051084e-01 -2.037132e-01  6.032251e-01 -1.434942e+00
-5.316825e-01 -1.658582e-02  4.468310e-01  5.887251e-01
-2.962426e-01  3.863413e-01  1.506189e+00  2.141067e-01
-9.620358e-02  4.772682e-01  9.999085e-01  1.092581e+00
-1.260882e-01 -1.111497e-01 -3.581746e-01 -1.523202e+00
 7.015277e-01 -8.880891e-01  3.197758e-01 -1.074145e+00
-6.218819e-01  2.803812e-01 -7.458867e-01  1.232245e+00
-6.427345e-01  6.351171e-01 -6.809043e-01 -1.112940e+00
 1.238845e+00 -7.217537e-01 -4.634072e-01 -5.722285e-01
 1.049717e+00 -1.427317e-01 -4.898367e-01  1.098400e+00
 5.031860e-01  1.838775e-01  6.774213e-01  1.423351e-01
 5.885360e-01  1.879987e-02  1.279236e+00  7.662143e-01
 6.394551e-01  1.804830e-01 -1.392228e-01 -5.290686e-01
 1.427521e-01 -4.295755e-01  5.974057e-01  1.392276e+00
 1.517236e-01 -1.992275e-01 -4.086087e-01  1.507692e+00
-8.255581e-01 -2.928215e-01  2.186652e-01  1.313715e+00
 9.212070e-01  9.129896e-01 -1.234015e-01 -8.888964e-01
 2.360766e-02 -1.339571e+00 -7.390975e-01  3.865039e-01
-4.611233e-01 -7.746973e-03  2.817078e-01 -6.852203e-01
-3.932312e-01  7.810850e-01 -1.229860e+00  4.563357e-01
 4.639056e-01 -9.283394e-01 -1.172637e+00 -2.715639e-01
-6.514634e-01  1.956374e-01 -2.737945e-01  4.109935e-01
 3.407302e-01  7.291961e-01 -6.484131e-01  1.220606e+00
-5.433211e-01 -1.124256e+00  9.596582e-01  1.371219e-01
-1.159684e+00  5.390983e-01  6.196797e-02  9.349746e-01
 1.760919e-01 -1.260040e+00  8.195096e-01 -5.118532e-01
-6.868643e-01  1.143337e+00  2.376992e-01 -8.471913e-01
 4.452353e-01 -1.046666e+00 -1.475881e-01  1.109069e+00
-4.630630e-01 -3.619259e-01 -3.615692e-01 -5.251891e-01
 9.343005e-01  1.313067e+00  5.684257e-03  2.770665e-02
 3.349108e-01 -1.817704e-02  3.180785e-01  7.099609e-01
 8.613502e-02 -5.098335e-01  1.513948e+00 -3.629826e-02
-7.305092e-01  1.208320e+00 -6.838140e-01 -2.545909e-01
-1.127523e-01  1.569117e+00  1.681099e-01  3.407153e-02
-1.075304e+00  3.941004e-01  9.664474e-01  5.979391e-01
-8.638686e-01 -1.240643e+00 -3.489607e-01  3.188543e-01
-5.008886e-01  1.161765e+00  6.172884e-01  7.385726e-01
-1.132527e+00  4.564156e-01  8.684888e-01 -5.344030e-01
 7.029825e-01  3.824618e-01  3.134716e-01  1.344751e+00
-5.762973e-01 -3.830209e-01 -5.126290e-01  1.751900e-01
 3.729789e-01 -5.500838e-01 -1.182335e+00  8.588385e-01
-3.706813e-01 -6.625906e-01  1.676249e-01  3.077007e-01
-2.484758e-01 -2.508740e-01 -1.255077e+00 -9.301166e-01
 4.013481e-01 -1.444319e+00 -2.365751e-01 -5.084586e-01
 3.615827e-01 -7.144795e-01  1.664126e-01  3.634691e-01
 3.867998e-01  1.235477e+00  7.099125e-01 -6.260572e-01
 9.866743e-01 -1.075762e+00 -4.971108e-01  3.894136e-01
-2.288356e-01  5.733770e-02  8.626695e-01 -2.538635e-01
-1.270251e+00 -3.621684e-01 -5.213580e-01  7.225695e-01
 1.244664e+00  4.925438e-01  5.358179e-01  6.386743e-01
-1.270251e+00 -5.234119e-01  4.264633e-01 -6.949192e-01
-1.366269e+00 -5.631773e-01 -5.189332e-01 -2.359205e-01
 5.400417e-01 -2.583906e-01 -3.188942e-01  5.247126e-01
-2.291992e-01 -5.762708e-01  4.841716e-01 -3.576412e-01
-2.889685e-01  7.878742e-01 -1.677132e-01  1.437899e-01
 1.142826e+00 -3.313745e-01  1.070710e+00  7.595849e-02
 2.941756e-01  1.320827e+00 -7.444319e-01  3.329177e-01
 5.216139e-01  1.064777e+00  9.960290e-01  4.075989e-01
 4.432955e-01  7.049489e-01  1.949030e-01 -1.093504e-01
-8.148893e-01  1.968498e-01  3.580863e-01 -1.336014e+00
 1.205660e-01  1.350893e+00 -4.224296e-01 -7.017084e-01
-2.645514e-02 -3.105220e-01  7.259156e-01  3.370397e-01
 5.172494e-01  5.197006e-01 -1.471031e-01  4.597303e-01
-5.893907e-01 -7.881908e-01 -1.253137e+00 -3.302489e-02
-4.049249e-03 -5.401819e-03  4.615868e-03  1.534879e-03
 3.489742e-01 -7.930403e-01 -6.600518e-01 -1.152705e+00
-5.040407e-01 -4.320002e-01  1.188066e+00  8.787212e-01
-5.028284e-01 -5.442645e-01  1.118235e+00 -8.918061e-01
-1.556091e-01  6.646986e-01  3.066824e-01 -4.621465e-01
-5.699930e-01 -1.433378e-01 -1.343336e+00  6.212164e-01
 8.077303e-01  4.067089e-01  7.370692e-01 -1.103241e+00
 1.233025e+00  6.811867e-01 -4.767432e-01  5.775715e-01
 1.271821e+00  6.351171e-01  6.362011e-01 -2.642897e-01
-7.247169e-02 -8.362002e-01 -1.702591e-01 -2.031869e-01
-3.490375e-02  5.638304e-01  5.896466e-01  2.786041e-01
-1.261522e+00 -7.202988e-01  4.507105e-01  4.859173e-01
-1.564126e+00  9.458738e-02  2.208475e-01  1.331211e-01
 5.967801e-01 -5.350506e-01 -2.278461e-01 -2.206448e-01
 1.802140e-01 -8.423538e-02 -1.565440e+00 -4.942961e-02
-9.671613e-01 -3.873854e-01 -5.063248e-01 -1.112940e+00
-4.751866e-01 -8.104982e-01 -6.886634e-01  1.084822e+00
 1.052627e+00 -1.133955e+00  4.276757e-01 -3.862447e-02
-4.300869e-01 -1.130076e+00  3.350515e-01  9.878334e-01
-5.498343e-02  3.485157e-01 -2.479713e-01 -7.269254e-01
 1.322255e+00 -2.637250e-01  4.344649e-01 -6.406055e-01
-1.096001e-01  4.547182e-01  1.601961e-02  6.876535e-01
 5.705931e-01  1.481130e-01 -6.440486e-01  1.115797e-02
-5.457458e-01  1.205410e+00 -4.066689e-01  8.064646e-01
 5.657437e-01 -4.201191e-01  1.184187e+00 -7.914228e-01
-2.654488e-01  1.960011e-01 -7.977755e-01 -6.834239e-02
 4.185634e-01  1.220928e+00  1.719894e-01  8.927845e-01
-7.923058e-02  7.485937e-01 -1.323939e+00 -4.706330e-01
 5.574996e-01  4.571429e-01  1.382044e+00 -2.907191e-01
 1.052627e+00 -5.432946e-01  4.730179e-01  9.160618e-01
-2.928480e-01  5.517069e-01  1.632605e-01  1.469867e+00
-1.273160e+00  5.308543e-01 -7.337631e-01  2.984867e-01
 8.731976e-01  8.475222e-01 -1.010666e+00 -2.732612e-01
 8.465257e-01 -5.986699e-02 -1.126082e+00 -7.390490e-01
 7.188981e-02  7.553830e-01  1.836281e-01 -1.377719e+00
