 5.384397e-01  1.196495e+00  9.161388e-01  4.028888e-01
 1.249175e+00  9.736212e-01  4.692082e-01  1.519783e-01
 8.630500e-01  9.906560e-01  2.404194e-01  9.558148e-01
-2.334377e-02  9.987003e-01  8.000695e-02  1.175535e-01
 8.460150e-01  2.259763e-01  2.404194e-01  1.389733e+00
 1.063684e+00  4.438816e-01  1.018822e+00  6.193746e-01
 6.316587e-01  2.874914e-01  4.663689e-01  5.999737e-01
 1.451702e+00  3.116242e-01  1.816251e-01  7.007638e-01
-1.049252e-01  2.773177e-01  4.592710e-01  8.228475e-01
 7.512472e-02  1.040341e+00  1.247847e+00 -2.891558e-01
-4.823076e-02  1.394290e+00  3.459413e-01  8.100714e-01
 6.150970e-01  1.503124e+00  3.248063e-02  3.023353e-01
 6.174629e-01 -8.686339e-02  9.483160e-01  1.158815e+00
 1.906429e-01  7.114722e-01  4.197595e-01  5.138525e-01
 3.193514e-01  7.318196e-01  8.981575e-01  1.129477e+00
 2.332303e-01 -7.112972e-02  3.326919e-01  2.786757e-01
-1.044864e+00  4.715634e-01  1.055731e+00  5.758409e-01
-5.461184e-01  4.649387e-01  1.492961e+00 -5.208617e-02
-8.991204e-01  1.238136e+00  4.642396e-01  3.844343e-01
-1.435721e+00  6.158872e-01  5.181835e-01 -1.539153e-02
-2.972189e-01  2.040911e-01  1.289488e+00  9.827867e-01
-1.181143e+00 -1.500938e-01  1.164565e+00 -3.233036e-02
-1.287139e+00  5.714071e-01  1.889596e-01  8.346773e-01
-9.346098e-01  2.167490e-01  1.998430e-01  1.893605e-01
-3.175662e-01  1.034663e+00  1.123870e+00  5.181113e-01
-1.676824e-01  1.563693e+00  5.461020e-01 -2.637109e-02
-1.640152e-01  7.043743e-01 -1.056621e-01  7.140132e-01
-6.199365e-01  7.573720e-01 -8.679356e-02  2.300551e-01
-5.716709e-01  7.975934e-01  6.128221e-01  1.166386e+00
-4.940672e-01  6.125750e-01  4.640030e-01  3.957909e-01
-2.631491e-01  1.590195e-01 -3.470497e-01  8.966656e-01
 7.092512e-02  3.530286e-01  3.090323e-01 -1.665585e-02
 6.756657e-01 -9.177309e-01  7.334863e-01  9.468241e-01
 7.797680e-01 -1.053064e+00  1.025446e+00  8.874787e-02
 1.161162e+00 -1.079563e+00  2.031554e-01  3.321465e-01
 7.523229e-01 -1.392817e+00  2.581641e-01 -3.989365e-01
 4.804736e-01 -3.903575e-01  1.425768e+00  5.512348e-01
 1.273782e+00 -3.856256e-01  8.035188e-01  5.696893e-01
 5.796075e-01 -2.895674e-01  2.198355e-01  7.793138e-01
 6.685677e-01 -4.767151e-01  5.238619e-01  2.464986e-01
 3.444307e-01 -1.495026e+00  4.128981e-01  4.017058e-01
 1.240410e-01 -5.226149e-01  8.461062e-01  5.461884e-02
-1.673275e-01 -1.160952e+00  3.412094e-01  1.111495e+00
 1.382368e-01 -7.289271e-01  4.422362e-01  5.100670e-01
-5.926207e-02  1.428126e-01  5.096660e-01  1.567653e+00
 5.048430e-01  9.034736e-02  8.778101e-01  1.387289e-01
 1.751348e-02 -1.885407e-01  1.296922e-01  9.771085e-01
-3.204055e-01 -9.851236e-03  3.069029e-01  2.240219e-01
-8.659969e-01 -6.768757e-01  1.047213e+00  7.002906e-01
-5.517969e-01 -1.423101e+00  5.470483e-01  3.382980e-01
-9.861879e-01 -9.830316e-01  1.958209e-01  8.791575e-01
-1.453702e+00 -7.057405e-01 -3.025695e-01  2.524135e-01
-8.995935e-01 -7.254929e-02  6.426334e-01  1.226008e+00
-5.711977e-01 -3.812451e-02  7.803325e-01  4.665332e-01
-8.494350e-01 -3.953260e-01  9.763337e-02  3.737874e-01
-1.448024e+00 -2.042744e-01  5.129785e-01  5.441369e-01
-1.430764e-01 -5.604703e-01  9.454767e-01  1.217490e+00
-4.243415e-02 -1.057796e+00  1.156994e+00  5.185845e-01
-4.181197e-01 -4.454844e-01  3.672350e-01  7.495027e-01
-4.221418e-01 -6.489573e-01  6.095098e-01  2.015452e-01
 1.025699e-01 -1.684300e-01  7.893231e-01  6.136963e-01
 3.304715e-01  4.564212e-01  1.505264e+00  4.175578e-01
-5.210392e-01 -5.003748e-01  1.578579e-02  1.486264e+00
-6.412302e-01  1.859915e-01  1.138402e-01  7.457171e-01
 9.927049e-01  2.770811e-01 -5.843559e-01  1.156922e+00
 8.606840e-01  5.030308e-01 -1.200453e+00  5.034423e-01
 2.325094e-02  8.444394e-01 -5.375099e-01  1.045998e-01
 1.238765e+00  8.822948e-01 -4.357733e-01  4.627478e-01
 4.809468e-01 -3.531493e-02 -7.916145e-01  2.777293e-01
 1.433721e+00 -2.457596e-03 -7.305726e-01  4.334097e-01
 4.199049e-01 -5.675682e-01  1.758285e-01  1.498567e+00
 4.745587e-01  7.852903e-01 -1.526857e-01  4.199238e-01
 5.644653e-01  9.698356e-01 -6.430318e-01  1.032945e+00
 2.314558e-01  4.356007e-01 -6.633791e-01  5.971345e-01
 3.470332e-01  3.267664e-01 -5.414325e-02  9.141737e-01
-3.322352e-01  8.893928e-01 -2.045003e-01 -3.856871e-01
-2.818402e-01  7.403370e-01 -8.313627e-01  1.181528e+00
 1.492570e-02 -3.733225e-01 -9.818381e-01 -6.941685e-02
 7.949103e-01  1.774740e-01 -2.966546e-01  5.431905e-01
 3.141463e-01  1.707310e-01 -1.210409e-01  2.945276e-01
-7.268782e-01  1.138765e+00 -2.183412e-01  9.250573e-01
-7.178875e-01  1.059269e+00 -9.771060e-01  3.399542e-01
-1.297549e+00  9.878169e-01 -3.191313e-01  1.546991e-01
-8.603186e-01  3.939598e-01 -3.524914e-01 -1.025404e-01
-1.112057e+00  4.871788e-01 -7.050201e-01  8.498196e-01
-5.749832e-01 -2.975491e-02 -8.777356e-01 -4.578678e-02
-6.762466e-01  3.795274e-01 -1.335214e-01  1.458819e+00
-1.590928e+00  1.570084e-01 -3.153457e-01  2.431862e-01
 7.542046e-02  8.804021e-01 -1.304556e+00  5.133794e-01
-4.273470e-01  5.025576e-01 -6.387731e-01  4.057279e-01
 1.151687e-01  8.714114e-01  1.098326e-03  1.409607e+00
-2.057022e-03  1.417949e+00 -5.356171e-01  6.269457e-01
-2.068391e-01 -8.905190e-02 -8.370410e-01  5.200041e-01
-5.759296e-01  2.542495e-01 -1.385945e+00  6.491857e-01
-6.499953e-02 -1.794317e-01 -1.149485e-01  4.137723e-01
-2.000961e-01  3.355205e-01 -1.199762e-01  2.493377e-01
 1.193339e+00 -8.415470e-01 -7.319922e-01  3.723679e-01
 7.357612e-01 -3.839694e-01 -1.227898e+00  6.430342e-01
 6.572111e-01 -1.184612e+00 -1.474805e-01  9.510828e-01
 1.605963e+00 -4.137805e-01 -4.311194e-02  7.886998e-02
 7.532693e-01 -5.032139e-01 -6.425586e-01  1.221276e+00
 6.203021e-01 -6.243514e-01 -6.733161e-01 -1.130689e-01
 1.265264e+00 -4.677245e-01  3.601073e-03  9.714302e-01
 9.510640e-01 -7.089312e-02  1.796141e-01  2.310015e-01
 3.524749e-01 -1.094705e+00 -9.307331e-01  6.771041e-01
 4.608361e-01 -8.723044e-01 -1.636915e-02  1.454719e-01
 5.980620e-01 -1.445814e+00 -4.838024e-01  1.342335e-01
 7.177798e-01 -4.833398e-01 -2.800929e-01  4.575426e-01
 2.649343e-01 -1.946922e-01 -5.100647e-01  8.204817e-01
 1.995153e-01  4.122743e-03 -1.613077e+00  2.834076e-01
 1.640258e-01  9.070225e-02 -4.270193e-01  1.589420e+00
 3.318910e-01 -2.713495e-01 -2.632945e-01 -2.622321e-02
-8.077942e-01 -1.002906e+00 -7.021809e-01  8.105445e-01
-2.170128e-01 -6.319225e-01 -1.306448e+00  7.390924e-01
-1.236980e+00 -2.528950e-01 -2.402264e-01  1.037677e+00
-3.906746e-01 -8.751436e-01 -2.223231e-02  3.238656e-01
-6.047944e-01 -1.632249e-01 -8.668522e-01  1.269542e+00
-1.136663e+00 -3.371233e-01 -1.022533e+00  4.920857e-01
-7.746707e-01  3.523517e-02 -4.175554e-01  4.371953e-01
-9.398150e-01 -2.763180e-01 -3.200777e-01 -1.062076e-01
 1.188359e-01 -7.294002e-01 -1.313920e-01  6.709527e-01
 1.028656e-01 -6.044773e-01 -6.274166e-01  3.586453e-01
-5.952824e-02 -8.055843e-01 -5.938198e-01  1.296987e+00
-1.900408e-01 -1.463796e+00 -3.226802e-01  6.468198e-01
 2.358329e-01  1.170236e-01 -1.188150e+00  1.127584e+00
-5.333423e-01 -6.347616e-01 -6.278897e-01  1.943290e-01
-4.711173e-01 -4.450113e-01 -3.300147e-01  7.424048e-01
-3.159101e-01  2.775543e-01 -5.292088e-03 -2.529566e-01
 1.213213e+00  6.963301e-01  4.637664e-01 -7.410551e-01
 9.056373e-01  6.447520e-01  1.177814e+00 -2.456221e-01
 1.066523e+00  1.165264e+00 -2.068663e-01 -3.852140e-01
 8.233019e-01  5.132044e-01  1.238956e-01  9.028576e-02
 1.004062e+00 -3.188428e-02  9.809662e-01 -8.891644e-01
 1.498075e+00  1.420437e-01  6.847475e-01 -1.046697e-01
 7.509032e-01  2.188784e-01  3.445218e-01 -1.420087e+00
 1.570947e+00  4.150169e-01 -1.486635e-01 -1.851717e-01
 4.747953e-01  7.384443e-01  9.696097e-01 -1.015980e+00
 6.174629e-01  1.328043e+00  5.834842e-01 -4.370286e-01
 5.337078e-01  1.064947e+00  7.657629e-02 -1.119136e+00
 4.059457e-01  8.699918e-01 -2.906403e-02 -3.132887e-01
 1.911161e-01 -7.929230e-02  1.123870e+00 -1.187276e+00
 4.809468e-01  6.731436e-01  5.711812e-01 -2.960950e-02
 7.210811e-02  3.778712e-01  8.385352e-01 -4.128957e-01
 5.133605e-01  4.285028e-01  4.107688e-01 -6.038291e-01
-8.333465e-01  1.036556e+00  9.535209e-01 -3.177840e-01
-1.183982e+00  3.194319e-01  8.342763e-01 -7.457870e-01
-8.111066e-01  7.086330e-01  2.792212e-01 -1.191061e+00
-9.175749e-01  1.282616e+00  1.225943e-01 -5.271719e-01
-5.489576e-01 -1.718607e-01  1.365199e+00 -6.719689e-01
-6.369715e-01  3.333911e-01  7.377450e-01 -1.096383e-01
-4.361010e-01  1.413931e-01  5.849038e-01 -6.743349e-01
-1.587143e+00 -1.861747e-01  2.799309e-01 -3.227525e-01
-3.939869e-01  6.139945e-01  1.121031e+00 -9.520990e-01
-3.194997e-02  4.005845e-01  8.886937e-01  2.838808e-01
-1.953642e-01  1.277884e+00  5.390040e-01 -8.782811e-01
-2.083770e-01  8.203067e-01  5.437360e-01 -1.565435e-01
-2.051829e-01 -8.822381e-02  9.715024e-01 -8.727989e-02
 2.526312e-01  1.926162e-01  1.567725e+00 -4.356090e-01
-5.754564e-01 -9.478937e-02  7.088804e-01 -1.366143e+00
-1.200082e-01 -9.609064e-02  3.696010e-01 -2.647864e-01
 6.666750e-01 -8.443861e-01  8.858546e-01 -9.114046e-01
 4.724293e-01 -6.745099e-01  5.025682e-01 -2.929414e-01
 2.431674e-01 -5.003748e-01  3.807211e-01 -1.527028e+00
 1.301227e+00 -7.081065e-01  5.953140e-01 -3.894727e-01
 1.383562e+00 -1.587296e-01  1.425867e-01 -8.579336e-01
 9.548494e-01 -2.488728e-01  1.306523e+00 -1.254311e-01
 8.824510e-01 -4.672513e-01  9.545558e-03 -2.282322e-01
 8.185700e-01  3.953827e-02  5.148712e-01 -2.539029e-01
-6.062140e-01 -8.372883e-01  1.662464e-01 -1.285700e+00
 6.684384e-02 -1.351176e+00  8.735514e-01 -3.286674e-01
 1.147546e-01 -1.301017e+00  2.256321e-01 -9.875885e-01
-3.454847e-01 -5.207221e-01  6.393209e-01 -4.748840e-01
 3.124901e-01 -1.886590e-01  8.390083e-01 -4.931020e-01
 1.906429e-01 -6.683583e-01  1.466462e+00 -3.703084e-01
-3.360207e-01 -6.249395e-02 -1.374252e-01 -1.615042e+00
 1.804582e-02 -4.644122e-01  9.503081e-02 -5.728044e-03
-1.081773e+00 -5.822372e-01  7.424770e-01 -7.826960e-01
-1.254015e+00 -9.286145e-01  5.385308e-01  4.400158e-02
-1.242658e+00 -8.358687e-01 -1.240575e-01 -6.487824e-01
-6.715146e-01 -7.014818e-01  7.693119e-02 -2.290603e-01
-5.191464e-01 -2.675639e-01  7.610310e-02 -8.101411e-01
-3.431187e-01 -2.898040e-01  1.552583e+00  3.028085e-01
-1.177358e+00 -8.692253e-02  5.528262e-02 -1.169294e+00
-8.688360e-01 -4.690475e-03  1.461357e-01 -4.509878e-01
-6.885495e-01 -1.314267e+00  4.379773e-01 -5.645542e-01
-6.497478e-01 -9.129991e-01  1.200528e+00 -1.770091e-01
-7.879201e-01 -5.226149e-01 -6.501297e-01 -1.156045e+00
-5.047843e-02 -9.622111e-01  2.988587e-01 -1.444771e-01
-2.358222e-01 -8.481717e-01  9.752879e-01 -1.025444e+00
-7.973838e-01 -2.661444e-01  5.413700e-01 -1.159672e-01
 5.486614e-02  8.165244e-02  3.911313e-01 -9.345909e-01
-1.412390e-02 -8.514805e-02 -1.431035e-01 -4.540636e-01
 5.545282e-01  1.074411e+00 -7.707940e-01 -8.205515e-01
 1.201856e+00  5.917544e-01 -9.260012e-01 -3.059542e-01
 1.909978e-01  5.520062e-01 -4.849854e-01 -1.471192e+00
 6.330783e-01  1.281670e+00 -8.332554e-01  1.015832e-01
 6.884418e-01  2.464419e-01 -1.075530e+00 -9.989452e-01
 4.686437e-01  8.975588e-02 -7.830969e-01 -3.880531e-01
 1.116681e+00  5.150972e-01 -3.688166e-01 -1.045318e+00
 8.384439e-01  3.154097e-01 -1.202720e-01 -4.273281e-01
 1.609501e-01  6.187264e-01 -5.360903e-01 -5.602953e-01
-1.519487e-01  1.281670e+00 -9.950875e-01 -3.109227e-01
-2.783911e-02  6.726704e-01  2.636058e-01 -6.667638e-01
 6.141506e-01  5.680948e-01 -5.701602e-01 -2.087022e-02
 6.548452e-01 -2.098344e-01 -3.655042e-01 -6.795400e-01
 4.594164e-01  6.674653e-01 -1.403926e+00 -2.936511e-01
 3.789737e-01  3.265298e-01 -1.820236e-01 -8.555678e-01
 3.780273e-01 -6.515566e-02  1.653000e-01 -2.496442e-01
-9.336634e-01  9.499615e-01 -7.911412e-01 -5.763840e-01
-5.371278e-01  1.526784e+00 -2.860078e-01  5.870014e-02
-7.003794e-01  6.007451e-01  2.425487e-01 -3.953876e-01
-1.386509e+00  5.756659e-01 -1.281979e-01 -6.378990e-01
-1.117865e-01  7.910902e-02 -7.509198e-01 -6.502020e-01
-1.206696e+00  3.653316e-01 -1.077423e+00 -1.950979e-02
-6.620507e-01  9.850994e-02 -4.326976e-01 -6.336403e-01
-3.999018e-01  5.259805e-01 -6.894048e-01 -2.846605e-01
-3.140173e-01  1.168103e+00 -3.567501e-01 -1.076549e+00
-4.384671e-01  5.335517e-01 -1.494779e+00 -1.822142e-01
-4.202011e-02  5.699875e-01  4.043807e-01 -1.501476e+00
 1.720701e-01  1.568424e+00 -2.046186e-01 -4.464925e-01
-1.767913e-01  6.655726e-01 -1.153134e+00 -9.610897e-01
 5.140591e-02  3.279493e-01 -9.501342e-01  1.883362e-02
-3.206420e-01  3.951428e-01 -1.395546e-01 -9.038334e-01
 2.126464e-01  3.371766e-01 -2.005965e-01 -1.835155e-01
 6.993253e-01 -6.551089e-01 -1.019693e+00 -8.986283e-01
 1.187660e+00 -9.953346e-01 -4.260729e-01 -4.304039e-01
 8.928612e-01 -8.557426e-01 -4.410860e-03 -1.111565e+00
 3.872546e-01 -7.710412e-01 -1.322201e-01 -5.319038e-01
 6.889151e-01 -2.035646e-01 -4.166090e-01 -1.440907e+00
 9.562691e-01 -1.871211e-01 -1.317805e+00 -1.749980e-01
 1.375991e+00 -2.209544e-01 -6.841997e-01 -6.019363e-01
 9.212528e-01 -3.280110e-02 -4.442908e-01 -4.149847e-02
 3.562605e-01 -1.331302e+00 -6.586472e-01 -6.445237e-01
 4.274760e-01 -9.087402e-01 -1.354714e+00 -8.278454e-02
 6.400468e-02 -8.576355e-01 -4.639283e-01 -1.321663e+00
-9.469239e-02 -1.638877e+00 -6.594350e-02 -1.978296e-01
 1.254606e-01 -1.188631e-01 -1.521278e+00 -5.901065e-01
 1.243959e-01 -4.828667e-01 -6.420855e-01 -5.626613e-01
 6.212485e-01 -2.396455e-01  2.751990e-01 -8.011504e-01
-3.909111e-01 -2.450873e-01 -1.415656e-01 -2.057447e-02
-2.385430e-01 -8.387078e-01 -1.198560e+00 -7.363231e-01
-1.057167e+00 -8.207265e-01 -9.577051e-01 -2.811115e-01
-5.442257e-01 -1.290607e+00 -4.873514e-01 -7.367963e-01
-8.995935e-01 -1.341712e+00 -2.625847e-01  6.408270e-02
-7.784562e-01 -1.866445e-02 -1.253451e+00 -7.349036e-01
-4.798715e-01 -4.800276e-01 -5.867219e-01 -4.576125e-01
-2.536852e-01 -7.407569e-01 -1.179060e-01 -5.811158e-01
-1.414901e+00 -1.114103e-01 -6.539153e-01 -5.735447e-01
-6.990891e-02 -1.538793e-01 -9.875163e-01 -1.315038e+00
-3.178029e-01 -1.285875e+00 -1.011176e+00  6.390525e-02
 5.338741e-02 -5.462746e-01  3.502001e-01 -7.680271e-01
-3.799796e-02 -9.314536e-01 -4.308048e-01 -8.668839e-02
 3.883673e-02 -2.066403e-01 -2.331285e-01 -9.866420e-01
-5.394937e-01 -4.495066e-01 -1.518439e+00 -1.059306e-02
-8.096868e-01  4.285028e-01 -6.170062e-01 -1.254469e+00
-1.161635e-01 -1.067932e-02 -4.752850e-01 -7.007144e-03
