-1.540983e+00 -6.967242e-01 -3.389723e-01 -4.957783e-02
-1.573181e+00 -5.084160e-01  5.023165e-01 -1.378220e-02
-1.555619e+00  5.409988e-02 -7.104663e-01 -2.718026e-03
-1.709778e+00  5.406939e-02  6.589767e-03 -2.922808e-01
-1.169246e+00 -3.806006e-01 -1.189530e+00 -2.920368e-01
-1.291207e+00 -5.737872e-01 -8.743821e-01  4.760752e-01
-1.471709e+00 -5.171972e-01  4.523624e-02 -7.486598e-01
-1.236568e+00 -1.193351e+00  2.055848e-01 -1.292186e-01
-1.609282e+00 -2.340032e-01 -1.477370e-01  5.280308e-01
-1.190711e+00 -7.420938e-01  8.350269e-01 -5.481555e-01
-1.127291e+00 -3.893818e-01  1.246768e+00  1.192775e-01
-1.361457e+00 -7.417288e-02 -7.021728e-01 -8.174459e-01
-1.150707e+00  4.550781e-01 -1.171968e+00 -3.591156e-01
-1.359505e+00  1.590780e-01 -6.685115e-01  8.509842e-01
-1.082409e+00  2.200587e-01 -5.047286e-02 -4.944925e-01
-5.374861e-01 -3.464514e-01  2.100974e-01 -1.215350e-01
-1.118510e+00 -2.341251e-01 -4.794556e-03  8.512838e-02
-1.267790e+00 -3.496234e-02  1.064303e-01  1.191012e+00
-1.393654e+00  5.041054e-02  6.013492e-01 -7.993957e-01
-1.469758e+00  1.728597e-01  8.911291e-01 -1.245840e-01
-1.513664e+00  7.510770e-02  5.803718e-01  5.875478e-01
-1.453171e+00  7.199779e-01 -4.055631e-01 -4.493668e-01
-1.261936e+00  7.663231e-01 -7.929121e-01  3.128910e-01
-1.270718e+00  2.682334e-01 -6.029075e-02 -1.166255e+00
-9.004430e-01  7.458338e-01  9.380732e-02 -1.920286e-01
-1.614160e+00  5.502079e-01 -6.178477e-02  3.372833e-01
-1.473661e+00  7.565664e-01  3.488893e-01 -3.857031e-01
-1.281450e+00  8.287674e-01  7.925844e-01  2.447147e-01
-8.506827e-01 -1.084073e+00 -1.041225e+00 -8.415386e-02
-1.177051e+00 -9.235721e-01 -5.963106e-01 -6.281621e-01
-9.599600e-01 -6.235475e-01 -2.265240e-01  4.433896e-01
-1.098996e+00 -7.245313e-01 -3.709261e-01  1.123690e+00
-9.789858e-01 -1.079195e+00  2.007064e-01 -8.906227e-01
-8.453164e-01 -7.435574e-01  2.725416e-01  9.214116e-02
-1.375116e+00 -7.996595e-01  2.893722e-01  6.416987e-01
-6.423728e-01 -6.703805e-01  7.516055e-01 -1.108634e-01
-7.462839e-01 -6.230596e-01 -1.064642e+00 -9.472128e-01
-7.916534e-01 -1.085050e-01 -8.455993e-01  3.789889e-02
-7.911656e-01 -2.852269e-01 -1.082204e+00  1.014412e+00
-8.253146e-01 -1.990003e-01  7.343978e-02 -8.481802e-01
-1.077531e+00 -2.357106e-01 -3.762924e-01 -3.483829e-01
-9.897185e-01 -5.636654e-02 -4.711783e-01  3.204527e-01
-7.433568e-01 -2.077814e-01 -3.623888e-01  8.636681e-01
-9.745952e-01 -4.152376e-01  5.618337e-01 -1.253092e+00
-1.019965e+00 -3.027892e-01  3.159598e-01 -3.815564e-01
-9.687413e-01 -3.359627e-01  5.735421e-01  2.465441e-01
-9.463004e-01 -2.642495e-01  2.282696e-01  6.373081e-01
-9.570330e-01 -1.303361e-01  1.290674e+00 -6.335284e-01
-4.701635e-01 -2.330274e-01  9.999185e-01  2.248350e-01
-1.084360e+00 -4.054807e-01  9.682087e-01  8.519598e-01
-9.984998e-01  6.936343e-01 -7.519331e-01 -9.833134e-01
-6.072479e-01  4.414184e-01 -9.368263e-01 -3.802201e-02
-1.086312e+00  1.646882e-01 -1.280270e+00  3.928976e-01
-6.857910e-01  1.139524e-01 -3.899520e-01 -8.618398e-01
-8.955645e-01  2.850640e-01 -5.772846e-01 -3.649697e-01
-1.039479e+00  4.080010e-01 -3.265322e-01  1.042153e-01
-1.019965e+00  2.750632e-01 -1.059043e-01  6.319417e-01
-5.457795e-01  3.136030e-01  2.110731e-01 -1.038440e+00
-8.604394e-01 -8.417371e-02  7.355065e-01 -2.566681e-01
-1.176075e+00  2.116433e-01  2.930311e-01  4.704598e-02
-7.726274e-01  2.243273e-01  4.135289e-01  7.665869e-01
-1.052163e+00  6.877801e-01  1.042849e+00 -6.047456e-01
-8.653179e-01  1.513945e-01  8.150253e-01  3.314292e-01
-1.003378e+00  4.614200e-01  1.003821e+00  8.973294e-01
-9.209324e-01  1.166844e+00 -8.480386e-01 -2.666689e-01
-9.516667e-01  1.358079e+00 -1.340773e-01 -5.388865e-01
-6.877424e-01  8.912116e-01 -1.335895e-01  4.202170e-01
-1.062895e+00  8.570624e-01 -4.350777e-01  9.627007e-01
-1.026795e+00  8.990172e-01  3.388885e-01 -1.025756e+00
-9.043456e-01  5.814300e-01  2.727855e-01  3.104518e-01
-1.235592e+00  7.682747e-01  3.069346e-01  8.997687e-01
-7.326241e-01  5.833812e-01  7.018452e-01 -1.690999e-01
-7.331119e-01 -1.473374e+00 -2.948222e-01 -4.469276e-01
-1.074604e+00 -1.262625e+00 -4.397123e-01  3.404543e-01
-4.843110e-01 -1.141639e+00 -4.841061e-01 -1.078443e+00
-8.643423e-01 -7.133108e-01 -5.044237e-02 -3.459437e-01
-8.243390e-01 -1.291895e+00  1.960718e-01  7.178025e-01
-6.809126e-01 -1.380683e+00  7.140413e-01 -3.591156e-01
-1.001427e+00 -1.092854e+00  8.696641e-01  3.043537e-01
-4.167445e-01 -5.893983e-01 -1.514435e+00 -3.615547e-01
-6.916451e-01 -5.450044e-01 -1.422720e+00  3.497234e-01
-4.606505e-01 -8.967408e-01 -4.943509e-01 -3.766780e-01
-8.487312e-01 -5.991552e-01 -5.743575e-01 -3.945505e-02
-5.755381e-01 -4.484110e-01 -7.426640e-01  4.972965e-01
-3.330791e-01 -6.518424e-01 -6.680237e-01  1.429081e+00
-9.906942e-01 -5.362232e-01 -3.136043e-01 -1.281387e+00
-1.589184e-01 -6.757469e-01  4.025523e-01 -2.598391e-01
-2.906365e-01 -6.006188e-01  4.032730e-02  6.561458e-02
-5.369983e-01 -7.172137e-01  1.911934e-01  5.948655e-01
-1.328134e-02 -3.645017e-01 -4.327715e-02  1.156863e+00
-6.018817e-01 -6.235475e-01  4.813392e-01 -6.052334e-01
-1.215982e-01 -5.362232e-01  4.496293e-01  2.037357e-01
-5.228508e-01 -6.050093e-01  7.106265e-01  5.465688e-01
-8.433651e-01 -6.952606e-01  4.079185e-01  1.229064e+00
-5.706596e-01 -8.845445e-01  1.355070e+00 -3.608229e-01
-4.857745e-01 -7.786822e-01  1.385316e+00  4.748556e-01
-6.565203e-01  1.328564e-01 -1.343689e+00 -8.891593e-01
-6.189563e-01 -9.984574e-02 -8.865784e-01 -4.932730e-01
-3.638133e-01  1.638345e-01 -1.538827e+00  6.509677e-01
-7.248186e-01  3.528735e-02 -7.451033e-01 -1.392615e+00
-6.584716e-01 -4.276776e-01 -4.997172e-01 -6.876792e-01
-4.918726e-01 -7.886840e-02 -4.014164e-01 -1.519033e-01
-4.523571e-01  2.242054e-01 -4.902043e-01  1.527559e-01
-2.012389e-01 -5.578723e-02 -4.702025e-01  1.074905e+00
-5.970032e-01  1.801459e-02  4.154691e-02 -1.618000e+00
-5.169966e-01  3.903766e-02  2.469297e-01 -4.461959e-01
-7.023777e-01  1.010245e-01 -8.023142e-02 -8.037306e-02
-6.257861e-01  2.557619e-02  5.957093e-03  3.950930e-01
-5.696840e-01  3.945853e-01 -3.155557e-01  8.704981e-01
-8.282418e-01  3.079927e-01  8.247823e-01 -1.251140e+00
-5.687082e-01 -8.386881e-02  6.950154e-01 -7.569532e-01
-3.391771e-01 -1.663146e-01  5.920801e-01 -1.332433e-01
-3.682039e-01  1.581023e-01  5.462227e-01  2.731317e-01
-5.306563e-01 -2.064399e-01  1.331398e-01  9.734334e-01
-4.233303e-01  4.306858e-01  1.505326e+00 -5.945008e-01
-9.253229e-01  4.328811e-01  1.406781e+00  9.622686e-02
-5.726109e-01  5.068496e-02  1.463371e+00  7.124361e-01
-4.111342e-01  8.687707e-01 -1.357349e+00 -5.232754e-01
-5.984668e-01  8.819426e-01 -1.355397e+00  2.736195e-01
-7.194523e-01  7.863249e-01 -4.199545e-01 -1.394633e-01
-5.950518e-01  6.687542e-01 -6.255812e-01  4.311935e-01
-6.482270e-01  1.734695e-01 -7.855944e-01  5.826693e-01
-8.209242e-01  1.270022e-01 -5.767967e-01  1.404688e+00
-5.813922e-01  7.180266e-01 -2.423789e-01 -1.453108e+00
-7.384782e-01  6.882681e-01 -1.901795e-01 -7.310975e-01
-4.479665e-01  4.960570e-01  1.491168e-01 -1.815399e-01
-4.916287e-01  3.975124e-01 -8.675634e-02  2.992314e-01
-5.091911e-01  6.380200e-01  2.196103e-01  7.700019e-01
-8.745871e-01  3.477521e-01  4.147484e-01 -5.657179e-01
-6.594474e-01  1.556631e-01  3.540117e-01  1.405546e-02
-5.828557e-01  7.068061e-01  7.296524e-01  3.360637e-01
-7.199402e-01  1.775542e-02  6.818436e-01  1.404688e+00
-4.735784e-01  1.048785e+00  1.247744e+00 -1.371460e-01
-4.440637e-01  9.097496e-01  1.295553e+00  6.363323e-01
-2.374614e-01  1.602978e+00 -6.328989e-01 -2.361786e-01
-6.677408e-01  1.351250e+00 -7.124177e-01  4.463167e-01
-3.630815e-01  1.270267e+00  7.978177e-02 -1.065759e+00
-1.217054e+00  1.214653e+00 -7.193805e-02  2.250789e-01
-5.726109e-01  1.285878e+00 -4.714942e-02  1.015388e+00
-9.092241e-01  1.302465e+00  6.130574e-01 -2.314221e-01
-7.814087e-01  1.280024e+00  6.106182e-01  6.173063e-01
-3.047840e-01 -1.554356e+00 -6.997337e-01  5.646750e-02
-5.067520e-01 -1.651925e+00  1.491168e-01  1.064716e-01
-2.511210e-01 -1.221645e+00 -1.051958e+00 -6.125512e-01
-3.838149e-01 -8.884473e-01 -6.221663e-01  2.706925e-01
-6.326160e-01 -1.060657e+00 -9.363385e-01  7.904915e-01
-4.530889e-01 -7.128230e-01 -5.580867e-02 -7.764670e-01
-5.656234e-02 -1.160177e+00 -1.898136e-01 -1.077534e-01
-5.887098e-01 -1.002115e+00 -1.585915e-01  1.122038e-01
-4.847989e-01 -7.674617e-01 -2.870167e-01  8.334218e-01
-4.335751e-01 -8.040500e-01  1.666792e-01 -1.451157e+00
-6.019069e-02 -1.015775e+00  7.725828e-01 -4.032655e-01
-3.847906e-01 -1.067487e+00  5.023165e-01  1.988573e-01
-1.629431e-01 -5.976916e-01  4.181633e-01  9.412355e-01
-4.904091e-01 -9.616241e-01  8.564921e-01 -1.019902e+00
 8.671165e-02 -8.860081e-01  5.101221e-01  5.685219e-01
-4.243061e-01 -1.148469e+00  8.106347e-01  9.358692e-01
 6.393539e-02 -3.423047e-01 -1.684205e+00  2.059310e-01
-1.491614e-01 -2.311021e-03 -8.275490e-01 -9.696537e-01
-3.796682e-01 -5.498828e-01 -9.212154e-01 -1.825156e-01
-3.325912e-01 -1.039314e-01 -1.088058e+00  1.554391e-01
-1.373312e-01 -7.344112e-02 -9.368263e-01  6.909710e-01
-2.935636e-01 -3.193760e-01 -2.853093e-01 -1.118446e+00
-5.091911e-01 -2.962034e-01 -1.145635e-01 -3.893619e-01
-5.784650e-01 -3.732829e-01 -2.227432e-01  1.800752e-01
-3.528368e-01 -7.148974e-02 -4.223938e-01  4.753435e-01
-5.423646e-01 -2.718111e-01 -5.391827e-02  1.618364e+00
-3.291763e-01 -2.905931e-01  3.386446e-01 -1.042343e+00
-1.856278e-01 -3.086434e-01  2.561988e-01 -5.091279e-01
-4.743102e-01 -2.460773e-01  3.220578e-01  3.009389e-01
-6.421541e-02 -2.057081e-01  4.501171e-01  5.202252e-01
-6.427640e-02 -4.871947e-01  5.135370e-01  1.596899e+00
-4.128417e-01 -3.235227e-01  1.205789e+00 -1.112592e+00
-3.213708e-01 -4.120665e-01  9.969916e-01 -4.252186e-01
-1.048895e-01 -6.337922e-01  9.643059e-01  1.504387e-01
-4.779690e-01 -1.160666e-01  7.169685e-01  7.646356e-01
-4.628458e-01 -1.985124e-01  1.652655e+00 -2.591735e-02
-5.657811e-01  1.578584e-01 -1.615907e+00 -1.499519e-01
-4.352826e-01  4.899590e-01 -7.894973e-01 -6.149903e-01
-1.937993e-01  1.923735e-01 -7.372978e-01 -2.065420e-01
-1.550156e-01  4.380035e-01 -1.036347e+00  2.750831e-01
-1.413559e-01  4.499557e-01 -7.290044e-01  8.339096e-01
-2.181915e-01  3.999515e-01 -3.516562e-01 -1.015023e+00
-4.852867e-01  3.311654e-01 -2.127423e-01 -4.042411e-01
-2.777086e-01  6.209454e-01 -2.953101e-01 -9.395406e-03
-1.318430e-01  2.171316e-01 -2.137180e-01  6.363323e-01
-7.638463e-01  5.404510e-01  9.149005e-02  1.430056e+00
 2.490778e-02  5.849048e-02  2.459430e-02 -1.161377e+00
-1.040358e-01  9.090169e-02  5.306116e-01 -4.313166e-01
-1.881890e-01 -9.844318e-02 -7.804521e-03  1.744650e-01
-2.314853e-01  1.826166e-01  2.360751e-01  5.860843e-01
-2.581286e-02  3.050657e-01  3.452305e-01  1.673979e+00
 2.079159e-02  1.689569e-01  5.740299e-01 -1.024780e+00
-4.899212e-01  1.537117e-01  1.013578e+00 -2.387398e-01
-2.828310e-01  3.540941e-01  1.094561e+00  2.410559e-01
-2.533164e-01  4.367838e-01  7.672166e-01  7.582936e-01
-5.315745e-03  4.680059e-01  1.686805e+00  7.896935e-02
-4.345508e-01  1.216604e+00 -6.587548e-01 -8.862323e-01
-7.787508e-02  9.195065e-01 -7.558359e-01  3.587485e-01
-7.018899e-01  6.448498e-01 -1.071472e+00  9.895321e-01
-1.990436e-01  8.365728e-01 -2.599413e-01 -6.345041e-01
-2.616098e-01  9.131646e-01 -7.441276e-01 -1.920286e-01
-6.134933e-02  6.887559e-01  5.843855e-02 -1.841011e-01
-1.576987e-01  8.053508e-01 -1.899356e-01  8.202500e-01
-2.862459e-01  7.463216e-01  5.350022e-01 -1.413105e+00
-4.874820e-01  8.634043e-01  3.249849e-01 -5.798655e-01
-4.828475e-01  1.008782e+00  3.079104e-01  6.701714e-02
-1.656262e-01  9.936590e-01  3.908440e-01  6.085252e-01
-4.091828e-01  4.875197e-01  7.852668e-01 -6.876792e-01
-1.605038e-01  9.760966e-01  6.774530e-01 -2.354468e-01
-4.765055e-01  8.658437e-01  6.759895e-01  1.242724e+00
-5.389497e-01  1.636151e+00  4.181031e-03  2.402022e-01
-2.835627e-01  1.617613e+00  3.349857e-01 -4.630265e-01
 1.112259e-01 -1.599238e+00 -3.287275e-01 -5.862074e-01
-1.116583e-01 -1.140663e+00 -1.292953e+00  2.449586e-01
-3.213708e-01 -1.469471e+00 -3.648281e-01  7.529273e-01
-3.935718e-01 -1.058705e+00  1.726553e-01 -3.535053e-01
 5.304068e-01 -1.034313e+00 -3.097015e-01 -1.627579e-01
-1.317210e-01 -1.048948e+00 -1.646091e-02  4.053378e-01
-2.828310e-01 -1.100660e+00  3.145462e-02  1.321755e+00
-2.506332e-01 -1.433370e+00  2.762004e-01 -9.037946e-01
-1.176345e-01 -1.380683e+00  1.045776e+00  1.659277e-01
-1.110128e-02 -1.538745e+00  3.891366e-01  6.826777e-01
-1.419605e-02 -3.888939e-01 -1.421744e+00 -9.672145e-01
 6.079489e-02 -8.913745e-01 -7.460790e-01 -2.038588e-01
-8.366824e-02 -5.981794e-01 -1.345641e+00  8.968416e-01
-1.762369e-01 -5.913497e-01 -7.553481e-01 -1.457011e+00
-1.117803e-01 -5.620790e-01 -7.885214e-01 -7.174377e-01
-2.441693e-01 -4.713397e-01 -3.992211e-01 -1.566598e-01
-9.025414e-02 -6.093999e-01 -3.097015e-01  3.409422e-01
-6.439836e-02 -5.513464e-01 -6.255812e-01  8.319582e-01
 1.309836e-01 -3.881622e-01 -5.336944e-02 -1.682395e+00
-4.531142e-02 -6.254988e-01 -1.061482e-01 -2.856948e-01
 2.111121e-01 -6.523303e-01  8.862396e-02  3.417907e-02
-2.762451e-01 -3.410851e-01 -7.834101e-02  5.968170e-01
 4.428386e-01 -3.957238e-01  4.393845e-01  9.451383e-01
 2.001356e-01 -8.079529e-01  6.491580e-01 -1.379931e+00
 1.293271e-02 -4.347513e-01  7.272133e-01 -8.218365e-01
 1.197632e-01 -3.801127e-01  6.096425e-01 -2.447159e-01
 1.315934e-01 -5.137823e-01  1.196021e-01  4.772949e-01
-3.047840e-01 -4.952442e-01  1.127734e+00  1.146130e+00
 4.597419e-03 -2.964473e-01  1.611676e+00 -6.081605e-01
 1.747677e-01 -8.186855e-01  1.498496e+00 -5.570639e-02
 1.315934e-01 -2.881539e-01  1.591187e+00  5.977926e-01
-9.507161e-02 -4.072823e-04 -1.209044e+00 -3.905816e-01
 2.107463e-01 -1.883296e-02 -6.597304e-01 -1.916627e-01
 2.434319e-01  6.913161e-02 -1.152454e+00  2.121511e-01
-1.713584e-01  1.054151e-01 -1.089034e+00  1.348098e+00
 2.446567e-02  1.872511e-01 -5.689912e-01 -1.608243e+00
-1.753831e-01 -1.396051e-01 -5.665520e-01 -4.983953e-01
-1.411120e-01 -2.532730e-01 -5.948470e-01  1.164115e-01
 7.445455e-02  7.730301e-02 -6.387530e-01  2.814250e-01
 4.562543e-01 -2.564440e-01 -2.566484e-01  1.003680e+00
 2.001356e-01  4.677620e-01  1.467995e-01 -1.653125e+00
-2.616098e-01 -1.052435e-02 -8.834184e-02 -6.867036e-01
 9.376776e-03 -9.069864e-02 -8.815890e-02 -3.088675e-01
-6.763033e-02  1.732255e-01 -1.971313e-01 -1.750202e-02
-2.664882e-01  2.300595e-01  1.021007e-01  1.109054e+00
-1.759929e-01 -1.042973e-01  6.837950e-01 -1.580924e+00
 1.826952e-01 -5.584821e-02  3.144962e-01 -6.330405e-01
 1.688121e-02 -8.112467e-02  6.535487e-01  1.211680e-01
 1.259222e-01  2.804295e-01  5.891531e-01  3.758231e-01
-1.504978e-02 -2.360470e-02  5.584188e-01  1.072954e+00
-3.067084e-03  6.998534e-02  9.740629e-01 -6.242594e-01
 3.768322e-02 -8.094174e-02  1.196032e+00 -3.530836e-02
-1.968431e-02 -2.554944e-03  1.024311e+00  5.855965e-01
-1.517227e-01  2.870154e-01  1.130661e+00  1.290533e+00
 1.829391e-01  4.267831e-01 -1.450040e+00 -8.496438e-01
 9.494405e-02  5.492322e-01 -1.048055e+00 -2.705717e-01
 8.774833e-02  7.907155e-01 -1.333932e+00  7.856130e-01
-2.074589e-01  6.409470e-01 -9.939042e-01 -1.237481e+00
 1.372036e-01  6.570459e-01 -6.460707e-01 -6.784101e-01
 1.207998e-01  5.336211e-01 -5.353299e-01 -5.564541e-02
-4.958006e-02  4.545903e-01 -4.126368e-01  3.519187e-01
-2.611219e-01  6.453376e-01 -4.380048e-01  1.513966e+00
 1.906227e-01  9.936590e-01 -3.819026e-01 -1.344807e+00
-2.341684e-01  3.989759e-01  2.294892e-01 -6.398704e-01
 1.714747e-01  4.955692e-01  3.684032e-01 -3.561885e-01
-6.847884e-03  6.155791e-01  8.419186e-03  3.392347e-01
 1.851344e-01  4.033665e-01 -2.077419e-01  1.106127e+00
 5.689465e-01  5.624040e-01  8.389297e-01 -1.287241e+00
 4.616206e-01  1.823727e-01  2.144880e-01 -4.122906e-01
-2.185574e-01  4.470286e-01  5.940315e-01 -1.332433e-01
-2.362418e-01  5.228886e-01  3.013244e-01  2.558132e-01
 1.137261e-01  5.609404e-01  4.152363e-01  9.426990e-01
-9.391297e-02  4.384913e-01  1.191154e+00 -1.185769e+00
 2.634083e-02  5.184979e-01  1.056509e+00 -2.402033e-01
-2.905594e-04  7.760801e-01  8.208795e-01  3.080126e-01
 2.679461e-01  1.512238e+00 -2.526236e-01 -7.667102e-01
 1.225073e-01  1.210750e+00 -1.250023e+00  4.640569e-02
-1.678215e-01  1.154160e+00 -7.319314e-01  1.038805e+00
 1.202510e-01  1.076105e+00  1.902177e-01 -4.698563e-01
-3.628376e-01  1.147330e+00 -1.417609e-01 -2.276413e-01
-1.759929e-01  1.095619e+00 -2.104250e-01  3.224041e-01
 9.488307e-02  1.010733e+00  1.624105e-01  1.380296e+00
-4.177201e-01  1.170747e+00  8.979589e-01 -8.574494e-01
 3.181942e-01  1.105375e+00  1.301407e+00  1.825144e-01
-1.853839e-01  1.521995e+00  7.852668e-01  2.281280e-01
 2.723367e-01 -1.685099e+00 -2.022537e-01  2.327625e-01
 1.227512e-01 -1.658755e+00  4.693871e-01 -2.498382e-01
 3.933223e-01 -9.908948e-01 -9.490224e-01 -1.006242e+00
 1.796461e-01 -1.107490e+00 -6.182635e-01  3.667980e-01
 1.858661e-01 -1.172861e+00 -7.792525e-01  1.019291e+00
 2.028188e-01 -1.090903e+00 -1.982289e-01 -1.285289e+00
 6.405735e-02 -9.333290e-01 -3.638523e-01 -6.798737e-01
 4.801587e-01 -1.037240e+00 -2.592816e-02  3.421618e-01
 6.304150e-01 -6.596479e-01  6.574522e-03  7.500002e-01
-1.106317e-02 -8.133191e-01  2.779079e-01 -8.252515e-01
 2.986803e-01 -1.054803e+00  1.360669e-01 -4.235111e-01
 2.044043e-01 -1.106514e+00  3.735255e-01  5.509543e-02
 1.070182e-01 -8.577131e-01 -1.053554e-01  8.407394e-01
 2.051360e-01 -9.840650e-01  1.196032e+00 -8.076891e-01
 3.652712e-01 -8.020988e-01  7.955115e-01  5.174149e-02
 2.579453e-01 -9.923583e-01  1.177494e+00  7.504882e-01
 7.928674e-01 -3.054724e-01 -1.438331e+00  1.901980e-01
 5.030875e-01 -1.539965e-01 -1.016833e+00 -1.315536e+00
 4.352770e-01 -3.403533e-01 -9.675607e-01 -6.286500e-01
-7.671122e-03 -5.762265e-01 -9.734148e-01  3.282582e-01
 4.455218e-01 -3.162050e-01 -9.221911e-01  5.338849e-01
 3.703935e-01 -4.428008e-01 -4.321506e-01 -1.107714e+00
 2.313577e-01 -3.915771e-01 -4.682512e-01 -3.332597e-01
 1.694014e-01 -1.352145e-01 -2.128643e-01  9.092154e-02
 1.442773e-01 -2.191239e-01 -4.006846e-01  5.480323e-01
 4.079576e-01 -7.596562e-01 -2.073760e-01  1.494452e+00
 3.306394e-02 -4.676809e-01 -1.559084e-01 -7.154865e-01
 3.299024e-01 -4.684127e-01  2.364410e-01 -3.730191e-01
 1.020178e-01 -1.676562e-01  1.886322e-01 -1.840148e-02
 9.726131e-02 -1.077123e-01  5.288931e-02  6.782870e-01
 6.635885e-01 -1.770472e-01  3.230335e-01  1.561774e+00
 2.923384e-01 -3.881622e-01  2.288794e-01 -1.032586e+00
 3.347809e-01 -3.625503e-01  1.022359e+00 -3.908255e-01
 4.357648e-01 -2.387596e-01  9.765020e-01  2.356896e-01
 1.873297e-01 -4.532895e-01  8.579558e-01  6.402350e-01
 5.957780e-01 -7.020915e-02  1.629239e+00 -9.612650e-03
 1.187875e-01  4.972767e-01 -1.659813e+00  9.123650e-03
 3.113643e-01  2.012766e-01 -8.460873e-01 -7.062173e-01
 5.772399e-01  1.915197e-01 -9.978070e-01 -1.737344e-01
 3.794187e-01  4.480043e-01 -8.797485e-01  5.031506e-01
 3.747842e-01  7.071710e-02 -6.977823e-01  9.173312e-01
 1.874517e-01 -6.197676e-02 -3.855614e-01 -7.876874e-01
 3.686861e-01  2.787220e-01 -3.565347e-01 -3.974114e-01
 4.440582e-01  3.118955e-01 -4.716661e-01  1.041543e-01
 3.564900e-01  1.478576e-01 -3.043352e-01  5.412025e-01
 1.729383e-01 -1.698830e-02 -3.655598e-01  1.675930e+00
 5.060145e-01  3.304336e-01  2.786396e-01 -9.735565e-01
 1.579370e-01  3.340924e-01 -2.762037e-02 -5.974279e-01
-1.340383e-01  1.495651e-01  1.809486e-01 -1.134856e-01
 2.464809e-01  3.357999e-01  1.404575e-01  5.860843e-01
 7.484736e-01  5.541106e-01 -2.815395e-02  1.470060e+00
 4.645477e-01  3.670220e-01  8.111225e-01 -6.018185e-01
 2.572136e-01  1.868852e-01  6.989182e-01 -1.190348e-01
 4.247883e-01  3.538502e-01  1.086755e+00  2.099557e-01
 4.372284e-01  1.792016e-01  7.789248e-01  7.709776e-01
 4.421068e-01  3.097002e-01  1.474104e+00 -6.247472e-01
 2.424562e-01  5.063018e-01  1.414587e+00  7.636599e-01
 2.608724e-01  1.161965e+00 -9.919529e-01 -7.237797e-01
 1.923301e-01  1.070251e+00 -4.165396e-01 -2.337394e-01
 6.416354e-01  1.144403e+00 -9.373142e-01  6.016954e-01
 4.157632e-01  3.153104e-01 -3.343377e-01 -1.052099e+00
-1.178174e-01  3.301897e-01 -3.697065e-01 -4.391221e-01
 3.750281e-01  1.024393e+00 -2.833579e-01  2.650823e-01
 3.086812e-01  7.077818e-01 -4.687390e-01  6.860925e-01
 3.397865e-02  6.809503e-01  1.034423e-01 -9.755078e-01
 1.045180e-01  7.355890e-01  6.364741e-01 -7.442693e-01
 1.048839e-01  1.099522e+00  2.783957e-01  1.308029e-01
 3.818579e-01  8.956022e-01  9.838086e-02  6.880440e-01
 2.337969e-01  9.902440e-01  1.274087e+00 -6.359677e-01
 4.572300e-01  8.316945e-01  7.672166e-01 -1.387315e-01
 1.639131e-01  1.134646e+00  8.979589e-01  9.397720e-01
 1.201900e-01  1.567853e+00 -5.714304e-01  4.775388e-01
 2.645312e-01  1.679081e+00  2.410646e-02 -1.842435e-02
 5.191863e-01 -1.391416e+00 -8.943838e-01 -2.341052e-01
 8.655563e-01 -1.325069e+00 -6.158243e-01  3.958247e-01
 5.265040e-01 -1.324093e+00  4.427995e-01 -9.042825e-01
 8.382369e-01 -1.511425e+00  1.061254e-01 -1.265964e-01
 5.762642e-01 -1.358242e+00 -6.404106e-02  9.314786e-01
 6.816387e-01 -1.256770e+00  9.404015e-01 -2.632540e-01
 6.791996e-01 -1.390440e+00  6.545243e-01  4.616838e-01
 3.296585e-01 -8.299059e-01 -1.424671e+00 -3.166730e-01
 5.987051e-01 -9.147910e-01 -1.259780e+00  5.524230e-01
 5.567504e-01 -6.889187e-01 -5.504531e-01 -5.291296e-01
 2.322115e-01 -6.157419e-01 -4.123929e-01  1.161675e-01
 4.623523e-01 -6.650143e-01 -5.319149e-01  6.304782e-01
 4.167389e-01 -4.406056e-01 -9.368263e-01  1.288581e+00
 8.265287e-01 -7.328247e-01  5.849952e-02 -1.358466e+00
 6.055350e-01 -7.045297e-01  9.089973e-03 -7.208527e-01
 5.435786e-01 -4.813406e-01 -1.225520e-01 -1.124489e-01
 4.806466e-01 -3.362067e-01 -6.852313e-02  3.631391e-01
 1.112894e+00 -6.376949e-01  1.450920e-01  1.157839e+00
 5.025997e-01 -7.289219e-01  6.042762e-01 -5.632787e-01
 4.130800e-01 -4.013340e-01  4.193830e-01  1.492190e-01
 6.387084e-01 -7.591683e-01  4.837785e-01  4.668062e-01
 3.960054e-01 -1.011872e+00  5.511011e-01  1.218331e+00
 8.850702e-01 -5.654939e-01  1.310188e+00 -4.944925e-01
 8.026243e-01 -7.157502e-01  1.290674e+00  3.111836e-01
 5.445543e-01 -6.520873e-02 -1.594442e+00 -4.308288e-01
 1.272907e+00  1.413936e-01 -1.163187e+00 -4.290045e-02
 4.130800e-01  6.498493e-02 -1.443210e+00  8.617167e-01
 6.548073e-01  6.024073e-01 -8.616982e-01 -1.213088e+00
 7.704266e-01 -7.685602e-02 -5.114255e-01 -7.067052e-01
 5.635802e-01 -4.816464e-02 -3.245808e-01 -1.836133e-01
 5.547990e-01 -2.437600e-01 -5.733818e-01  1.847098e-01
 9.348303e-01 -7.758779e-02 -4.772763e-01  1.379320e+00
 7.796956e-01  1.586502e-02 -2.762841e-01 -1.532139e+00
 4.447899e-01 -1.800963e-01 -7.242589e-02 -5.271782e-01
 7.245691e-01 -1.475326e-01  1.206998e-01 -4.235163e-02
 1.794022e-01  1.581023e-01  9.996635e-02  1.093377e-01
 4.077137e-01  9.388974e-02  1.724113e-01  1.066124e+00
 6.021200e-01 -1.053340e-01  5.091465e-01 -1.497990e+00
 5.025997e-01 -7.039208e-02  4.657283e-01 -1.909309e-01
 5.889482e-01  1.848118e-01  3.769405e-01  2.261766e-01
 3.986886e-01 -8.222234e-02  3.705984e-01  4.770510e-01
 4.450338e-01 -2.810802e-01  1.070168e+00  1.251505e+00
 4.162510e-01 -2.179042e-01  1.183348e+00 -1.155523e+00
 7.523762e-01  4.126346e-02  9.447922e-01 -2.114204e-01
 8.328706e-01  1.261780e-02  1.336532e+00  7.060942e-01
 7.948188e-01  7.731531e-01 -1.281245e+00 -4.210718e-01
 7.728658e-01  5.370360e-01 -1.414915e+00  3.360637e-01
 7.460342e-01  4.977645e-01 -6.626574e-01 -4.920533e-01
 4.882082e-01  7.702260e-01 -8.177921e-01  2.976040e-03
 8.094541e-01  6.614365e-01 -4.053192e-01  3.692372e-01
 4.086894e-01  5.672824e-01 -8.304762e-01  1.351025e+00
 8.465304e-01  7.912034e-01  3.389384e-02 -1.284314e+00
 6.274880e-01  7.687625e-01  3.098617e-01 -5.920616e-01
 3.023392e-01  6.204576e-01 -1.413950e-01 -1.937361e-01
 4.494245e-01  5.048382e-01 -4.028910e-02  2.719121e-01
 7.392045e-01  3.633632e-01 -2.857971e-01  8.402515e-01
 7.918917e-01  5.141073e-01  5.711027e-01 -1.176932e-01
 2.505057e-01  5.599647e-01  3.793797e-01  7.707895e-02
 4.562543e-01  7.170509e-01  6.398889e-01  4.885153e-01
 5.211377e-01  5.350847e-01  7.979507e-01  1.345171e+00
 9.187316e-01  6.331415e-01  1.324823e+00 -9.769155e-02
 9.158044e-01  7.692503e-01  1.083828e+00  6.504799e-01
 4.491806e-01  8.551111e-01 -2.223773e-01 -7.086565e-01
 8.860459e-01  1.424426e+00 -1.201737e-01  3.989957e-01
 3.523433e-01  1.228312e+00  4.564591e-01 -1.101860e+00
 8.928757e-01  1.406864e+00  1.189923e-01 -4.703442e-01
 1.081768e-01  1.543460e+00  1.568003e-01  7.768317e-01
 3.881999e-01  1.463454e+00  7.428242e-01 -3.815564e-01
 5.728493e-01  1.412718e+00  6.208630e-01  3.843603e-01
 6.201702e-01 -7.142867e-01 -8.265734e-01  4.259440e-02
 8.362857e-01 -1.250916e+00 -3.382404e-01 -8.008593e-01
 8.894607e-01 -6.830645e-01 -3.243369e-01  2.563010e-01
 9.777607e-01 -8.308816e-01 -5.967984e-01  9.885564e-01
 9.543442e-01 -6.289137e-01  7.516055e-01 -1.038440e+00
 7.928674e-01 -8.396627e-01  2.437587e-01 -8.439779e-02
 1.222171e+00 -1.103587e+00  9.167300e-02  4.958329e-01
 8.318950e-01 -4.603632e-01  7.033087e-01 -1.245230e-01
 1.025082e+00 -7.279463e-01 -1.133916e+00 -4.588799e-01
 2.042823e-01 -3.752343e-01 -1.007076e+00 -1.217789e-01
 1.068012e+00 -2.092450e-01 -1.072447e+00  8.378124e-01
 1.052401e+00 -5.615911e-01 -6.631453e-01 -1.059905e+00
 9.762973e-01 -5.547614e-01 -2.389640e-01 -3.710677e-01
 1.158751e+00 -1.735103e-01 -3.228734e-01  1.029957e-01
 9.114137e-01 -1.858284e-01 -4.177592e-01  6.631638e-01
 7.592062e-01 -1.325314e-01  2.904588e-02 -9.233084e-01
 9.304398e-01 -3.537691e-01  3.159598e-01 -4.962000e-01
 1.018252e+00 -4.637782e-01  1.782655e-01  2.858157e-01
 8.919000e-01 -1.389953e-01  1.833879e-01  7.397556e-01
 5.752885e-01 -1.457032e-01  6.530607e-01 -7.764670e-01
 8.153082e-01 -2.361984e-01  6.935520e-01  4.731482e-01
 1.010446e+00 -7.020905e-01  8.486866e-01  8.983051e-01
 1.059231e+00  8.675501e-02 -1.113426e+00 -7.813454e-01
 8.123812e-01  1.317587e-01 -7.841309e-01  3.597242e-01
 9.943475e-01  5.253277e-01 -8.982867e-01  9.314786e-01
 8.362857e-01  4.204411e-01 -1.252351e-01 -6.588964e-01
 8.143325e-01  8.677950e-01 -2.865289e-01 -1.905651e-01
 9.797121e-01  3.199450e-01 -4.806912e-01 -3.567425e-02
 6.479774e-01  4.379415e-02 -1.160270e-01  3.189891e-01
 9.528807e-01  2.231077e-01  4.549956e-01 -5.559611e-01
 5.982172e-01  3.433616e-01  1.651436e-02 -1.203764e-01
 1.068988e+00  4.814217e-01  9.508790e-02 -1.232424e-01
 7.557912e-01  4.238560e-01  2.979095e-01  8.119565e-01
 1.081672e+00  1.515164e-01  1.111147e+00 -7.837847e-01
 9.265370e-01  2.850640e-01  7.018452e-01  3.358198e-01
 1.115821e+00  1.023660e-01  7.159928e-01  1.094419e+00
 6.782238e-01  1.444916e+00 -6.826591e-01 -1.570257e-01
 1.020203e+00  1.067324e+00 -5.582586e-01 -7.759791e-01
 8.582386e-01  7.765679e-01  2.170492e-01  3.458206e-01
 5.591896e-01  1.150257e+00 -3.619010e-01  1.082711e+00
 9.480022e-01  9.204822e-01  8.540530e-01 -7.164621e-01
 5.650437e-01  9.892684e-01  1.939985e-01 -6.311554e-02
 8.836066e-01  1.067324e+00  4.108457e-01  1.005631e+00
 1.126553e+00  1.121962e+00  6.725745e-01  2.448315e-02
 1.559760e+00 -2.779092e-01 -6.246056e-01 -3.832639e-01
 1.288518e+00 -6.215960e-01 -8.938960e-01  2.636187e-01
 1.383160e+00 -4.942684e-01 -1.455527e-02 -9.023310e-01
 1.281688e+00 -1.060657e+00 -4.458103e-01 -2.133718e-01
 1.531465e+00 -4.635343e-01 -2.779916e-01  6.246241e-01
 1.193876e+00 -1.046021e+00  3.620611e-01 -5.530339e-01
 1.279737e+00 -8.835688e-01  7.467270e-01  1.209240e-01
 1.277785e+00  2.528663e-01 -4.206863e-01 -1.047221e+00
 8.655563e-01 -2.302223e-01 -7.563238e-01 -2.075177e-01
 1.494389e+00  2.353038e-01 -6.529005e-01  4.787584e-01
 1.056304e+00 -2.023269e-03 -1.478589e-01 -3.974114e-01
 1.167532e+00 -4.474973e-02  3.845020e-01  6.928348e-03
 1.081672e+00  2.477439e-01 -9.832663e-04  3.977761e-01
 1.380233e+00  1.595659e-01 -2.551654e-02  1.044659e+00
 1.219244e+00  1.557851e-01  4.220662e-01 -1.160401e+00
 1.305105e+00 -8.185644e-02  1.146272e+00  1.442186e-01
 1.539270e+00 -2.637617e-01  5.257332e-01  5.436417e-01
 1.476826e+00  5.141073e-01 -5.728940e-01 -3.869227e-01
 1.206560e+00  9.175553e-01 -8.373060e-01  1.384864e-01
 1.335351e+00  8.092536e-01  1.827781e-01 -6.964604e-01
 1.447555e+00  9.741453e-01 -6.288242e-02  3.957586e-02
 1.264126e+00  8.473054e-01 -2.442083e-01  7.958577e-01
 1.492437e+00  4.616640e-01  7.320917e-01 -2.098349e-01
 1.455361e+00  5.833812e-01  5.198790e-01  5.626678e-01
 1.595860e+00 -5.893983e-01  7.337881e-02 -8.281229e-02
 1.464142e+00 -3.471832e-01  7.267253e-01 -4.649779e-01
 1.712943e+00  2.017645e-01 -9.491972e-03  1.764164e-01
 1.624155e+00  1.173673e-01  1.052107e-01 -5.335202e-01
