 2.564155e-01  8.867786e-01  2.956922e-01  1.001556e+00
 2.944901e-01  8.396038e-01  7.188451e-01  1.396664e+00
 2.918587e-01  8.581820e-01  1.065902e+00  8.035212e-01
 2.868106e-01  8.438912e-01  1.274427e+00  2.647304e-01
 2.364528e-01  9.310061e-01  2.352492e-01  5.956341e-01
 2.384964e-01  9.575374e-01  2.133891e-01  1.904796e-01
 2.149656e-01  8.751191e-01  6.880502e-01  5.601751e-01
 2.520859e-01  9.438432e-01  7.197273e-01  1.941836e-01
 3.272208e-01  1.392947e+00  3.067910e-01  1.049904e+00
 3.372607e-01  1.085795e+00  2.934017e-01  1.598804e+00
 3.690014e-01  1.416047e+00  9.006575e-01  8.694947e-01
 3.545306e-01  1.371362e+00  1.252614e+00  3.178795e-01
 3.526186e-01  1.388495e+00  2.186870e-01  5.910673e-01
 2.501248e-01  1.394655e+00  2.333290e-01  2.042355e-01
 8.628247e-01  1.598597e+00  3.797602e-01  3.758493e-01
 3.396488e-01  1.429695e+00  7.013725e-01  2.087386e-01
 8.104097e-01  8.023438e-01  3.018888e-01  9.095998e-01
 1.078454e+00  9.340606e-01  3.226953e-01  1.239961e+00
 9.306653e-01  8.650446e-01  8.819718e-01  7.833398e-01
 9.450853e-01  8.660625e-01  1.131079e+00  2.812881e-01
 8.305284e-01  8.156190e-01  1.953230e-01  5.342167e-01
 7.498628e-01  8.144208e-01  1.902738e-01  1.736465e-01
 1.354852e+00  9.785644e-01  3.521563e-01  3.408469e-01
 8.460652e-01  8.436910e-01  6.272665e-01  1.717988e-01
 1.145358e+00  2.628118e-01  2.893758e-01  8.292376e-01
 1.420293e+00  3.392544e-01  3.096052e-01  1.188906e+00
 1.294730e+00  3.275396e-01  8.051842e-01  7.145621e-01
 1.303629e+00  3.185819e-01  1.025229e+00  2.619024e-01
 1.120176e+00  2.918291e-01  1.783456e-01  4.887952e-01
 1.039969e+00  2.515088e-01  1.911030e-01  1.682488e-01
 1.644615e+00  3.536385e-01  3.270445e-01  3.191315e-01
 1.146011e+00  2.901596e-01  5.708295e-01  1.482298e-01
 2.112945e-01  4.668047e-01  2.339131e-01  1.037538e+00
 2.363541e-01  3.237720e-01  2.689561e-01  1.579892e+00
 2.480494e-01  3.651807e-01  1.337891e+00  8.895066e-01
 2.529518e-01  3.549770e-01  1.571622e+00  3.264601e-01
 1.884763e-01  5.150023e-01  2.131628e-01  5.669031e-01
 1.817969e-01  5.382230e-01  1.985398e-01  1.732457e-01
 2.076513e-01  5.357336e-01  6.269724e-01  5.042185e-01
 2.030867e-01  5.482523e-01  6.494099e-01  1.673740e-01
 1.971231e-01  1.574790e-01  3.521508e-01  9.896385e-01
 2.653052e-01  2.098973e-01  7.613761e-01  1.427098e+00
 2.225833e-01  1.844468e-01  9.203841e-01  7.809637e-01
 2.279492e-01  1.909926e-01  1.158111e+00  2.260360e-01
 1.741917e-01  1.569949e-01  2.271933e-01  5.615178e-01
 1.690318e-01  1.561759e-01  2.060415e-01  1.687639e-01
 1.917870e-01  1.972675e-01  6.637123e-01  5.161270e-01
 1.835226e-01  1.816256e-01  6.983868e-01  1.699761e-01
 6.069136e-01  4.408792e-01  2.213741e-01  9.954060e-01
 7.432665e-01  3.428028e-01  2.334397e-01  1.534546e+00
 7.901100e-01  3.549433e-01  1.329229e+00  9.077813e-01
 8.014960e-01  3.572814e-01  1.547180e+00  3.202055e-01
 5.456354e-01  4.776068e-01  2.130385e-01  5.435316e-01
 5.310978e-01  5.011287e-01  1.990061e-01  1.766672e-01
 5.497795e-01  4.865968e-01  5.908957e-01  4.766712e-01
 5.802802e-01  5.163963e-01  6.182204e-01  1.793858e-01
 6.855747e-01  1.702926e-01  3.219859e-01  9.372632e-01
 8.549682e-01  2.616961e-01  7.023739e-01  1.406058e+00
 7.258601e-01  1.936102e-01  8.646631e-01  7.425516e-01
 7.306699e-01  1.945596e-01  1.098731e+00  2.377876e-01
 5.969310e-01  1.705947e-01  2.208026e-01  5.361865e-01
 5.915897e-01  1.704645e-01  1.986273e-01  1.712719e-01
 5.992714e-01  2.031347e-01  6.257194e-01  4.921156e-01
 6.441994e-01  1.958761e-01  6.599476e-01  1.756178e-01
 2.564155e-01  8.867786e-01  2.956922e-01 -1.001556e+00
 2.944901e-01  8.396038e-01  7.188451e-01 -1.396664e+00
 2.918587e-01  8.581820e-01  1.065902e+00 -8.035212e-01
 2.868106e-01  8.438912e-01  1.274427e+00 -2.647304e-01
 2.364528e-01  9.310061e-01  2.352492e-01 -5.956341e-01
 2.384964e-01  9.575374e-01  2.133891e-01 -1.904796e-01
 2.149656e-01  8.751191e-01  6.880502e-01 -5.601751e-01
 2.520859e-01  9.438432e-01  7.197273e-01 -1.941836e-01
 3.272208e-01  1.392947e+00  3.067910e-01 -1.049904e+00
 3.372607e-01  1.085795e+00  2.934017e-01 -1.598804e+00
 3.690014e-01  1.416047e+00  9.006575e-01 -8.694947e-01
 3.545306e-01  1.371362e+00  1.252614e+00 -3.178795e-01
 3.526186e-01  1.388495e+00  2.186870e-01 -5.910673e-01
 2.501248e-01  1.394655e+00  2.333290e-01 -2.042355e-01
 8.628247e-01  1.598597e+00  3.797602e-01 -3.758493e-01
 3.396488e-01  1.429695e+00  7.013725e-01 -2.087386e-01
 8.104097e-01  8.023438e-01  3.018888e-01 -9.095998e-01
 1.078454e+00  9.340606e-01  3.226953e-01 -1.239961e+00
 9.306653e-01  8.650446e-01  8.819718e-01 -7.833398e-01
 9.450853e-01  8.660625e-01  1.131079e+00 -2.812881e-01
 8.305284e-01  8.156190e-01  1.953230e-01 -5.342167e-01
 7.498628e-01  8.144208e-01  1.902738e-01 -1.736465e-01
 1.354852e+00  9.785644e-01  3.521563e-01 -3.408469e-01
 8.460652e-01  8.436910e-01  6.272665e-01 -1.717988e-01
 1.145358e+00  2.628118e-01  2.893758e-01 -8.292376e-01
 1.420293e+00  3.392544e-01  3.096052e-01 -1.188906e+00
 1.294730e+00  3.275396e-01  8.051842e-01 -7.145621e-01
 1.303629e+00  3.185819e-01  1.025229e+00 -2.619024e-01
 1.120176e+00  2.918291e-01  1.783456e-01 -4.887952e-01
 1.039969e+00  2.515088e-01  1.911030e-01 -1.682488e-01
 1.644615e+00  3.536385e-01  3.270445e-01 -3.191315e-01
 1.146011e+00  2.901596e-01  5.708295e-01 -1.482298e-01
 2.112945e-01  4.668047e-01  2.339131e-01 -1.037538e+00
 2.363541e-01  3.237720e-01  2.689561e-01 -1.579892e+00
 2.480494e-01  3.651807e-01  1.337891e+00 -8.895066e-01
 2.529518e-01  3.549770e-01  1.571622e+00 -3.264601e-01
 1.884763e-01  5.150023e-01  2.131628e-01 -5.669031e-01
 1.817969e-01  5.382230e-01  1.985398e-01 -1.732457e-01
 2.076513e-01  5.357336e-01  6.269724e-01 -5.042185e-01
 2.030867e-01  5.482523e-01  6.494099e-01 -1.673740e-01
 1.971231e-01  1.574790e-01  3.521508e-01 -9.896385e-01
 2.653052e-01  2.098973e-01  7.613761e-01 -1.427098e+00
 2.225833e-01  1.844468e-01  9.203841e-01 -7.809637e-01
 2.279492e-01  1.909926e-01  1.158111e+00 -2.260360e-01
 1.741917e-01  1.569949e-01  2.271933e-01 -5.615178e-01
 1.690318e-01  1.561759e-01  2.060415e-01 -1.687639e-01
 1.917870e-01  1.972675e-01  6.637123e-01 -5.161270e-01
 1.835226e-01  1.816256e-01  6.983868e-01 -1.699761e-01
 6.069136e-01  4.408792e-01  2.213741e-01 -9.954060e-01
 7.432665e-01  3.428028e-01  2.334397e-01 -1.534546e+00
 7.901100e-01  3.549433e-01  1.329229e+00 -9.077813e-01
 8.014960e-01  3.572814e-01  1.547180e+00 -3.202055e-01
 5.456354e-01  4.776068e-01  2.130385e-01 -5.435316e-01
 5.310978e-01  5.011287e-01  1.990061e-01 -1.766672e-01
 5.497795e-01  4.865968e-01  5.908957e-01 -4.766712e-01
 5.802802e-01  5.163963e-01  6.182204e-01 -1.793858e-01
 6.855747e-01  1.702926e-01  3.219859e-01 -9.372632e-01
 8.549682e-01  2.616961e-01  7.023739e-01 -1.406058e+00
 7.258601e-01  1.936102e-01  8.646631e-01 -7.425516e-01
 7.306699e-01  1.945596e-01  1.098731e+00 -2.377876e-01
 5.969310e-01  1.705947e-01  2.208026e-01 -5.361865e-01
 5.915897e-01  1.704645e-01  1.986273e-01 -1.712719e-01
 5.992714e-01  2.031347e-01  6.257194e-01 -4.921156e-01
 6.441994e-01  1.958761e-01  6.599476e-01 -1.756178e-01
 2.564155e-01  8.867786e-01 -2.956922e-01  1.001556e+00
 2.944901e-01  8.396038e-01 -7.188451e-01  1.396664e+00
 2.918587e-01  8.581820e-01 -1.065902e+00  8.035212e-01
 2.868106e-01  8.438912e-01 -1.274427e+00  2.647304e-01
 2.364528e-01  9.310061e-01 -2.352492e-01  5.956341e-01
 2.384964e-01  9.575374e-01 -2.133891e-01  1.904796e-01
 2.149656e-01  8.751191e-01 -6.880502e-01  5.601751e-01
 2.520859e-01  9.438432e-01 -7.197273e-01  1.941836e-01
 3.272208e-01  1.392947e+00 -3.067910e-01  1.049904e+00
 3.372607e-01  1.085795e+00 -2.934017e-01  1.598804e+00
 3.690014e-01  1.416047e+00 -9.006575e-01  8.694947e-01
 3.545306e-01  1.371362e+00 -1.252614e+00  3.178795e-01
 3.526186e-01  1.388495e+00 -2.186870e-01  5.910673e-01
 2.501248e-01  1.394655e+00 -2.333290e-01  2.042355e-01
 8.628247e-01  1.598597e+00 -3.797602e-01  3.758493e-01
 3.396488e-01  1.429695e+00 -7.013725e-01  2.087386e-01
 8.104097e-01  8.023438e-01 -3.018888e-01  9.095998e-01
 1.078454e+00  9.340606e-01 -3.226953e-01  1.239961e+00
 9.306653e-01  8.650446e-01 -8.819718e-01  7.833398e-01
 9.450853e-01  8.660625e-01 -1.131079e+00  2.812881e-01
 8.305284e-01  8.156190e-01 -1.953230e-01  5.342167e-01
 7.498628e-01  8.144208e-01 -1.902738e-01  1.736465e-01
 1.354852e+00  9.785644e-01 -3.521563e-01  3.408469e-01
 8.460652e-01  8.436910e-01 -6.272665e-01  1.717988e-01
 1.145358e+00  2.628118e-01 -2.893758e-01  8.292376e-01
 1.420293e+00  3.392544e-01 -3.096052e-01  1.188906e+00
 1.294730e+00  3.275396e-01 -8.051842e-01  7.145621e-01
 1.303629e+00  3.185819e-01 -1.025229e+00  2.619024e-01
 1.120176e+00  2.918291e-01 -1.783456e-01  4.887952e-01
 1.039969e+00  2.515088e-01 -1.911030e-01  1.682488e-01
 1.644615e+00  3.536385e-01 -3.270445e-01  3.191315e-01
 1.146011e+00  2.901596e-01 -5.708295e-01  1.482298e-01
 2.112945e-01  4.668047e-01 -2.339131e-01  1.037538e+00
 2.363541e-01  3.237720e-01 -2.689561e-01  1.579892e+00
 2.480494e-01  3.651807e-01 -1.337891e+00  8.895066e-01
 2.529518e-01  3.549770e-01 -1.571622e+00  3.264601e-01
 1.884763e-01  5.150023e-01 -2.131628e-01  5.669031e-01
 1.817969e-01  5.382230e-01 -1.985398e-01  1.732457e-01
 2.076513e-01  5.357336e-01 -6.269724e-01  5.042185e-01
 2.030867e-01  5.482523e-01 -6.494099e-01  1.673740e-01
 1.971231e-01  1.574790e-01 -3.521508e-01  9.896385e-01
 2.653052e-01  2.098973e-01 -7.613761e-01  1.427098e+00
 2.225833e-01  1.844468e-01 -9.203841e-01  7.809637e-01
 2.279492e-01  1.909926e-01 -1.158111e+00  2.260360e-01
 1.741917e-01  1.569949e-01 -2.271933e-01  5.615178e-01
 1.690318e-01  1.561759e-01 -2.060415e-01  1.687639e-01
 1.917870e-01  1.972675e-01 -6.637123e-01  5.161270e-01
 1.835226e-01  1.816256e-01 -6.983868e-01  1.699761e-01
 6.069136e-01  4.408792e-01 -2.213741e-01  9.954060e-01
 7.432665e-01  3.428028e-01 -2.334397e-01  1.534546e+00
 7.901100e-01  3.549433e-01 -1.329229e+00  9.077813e-01
 8.014960e-01  3.572814e-01 -1.547180e+00  3.202055e-01
 5.456354e-01  4.776068e-01 -2.130385e-01  5.435316e-01
 5.310978e-01  5.011287e-01 -1.990061e-01  1.766672e-01
 5.497795e-01  4.865968e-01 -5.908957e-01  4.766712e-01
 5.802802e-01  5.163963e-01 -6.182204e-01  1.793858e-01
 6.855747e-01  1.702926e-01 -3.219859e-01  9.372632e-01
 8.549682e-01  2.616961e-01 -7.023739e-01  1.406058e+00
 7.258601e-01  1.936102e-01 -8.646631e-01  7.425516e-01
 7.306699e-01  1.945596e-01 -1.098731e+00  2.377876e-01
 5.969310e-01  1.705947e-01 -2.208026e-01  5.361865e-01
 5.915897e-01  1.704645e-01 -1.986273e-01  1.712719e-01
 5.992714e-01  2.031347e-01 -6.257194e-01  4.921156e-01
 6.441994e-01  1.958761e-01 -6.599476e-01  1.756178e-01
 2.564155e-01  8.867786e-01 -2.956922e-01 -1.001556e+00
 2.944901e-01  8.396038e-01 -7.188451e-01 -1.396664e+00
 2.918587e-01  8.581820e-01 -1.065902e+00 -8.035212e-01
 2.868106e-01  8.438912e-01 -1.274427e+00 -2.647304e-01
 2.364528e-01  9.310061e-01 -2.352492e-01 -5.956341e-01
 2.384964e-01  9.575374e-01 -2.133891e-01 -1.904796e-01
 2.149656e-01  8.751191e-01 -6.880502e-01 -5.601751e-01
 2.520859e-01  9.438432e-01 -7.197273e-01 -1.941836e-01
 3.272208e-01  1.392947e+00 -3.067910e-01 -1.049904e+00
 3.372607e-01  1.085795e+00 -2.934017e-01 -1.598804e+00
 3.690014e-01  1.416047e+00 -9.006575e-01 -8.694947e-01
 3.545306e-01  1.371362e+00 -1.252614e+00 -3.178795e-01
 3.526186e-01  1.388495e+00 -2.186870e-01 -5.910673e-01
 2.501248e-01  1.394655e+00 -2.333290e-01 -2.042355e-01
 8.628247e-01  1.598597e+00 -3.797602e-01 -3.758493e-01
 3.396488e-01  1.429695e+00 -7.013725e-01 -2.087386e-01
 8.104097e-01  8.023438e-01 -3.018888e-01 -9.095998e-01
 1.078454e+00  9.340606e-01 -3.226953e-01 -1.239961e+00
 9.306653e-01  8.650446e-01 -8.819718e-01 -7.833398e-01
 9.450853e-01  8.660625e-01 -1.131079e+00 -2.812881e-01
 8.305284e-01  8.156190e-01 -1.953230e-01 -5.342167e-01
 7.498628e-01  8.144208e-01 -1.902738e-01 -1.736465e-01
 1.354852e+00  9.785644e-01 -3.521563e-01 -3.408469e-01
 8.460652e-01  8.436910e-01 -6.272665e-01 -1.717988e-01
 1.145358e+00  2.628118e-01 -2.893758e-01 -8.292376e-01
 1.420293e+00  3.392544e-01 -3.096052e-01 -1.188906e+00
 1.294730e+00  3.275396e-01 -8.051842e-01 -7.145621e-01
 1.303629e+00  3.185819e-01 -1.025229e+00 -2.619024e-01
 1.120176e+00  2.918291e-01 -1.783456e-01 -4.887952e-01
 1.039969e+00  2.515088e-01 -1.911030e-01 -1.682488e-01
 1.644615e+00  3.536385e-01 -3.270445e-01 -3.191315e-01
 1.146011e+00  2.901596e-01 -5.708295e-01 -1.482298e-01
 2.112945e-01  4.668047e-01 -2.339131e-01 -1.037538e+00
 2.363541e-01  3.237720e-01 -2.689561e-01 -1.579892e+00
 2.480494e-01  3.651807e-01 -1.337891e+00 -8.895066e-01
 2.529518e-01  3.549770e-01 -1.571622e+00 -3.264601e-01
 1.884763e-01  5.150023e-01 -2.131628e-01 -5.669031e-01
 1.817969e-01  5.382230e-01 -1.985398e-01 -1.732457e-01
 2.076513e-01  5.357336e-01 -6.269724e-01 -5.042185e-01
 2.030867e-01  5.482523e-01 -6.494099e-01 -1.673740e-01
 1.971231e-01  1.574790e-01 -3.521508e-01 -9.896385e-01
 2.653052e-01  2.098973e-01 -7.613761e-01 -1.427098e+00
 2.225833e-01  1.844468e-01 -9.203841e-01 -7.809637e-01
 2.279492e-01  1.909926e-01 -1.158111e+00 -2.260360e-01
 1.741917e-01  1.569949e-01 -2.271933e-01 -5.615178e-01
 1.690318e-01  1.561759e-01 -2.060415e-01 -1.687639e-01
 1.917870e-01  1.972675e-01 -6.637123e-01 -5.161270e-01
 1.835226e-01  1.816256e-01 -6.983868e-01 -1.699761e-01
 6.069136e-01  4.408792e-01 -2.213741e-01 -9.954060e-01
 7.432665e-01  3.428028e-01 -2.334397e-01 -1.534546e+00
 7.901100e-01  3.549433e-01 -1.329229e+00 -9.077813e-01
 8.014960e-01  3.572814e-01 -1.547180e+00 -3.202055e-01
 5.456354e-01  4.776068e-01 -2.130385e-01 -5.435316e-01
 5.310978e-01  5.011287e-01 -1.990061e-01 -1.766672e-01
 5.497795e-01  4.865968e-01 -5.908957e-01 -4.766712e-01
 5.802802e-01  5.163963e-01 -6.182204e-01 -1.793858e-01
 6.855747e-01  1.702926e-01 -3.219859e-01 -9.372632e-01
 8.549682e-01  2.616961e-01 -7.023739e-01 -1.406058e+00
 7.258601e-01  1.936102e-01 -8.646631e-01 -7.425516e-01
 7.306699e-01  1.945596e-01 -1.098731e+00 -2.377876e-01
 5.969310e-01  1.705947e-01 -2.208026e-01 -5.361865e-01
 5.915897e-01  1.704645e-01 -1.986273e-01 -1.712719e-01
 5.992714e-01  2.031347e-01 -6.257194e-01 -4.921156e-01
 6.441994e-01  1.958761e-01 -6.599476e-01 -1.756178e-01
 2.564155e-01 -8.867786e-01  2.956922e-01  1.001556e+00
 2.944901e-01 -8.396038e-01  7.188451e-01  1.396664e+00
 2.918587e-01 -8.581820e-01  1.065902e+00  8.035212e-01
 2.868106e-01 -8.438912e-01  1.274427e+00  2.647304e-01
 2.364528e-01 -9.310061e-01  2.352492e-01  5.956341e-01
 2.384964e-01 -9.575374e-01  2.133891e-01  1.904796e-01
 2.149656e-01 -8.751191e-01  6.880502e-01  5.601751e-01
 2.520859e-01 -9.438432e-01  7.197273e-01  1.941836e-01
 3.272208e-01 -1.392947e+00  3.067910e-01  1.049904e+00
 3.372607e-01 -1.085795e+00  2.934017e-01  1.598804e+00
 3.690014e-01 -1.416047e+00  9.006575e-01  8.694947e-01
 3.545306e-01 -1.371362e+00  1.252614e+00  3.178795e-01
 3.526186e-01 -1.388495e+00  2.186870e-01  5.910673e-01
 2.501248e-01 -1.394655e+00  2.333290e-01  2.042355e-01
 8.628247e-01 -1.598597e+00  3.797602e-01  3.758493e-01
 3.396488e-01 -1.429695e+00  7.013725e-01  2.087386e-01
 8.104097e-01 -8.023438e-01  3.018888e-01  9.095998e-01
 1.078454e+00 -9.340606e-01  3.226953e-01  1.239961e+00
 9.306653e-01 -8.650446e-01  8.819718e-01  7.833398e-01
 9.450853e-01 -8.660625e-01  1.131079e+00  2.812881e-01
 8.305284e-01 -8.156190e-01  1.953230e-01  5.342167e-01
 7.498628e-01 -8.144208e-01  1.902738e-01  1.736465e-01
 1.354852e+00 -9.785644e-01  3.521563e-01  3.408469e-01
 8.460652e-01 -8.436910e-01  6.272665e-01  1.717988e-01
 1.145358e+00 -2.628118e-01  2.893758e-01  8.292376e-01
 1.420293e+00 -3.392544e-01  3.096052e-01  1.188906e+00
 1.294730e+00 -3.275396e-01  8.051842e-01  7.145621e-01
 1.303629e+00 -3.185819e-01  1.025229e+00  2.619024e-01
 1.120176e+00 -2.918291e-01  1.783456e-01  4.887952e-01
 1.039969e+00 -2.515088e-01  1.911030e-01  1.682488e-01
 1.644615e+00 -3.536385e-01  3.270445e-01  3.191315e-01
 1.146011e+00 -2.901596e-01  5.708295e-01  1.482298e-01
 2.112945e-01 -4.668047e-01  2.339131e-01  1.037538e+00
 2.363541e-01 -3.237720e-01  2.689561e-01  1.579892e+00
 2.480494e-01 -3.651807e-01  1.337891e+00  8.895066e-01
 2.529518e-01 -3.549770e-01  1.571622e+00  3.264601e-01
 1.884763e-01 -5.150023e-01  2.131628e-01  5.669031e-01
 1.817969e-01 -5.382230e-01  1.985398e-01  1.732457e-01
 2.076513e-01 -5.357336e-01  6.269724e-01  5.042185e-01
 2.030867e-01 -5.482523e-01  6.494099e-01  1.673740e-01
 1.971231e-01 -1.574790e-01  3.521508e-01  9.896385e-01
 2.653052e-01 -2.098973e-01  7.613761e-01  1.427098e+00
 2.225833e-01 -1.844468e-01  9.203841e-01  7.809637e-01
 2.279492e-01 -1.909926e-01  1.158111e+00  2.260360e-01
 1.741917e-01 -1.569949e-01  2.271933e-01  5.615178e-01
 1.690318e-01 -1.561759e-01  2.060415e-01  1.687639e-01
 1.917870e-01 -1.972675e-01  6.637123e-01  5.161270e-01
 1.835226e-01 -1.816256e-01  6.983868e-01  1.699761e-01
 6.069136e-01 -4.408792e-01  2.213741e-01  9.954060e-01
 7.432665e-01 -3.428028e-01  2.334397e-01  1.534546e+00
 7.901100e-01 -3.549433e-01  1.329229e+00  9.077813e-01
 8.014960e-01 -3.572814e-01  1.547180e+00  3.202055e-01
 5.456354e-01 -4.776068e-01  2.130385e-01  5.435316e-01
 5.310978e-01 -5.011287e-01  1.990061e-01  1.766672e-01
 5.497795e-01 -4.865968e-01  5.908957e-01  4.766712e-01
 5.802802e-01 -5.163963e-01  6.182204e-01  1.793858e-01
 6.855747e-01 -1.702926e-01  3.219859e-01  9.372632e-01
 8.549682e-01 -2.616961e-01  7.023739e-01  1.406058e+00
 7.258601e-01 -1.936102e-01  8.646631e-01  7.425516e-01
 7.306699e-01 -1.945596e-01  1.098731e+00  2.377876e-01
 5.969310e-01 -1.705947e-01  2.208026e-01  5.361865e-01
 5.915897e-01 -1.704645e-01  1.986273e-01  1.712719e-01
 5.992714e-01 -2.031347e-01  6.257194e-01  4.921156e-01
 6.441994e-01 -1.958761e-01  6.599476e-01  1.756178e-01
 2.564155e-01 -8.867786e-01  2.956922e-01 -1.001556e+00
 2.944901e-01 -8.396038e-01  7.188451e-01 -1.396664e+00
 2.918587e-01 -8.581820e-01  1.065902e+00 -8.035212e-01
 2.868106e-01 -8.438912e-01  1.274427e+00 -2.647304e-01
 2.364528e-01 -9.310061e-01  2.352492e-01 -5.956341e-01
 2.384964e-01 -9.575374e-01  2.133891e-01 -1.904796e-01
 2.149656e-01 -8.751191e-01  6.880502e-01 -5.601751e-01
 2.520859e-01 -9.438432e-01  7.197273e-01 -1.941836e-01
 3.272208e-01 -1.392947e+00  3.067910e-01 -1.049904e+00
 3.372607e-01 -1.085795e+00  2.934017e-01 -1.598804e+00
 3.690014e-01 -1.416047e+00  9.006575e-01 -8.694947e-01
 3.545306e-01 -1.371362e+00  1.252614e+00 -3.178795e-01
 3.526186e-01 -1.388495e+00  2.186870e-01 -5.910673e-01
 2.501248e-01 -1.394655e+00  2.333290e-01 -2.042355e-01
 8.628247e-01 -1.598597e+00  3.797602e-01 -3.758493e-01
 3.396488e-01 -1.429695e+00  7.013725e-01 -2.087386e-01
 8.104097e-01 -8.023438e-01  3.018888e-01 -9.095998e-01
 1.078454e+00 -9.340606e-01  3.226953e-01 -1.239961e+00
 9.306653e-01 -8.650446e-01  8.819718e-01 -7.833398e-01
 9.450853e-01 -8.660625e-01  1.131079e+00 -2.812881e-01
 8.305284e-01 -8.156190e-01  1.953230e-01 -5.342167e-01
 7.498628e-01 -8.144208e-01  1.902738e-01 -1.736465e-01
 1.354852e+00 -9.785644e-01  3.521563e-01 -3.408469e-01
 8.460652e-01 -8.436910e-01  6.272665e-01 -1.717988e-01
 1.145358e+00 -2.628118e-01  2.893758e-01 -8.292376e-01
 1.420293e+00 -3.392544e-01  3.096052e-01 -1.188906e+00
 1.294730e+00 -3.275396e-01  8.051842e-01 -7.145621e-01
 1.303629e+00 -3.185819e-01  1.025229e+00 -2.619024e-01
 1.120176e+00 -2.918291e-01  1.783456e-01 -4.887952e-01
 1.039969e+00 -2.515088e-01  1.911030e-01 -1.682488e-01
 1.644615e+00 -3.536385e-01  3.270445e-01 -3.191315e-01
 1.146011e+00 -2.901596e-01  5.708295e-01 -1.482298e-01
 2.112945e-01 -4.668047e-01  2.339131e-01 -1.037538e+00
 2.363541e-01 -3.237720e-01  2.689561e-01 -1.579892e+00
 2.480494e-01 -3.651807e-01  1.337891e+00 -8.895066e-01
 2.529518e-01 -3.549770e-01  1.571622e+00 -3.264601e-01
 1.884763e-01 -5.150023e-01  2.131628e-01 -5.669031e-01
 1.817969e-01 -5.382230e-01  1.985398e-01 -1.732457e-01
 2.076513e-01 -5.357336e-01  6.269724e-01 -5.042185e-01
 2.030867e-01 -5.482523e-01  6.494099e-01 -1.673740e-01
 1.971231e-01 -1.574790e-01  3.521508e-01 -9.896385e-01
 2.653052e-01 -2.098973e-01  7.613761e-01 -1.427098e+00
 2.225833e-01 -1.844468e-01  9.203841e-01 -7.809637e-01
 2.279492e-01 -1.909926e-01  1.158111e+00 -2.260360e-01
 1.741917e-01 -1.569949e-01  2.271933e-01 -5.615178e-01
 1.690318e-01 -1.561759e-01  2.060415e-01 -1.687639e-01
 1.917870e-01 -1.972675e-01  6.637123e-01 -5.161270e-01
 1.835226e-01 -1.816256e-01  6.983868e-01 -1.699761e-01
 6.069136e-01 -4.408792e-01  2.213741e-01 -9.954060e-01
 7.432665e-01 -3.428028e-01  2.334397e-01 -1.534546e+00
 7.901100e-01 -3.549433e-01  1.329229e+00 -9.077813e-01
 8.014960e-01 -3.572814e-01  1.547180e+00 -3.202055e-01
 5.456354e-01 -4.776068e-01  2.130385e-01 -5.435316e-01
 5.310978e-01 -5.011287e-01  1.990061e-01 -1.766672e-01
 5.497795e-01 -4.865968e-01  5.908957e-01 -4.766712e-01
 5.802802e-01 -5.163963e-01  6.182204e-01 -1.793858e-01
 6.855747e-01 -1.702926e-01  3.219859e-01 -9.372632e-01
 8.549682e-01 -2.616961e-01  7.023739e-01 -1.406058e+00
 7.258601e-01 -1.936102e-01  8.646631e-01 -7.425516e-01
 7.306699e-01 -1.945596e-01  1.098731e+00 -2.377876e-01
 5.969310e-01 -1.705947e-01  2.208026e-01 -5.361865e-01
 5.915897e-01 -1.704645e-01  1.986273e-01 -1.712719e-01
 5.992714e-01 -2.031347e-01  6.257194e-01 -4.921156e-01
 6.441994e-01 -1.958761e-01  6.599476e-01 -1.756178e-01
 2.564155e-01 -8.867786e-01 -2.956922e-01  1.001556e+00
 2.944901e-01 -8.396038e-01 -7.188451e-01  1.396664e+00
 2.918587e-01 -8.581820e-01 -1.065902e+00  8.035212e-01
 2.868106e-01 -8.438912e-01 -1.274427e+00  2.647304e-01
 2.364528e-01 -9.310061e-01 -2.352492e-01  5.956341e-01
 2.384964e-01 -9.575374e-01 -2.133891e-01  1.904796e-01
 2.149656e-01 -8.751191e-01 -6.880502e-01  5.601751e-01
 2.520859e-01 -9.438432e-01 -7.197273e-01  1.941836e-01
 3.272208e-01 -1.392947e+00 -3.067910e-01  1.049904e+00
 3.372607e-01 -1.085795e+00 -2.934017e-01  1.598804e+00
 3.690014e-01 -1.416047e+00 -9.006575e-01  8.694947e-01
 3.545306e-01 -1.371362e+00 -1.252614e+00  3.178795e-01
 3.526186e-01 -1.388495e+00 -2.186870e-01  5.910673e-01
 2.501248e-01 -1.394655e+00 -2.333290e-01  2.042355e-01
 8.628247e-01 -1.598597e+00 -3.797602e-01  3.758493e-01
 3.396488e-01 -1.429695e+00 -7.013725e-01  2.087386e-01
 8.104097e-01 -8.023438e-01 -3.018888e-01  9.095998e-01
 1.078454e+00 -9.340606e-01 -3.226953e-01  1.239961e+00
 9.306653e-01 -8.650446e-01 -8.819718e-01  7.833398e-01
 9.450853e-01 -8.660625e-01 -1.131079e+00  2.812881e-01
 8.305284e-01 -8.156190e-01 -1.953230e-01  5.342167e-01
 7.498628e-01 -8.144208e-01 -1.902738e-01  1.736465e-01
 1.354852e+00 -9.785644e-01 -3.521563e-01  3.408469e-01
 8.460652e-01 -8.436910e-01 -6.272665e-01  1.717988e-01
 1.145358e+00 -2.628118e-01 -2.893758e-01  8.292376e-01
 1.420293e+00 -3.392544e-01 -3.096052e-01  1.188906e+00
 1.294730e+00 -3.275396e-01 -8.051842e-01  7.145621e-01
 1.303629e+00 -3.185819e-01 -1.025229e+00  2.619024e-01
 1.120176e+00 -2.918291e-01 -1.783456e-01  4.887952e-01
 1.039969e+00 -2.515088e-01 -1.911030e-01  1.682488e-01
 1.644615e+00 -3.536385e-01 -3.270445e-01  3.191315e-01
 1.146011e+00 -2.901596e-01 -5.708295e-01  1.482298e-01
 2.112945e-01 -4.668047e-01 -2.339131e-01  1.037538e+00
 2.363541e-01 -3.237720e-01 -2.689561e-01  1.579892e+00
 2.480494e-01 -3.651807e-01 -1.337891e+00  8.895066e-01
 2.529518e-01 -3.549770e-01 -1.571622e+00  3.264601e-01
 1.884763e-01 -5.150023e-01 -2.131628e-01  5.669031e-01
 1.817969e-01 -5.382230e-01 -1.985398e-01  1.732457e-01
 2.076513e-01 -5.357336e-01 -6.269724e-01  5.042185e-01
 2.030867e-01 -5.482523e-01 -6.494099e-01  1.673740e-01
 1.971231e-01 -1.574790e-01 -3.521508e-01  9.896385e-01
 2.653052e-01 -2.098973e-01 -7.613761e-01  1.427098e+00
 2.225833e-01 -1.844468e-01 -9.203841e-01  7.809637e-01
 2.279492e-01 -1.909926e-01 -1.158111e+00  2.260360e-01
 1.741917e-01 -1.569949e-01 -2.271933e-01  5.615178e-01
 1.690318e-01 -1.561759e-01 -2.060415e-01  1.687639e-01
 1.917870e-01 -1.972675e-01 -6.637123e-01  5.161270e-01
 1.835226e-01 -1.816256e-01 -6.983868e-01  1.699761e-01
 6.069136e-01 -4.408792e-01 -2.213741e-01  9.954060e-01
 7.432665e-01 -3.428028e-01 -2.334397e-01  1.534546e+00
 7.901100e-01 -3.549433e-01 -1.329229e+00  9.077813e-01
 8.014960e-01 -3.572814e-01 -1.547180e+00  3.202055e-01
 5.456354e-01 -4.776068e-01 -2.130385e-01  5.435316e-01
 5.310978e-01 -5.011287e-01 -1.990061e-01  1.766672e-01
 5.497795e-01 -4.865968e-01 -5.908957e-01  4.766712e-01
 5.802802e-01 -5.163963e-01 -6.182204e-01  1.793858e-01
 6.855747e-01 -1.702926e-01 -3.219859e-01  9.372632e-01
 8.549682e-01 -2.616961e-01 -7.023739e-01  1.406058e+00
 7.258601e-01 -1.936102e-01 -8.646631e-01  7.425516e-01
 7.306699e-01 -1.945596e-01 -1.098731e+00  2.377876e-01
 5.969310e-01 -1.705947e-01 -2.208026e-01  5.361865e-01
 5.915897e-01 -1.704645e-01 -1.986273e-01  1.712719e-01
 5.992714e-01 -2.031347e-01 -6.257194e-01  4.921156e-01
 6.441994e-01 -1.958761e-01 -6.599476e-01  1.756178e-01
 2.564155e-01 -8.867786e-01 -2.956922e-01 -1.001556e+00
 2.944901e-01 -8.396038e-01 -7.188451e-01 -1.396664e+00
 2.918587e-01 -8.581820e-01 -1.065902e+00 -8.035212e-01
 2.868106e-01 -8.438912e-01 -1.274427e+00 -2.647304e-01
 2.364528e-01 -9.310061e-01 -2.352492e-01 -5.956341e-01
 2.384964e-01 -9.575374e-01 -2.133891e-01 -1.904796e-01
 2.149656e-01 -8.751191e-01 -6.880502e-01 -5.601751e-01
 2.520859e-01 -9.438432e-01 -7.197273e-01 -1.941836e-01
 3.272208e-01 -1.392947e+00 -3.067910e-01 -1.049904e+00
 3.372607e-01 -1.085795e+00 -2.934017e-01 -1.598804e+00
 3.690014e-01 -1.416047e+00 -9.006575e-01 -8.694947e-01
 3.545306e-01 -1.371362e+00 -1.252614e+00 -3.178795e-01
 3.526186e-01 -1.388495e+00 -2.186870e-01 -5.910673e-01
 2.501248e-01 -1.394655e+00 -2.333290e-01 -2.042355e-01
 8.628247e-01 -1.598597e+00 -3.797602e-01 -3.758493e-01
 3.396488e-01 -1.429695e+00 -7.013725e-01 -2.087386e-01
 8.104097e-01 -8.023438e-01 -3.018888e-01 -9.095998e-01
 1.078454e+00 -9.340606e-01 -3.226953e-01 -1.239961e+00
 9.306653e-01 -8.650446e-01 -8.819718e-01 -7.833398e-01
 9.450853e-01 -8.660625e-01 -1.131079e+00 -2.812881e-01
 8.305284e-01 -8.156190e-01 -1.953230e-01 -5.342167e-01
 7.498628e-01 -8.144208e-01 -1.902738e-01 -1.736465e-01
 1.354852e+00 -9.785644e-01 -3.521563e-01 -3.408469e-01
 8.460652e-01 -8.436910e-01 -6.272665e-01 -1.717988e-01
 1.145358e+00 -2.628118e-01 -2.893758e-01 -8.292376e-01
 1.420293e+00 -3.392544e-01 -3.096052e-01 -1.188906e+00
 1.294730e+00 -3.275396e-01 -8.051842e-01 -7.145621e-01
 1.303629e+00 -3.185819e-01 -1.025229e+00 -2.619024e-01
 1.120176e+00 -2.918291e-01 -1.783456e-01 -4.887952e-01
 1.039969e+00 -2.515088e-01 -1.911030e-01 -1.682488e-01
 1.644615e+00 -3.536385e-01 -3.270445e-01 -3.191315e-01
 1.146011e+00 -2.901596e-01 -5.708295e-01 -1.482298e-01
 2.112945e-01 -4.668047e-01 -2.339131e-01 -1.037538e+00
 2.363541e-01 -3.237720e-01 -2.689561e-01 -1.579892e+00
 2.480494e-01 -3.651807e-01 -1.337891e+00 -8.895066e-01
 2.529518e-01 -3.549770e-01 -1.571622e+00 -3.264601e-01
 1.884763e-01 -5.150023e-01 -2.131628e-01 -5.669031e-01
 1.817969e-01 -5.382230e-01 -1.985398e-01 -1.732457e-01
 2.076513e-01 -5.357336e-01 -6.269724e-01 -5.042185e-01
 2.030867e-01 -5.482523e-01 -6.494099e-01 -1.673740e-01
 1.971231e-01 -1.574790e-01 -3.521508e-01 -9.896385e-01
 2.653052e-01 -2.098973e-01 -7.613761e-01 -1.427098e+00
 2.225833e-01 -1.844468e-01 -9.203841e-01 -7.809637e-01
 2.279492e-01 -1.909926e-01 -1.158111e+00 -2.260360e-01
 1.741917e-01 -1.569949e-01 -2.271933e-01 -5.615178e-01
 1.690318e-01 -1.561759e-01 -2.060415e-01 -1.687639e-01
 1.917870e-01 -1.972675e-01 -6.637123e-01 -5.161270e-01
 1.835226e-01 -1.816256e-01 -6.983868e-01 -1.699761e-01
 6.069136e-01 -4.408792e-01 -2.213741e-01 -9.954060e-01
 7.432665e-01 -3.428028e-01 -2.334397e-01 -1.534546e+00
 7.901100e-01 -3.549433e-01 -1.329229e+00 -9.077813e-01
 8.014960e-01 -3.572814e-01 -1.547180e+00 -3.202055e-01
 5.456354e-01 -4.776068e-01 -2.130385e-01 -5.435316e-01
 5.310978e-01 -5.011287e-01 -1.990061e-01 -1.766672e-01
 5.497795e-01 -4.865968e-01 -5.908957e-01 -4.766712e-01
 5.802802e-01 -5.163963e-01 -6.182204e-01 -1.793858e-01
 6.855747e-01 -1.702926e-01 -3.219859e-01 -9.372632e-01
 8.549682e-01 -2.616961e-01 -7.023739e-01 -1.406058e+00
 7.258601e-01 -1.936102e-01 -8.646631e-01 -7.425516e-01
 7.306699e-01 -1.945596e-01 -1.098731e+00 -2.377876e-01
 5.969310e-01 -1.705947e-01 -2.208026e-01 -5.361865e-01
 5.915897e-01 -1.704645e-01 -1.986273e-01 -1.712719e-01
 5.992714e-01 -2.031347e-01 -6.257194e-01 -4.921156e-01
 6.441994e-01 -1.958761e-01 -6.599476e-01 -1.756178e-01
-2.564155e-01  8.867786e-01  2.956922e-01  1.001556e+00
-2.944901e-01  8.396038e-01  7.188451e-01  1.396664e+00
-2.918587e-01  8.581820e-01  1.065902e+00  8.035212e-01
-2.868106e-01  8.438912e-01  1.274427e+00  2.647304e-01
-2.364528e-01  9.310061e-01  2.352492e-01  5.956341e-01
-2.384964e-01  9.575374e-01  2.133891e-01  1.904796e-01
-2.149656e-01  8.751191e-01  6.880502e-01  5.601751e-01
-2.520859e-01  9.438432e-01  7.197273e-01  1.941836e-01
-3.272208e-01  1.392947e+00  3.067910e-01  1.049904e+00
-3.372607e-01  1.085795e+00  2.934017e-01  1.598804e+00
-3.690014e-01  1.416047e+00  9.006575e-01  8.694947e-01
-3.545306e-01  1.371362e+00  1.252614e+00  3.178795e-01
-3.526186e-01  1.388495e+00  2.186870e-01  5.910673e-01
-2.501248e-01  1.394655e+00  2.333290e-01  2.042355e-01
-8.628247e-01  1.598597e+00  3.797602e-01  3.758493e-01
-3.396488e-01  1.429695e+00  7.013725e-01  2.087386e-01
-8.104097e-01  8.023438e-01  3.018888e-01  9.095998e-01
-1.078454e+00  9.340606e-01  3.226953e-01  1.239961e+00
-9.306653e-01  8.650446e-01  8.819718e-01  7.833398e-01
-9.450853e-01  8.660625e-01  1.131079e+00  2.812881e-01
-8.305284e-01  8.156190e-01  1.953230e-01  5.342167e-01
-7.498628e-01  8.144208e-01  1.902738e-01  1.736465e-01
-1.354852e+00  9.785644e-01  3.521563e-01  3.408469e-01
-8.460652e-01  8.436910e-01  6.272665e-01  1.717988e-01
-1.145358e+00  2.628118e-01  2.893758e-01  8.292376e-01
-1.420293e+00  3.392544e-01  3.096052e-01  1.188906e+00
-1.294730e+00  3.275396e-01  8.051842e-01  7.145621e-01
-1.303629e+00  3.185819e-01  1.025229e+00  2.619024e-01
-1.120176e+00  2.918291e-01  1.783456e-01  4.887952e-01
-1.039969e+00  2.515088e-01  1.911030e-01  1.682488e-01
-1.644615e+00  3.536385e-01  3.270445e-01  3.191315e-01
-1.146011e+00  2.901596e-01  5.708295e-01  1.482298e-01
-2.112945e-01  4.668047e-01  2.339131e-01  1.037538e+00
-2.363541e-01  3.237720e-01  2.689561e-01  1.579892e+00
-2.480494e-01  3.651807e-01  1.337891e+00  8.895066e-01
-2.529518e-01  3.549770e-01  1.571622e+00  3.264601e-01
-1.884763e-01  5.150023e-01  2.131628e-01  5.669031e-01
-1.817969e-01  5.382230e-01  1.985398e-01  1.732457e-01
-2.076513e-01  5.357336e-01  6.269724e-01  5.042185e-01
-2.030867e-01  5.482523e-01  6.494099e-01  1.673740e-01
-1.971231e-01  1.574790e-01  3.521508e-01  9.896385e-01
-2.653052e-01  2.098973e-01  7.613761e-01  1.427098e+00
-2.225833e-01  1.844468e-01  9.203841e-01  7.809637e-01
-2.279492e-01  1.909926e-01  1.158111e+00  2.260360e-01
-1.741917e-01  1.569949e-01  2.271933e-01  5.615178e-01
-1.690318e-01  1.561759e-01  2.060415e-01  1.687639e-01
-1.917870e-01  1.972675e-01  6.637123e-01  5.161270e-01
-1.835226e-01  1.816256e-01  6.983868e-01  1.699761e-01
-6.069136e-01  4.408792e-01  2.213741e-01  9.954060e-01
-7.432665e-01  3.428028e-01  2.334397e-01  1.534546e+00
-7.901100e-01  3.549433e-01  1.329229e+00  9.077813e-01
-8.014960e-01  3.572814e-01  1.547180e+00  3.202055e-01
-5.456354e-01  4.776068e-01  2.130385e-01  5.435316e-01
-5.310978e-01  5.011287e-01  1.990061e-01  1.766672e-01
-5.497795e-01  4.865968e-01  5.908957e-01  4.766712e-01
-5.802802e-01  5.163963e-01  6.182204e-01  1.793858e-01
-6.855747e-01  1.702926e-01  3.219859e-01  9.372632e-01
-8.549682e-01  2.616961e-01  7.023739e-01  1.406058e+00
-7.258601e-01  1.936102e-01  8.646631e-01  7.425516e-01
-7.306699e-01  1.945596e-01  1.098731e+00  2.377876e-01
-5.969310e-01  1.705947e-01  2.208026e-01  5.361865e-01
-5.915897e-01  1.704645e-01  1.986273e-01  1.712719e-01
-5.992714e-01  2.031347e-01  6.257194e-01  4.921156e-01
-6.441994e-01  1.958761e-01  6.599476e-01  1.756178e-01
-2.564155e-01  8.867786e-01  2.956922e-01 -1.001556e+00
-2.944901e-01  8.396038e-01  7.188451e-01 -1.396664e+00
-2.918587e-01  8.581820e-01  1.065902e+00 -8.035212e-01
-2.868106e-01  8.438912e-01  1.274427e+00 -2.647304e-01
-2.364528e-01  9.310061e-01  2.352492e-01 -5.956341e-01
-2.384964e-01  9.575374e-01  2.133891e-01 -1.904796e-01
-2.149656e-01  8.751191e-01  6.880502e-01 -5.601751e-01
-2.520859e-01  9.438432e-01  7.197273e-01 -1.941836e-01
-3.272208e-01  1.392947e+00  3.067910e-01 -1.049904e+00
-3.372607e-01  1.085795e+00  2.934017e-01 -1.598804e+00
-3.690014e-01  1.416047e+00  9.006575e-01 -8.694947e-01
-3.545306e-01  1.371362e+00  1.252614e+00 -3.178795e-01
-3.526186e-01  1.388495e+00  2.186870e-01 -5.910673e-01
-2.501248e-01  1.394655e+00  2.333290e-01 -2.042355e-01
-8.628247e-01  1.598597e+00  3.797602e-01 -3.758493e-01
-3.396488e-01  1.429695e+00  7.013725e-01 -2.087386e-01
-8.104097e-01  8.023438e-01  3.018888e-01 -9.095998e-01
-1.078454e+00  9.340606e-01  3.226953e-01 -1.239961e+00
-9.306653e-01  8.650446e-01  8.819718e-01 -7.833398e-01
-9.450853e-01  8.660625e-01  1.131079e+00 -2.812881e-01
-8.305284e-01  8.156190e-01  1.953230e-01 -5.342167e-01
-7.498628e-01  8.144208e-01  1.902738e-01 -1.736465e-01
-1.354852e+00  9.785644e-01  3.521563e-01 -3.408469e-01
-8.460652e-01  8.436910e-01  6.272665e-01 -1.717988e-01
-1.145358e+00  2.628118e-01  2.893758e-01 -8.292376e-01
-1.420293e+00  3.392544e-01  3.096052e-01 -1.188906e+00
-1.294730e+00  3.275396e-01  8.051842e-01 -7.145621e-01
-1.303629e+00  3.185819e-01  1.025229e+00 -2.619024e-01
-1.120176e+00  2.918291e-01  1.783456e-01 -4.887952e-01
-1.039969e+00  2.515088e-01  1.911030e-01 -1.682488e-01
-1.644615e+00  3.536385e-01  3.270445e-01 -3.191315e-01
-1.146011e+00  2.901596e-01  5.708295e-01 -1.482298e-01
-2.112945e-01  4.668047e-01  2.339131e-01 -1.037538e+00
-2.363541e-01  3.237720e-01  2.689561e-01 -1.579892e+00
-2.480494e-01  3.651807e-01  1.337891e+00 -8.895066e-01
-2.529518e-01  3.549770e-01  1.571622e+00 -3.264601e-01
-1.884763e-01  5.150023e-01  2.131628e-01 -5.669031e-01
-1.817969e-01  5.382230e-01  1.985398e-01 -1.732457e-01
-2.076513e-01  5.357336e-01  6.269724e-01 -5.042185e-01
-2.030867e-01  5.482523e-01  6.494099e-01 -1.673740e-01
-1.971231e-01  1.574790e-01  3.521508e-01 -9.896385e-01
-2.653052e-01  2.098973e-01  7.613761e-01 -1.427098e+00
-2.225833e-01  1.844468e-01  9.203841e-01 -7.809637e-01
-2.279492e-01  1.909926e-01  1.158111e+00 -2.260360e-01
-1.741917e-01  1.569949e-01  2.271933e-01 -5.615178e-01
-1.690318e-01  1.561759e-01  2.060415e-01 -1.687639e-01
-1.917870e-01  1.972675e-01  6.637123e-01 -5.161270e-01
-1.835226e-01  1.816256e-01  6.983868e-01 -1.699761e-01
-6.069136e-01  4.408792e-01  2.213741e-01 -9.954060e-01
-7.432665e-01  3.428028e-01  2.334397e-01 -1.534546e+00
-7.901100e-01  3.549433e-01  1.329229e+00 -9.077813e-01
-8.014960e-01  3.572814e-01  1.547180e+00 -3.202055e-01
-5.456354e-01  4.776068e-01  2.130385e-01 -5.435316e-01
-5.310978e-01  5.011287e-01  1.990061e-01 -1.766672e-01
-5.497795e-01  4.865968e-01  5.908957e-01 -4.766712e-01
-5.802802e-01  5.163963e-01  6.182204e-01 -1.793858e-01
-6.855747e-01  1.702926e-01  3.219859e-01 -9.372632e-01
-8.549682e-01  2.616961e-01  7.023739e-01 -1.406058e+00
-7.258601e-01  1.936102e-01  8.646631e-01 -7.425516e-01
-7.306699e-01  1.945596e-01  1.098731e+00 -2.377876e-01
-5.969310e-01  1.705947e-01  2.208026e-01 -5.361865e-01
-5.915897e-01  1.704645e-01  1.986273e-01 -1.712719e-01
-5.992714e-01  2.031347e-01  6.257194e-01 -4.921156e-01
-6.441994e-01  1.958761e-01  6.599476e-01 -1.756178e-01
-2.564155e-01  8.867786e-01 -2.956922e-01  1.001556e+00
-2.944901e-01  8.396038e-01 -7.188451e-01  1.396664e+00
-2.918587e-01  8.581820e-01 -1.065902e+00  8.035212e-01
-2.868106e-01  8.438912e-01 -1.274427e+00  2.647304e-01
-2.364528e-01  9.310061e-01 -2.352492e-01  5.956341e-01
-2.384964e-01  9.575374e-01 -2.133891e-01  1.904796e-01
-2.149656e-01  8.751191e-01 -6.880502e-01  5.601751e-01
-2.520859e-01  9.438432e-01 -7.197273e-01  1.941836e-01
-3.272208e-01  1.392947e+00 -3.067910e-01  1.049904e+00
-3.372607e-01  1.085795e+00 -2.934017e-01  1.598804e+00
-3.690014e-01  1.416047e+00 -9.006575e-01  8.694947e-01
-3.545306e-01  1.371362e+00 -1.252614e+00  3.178795e-01
-3.526186e-01  1.388495e+00 -2.186870e-01  5.910673e-01
-2.501248e-01  1.394655e+00 -2.333290e-01  2.042355e-01
-8.628247e-01  1.598597e+00 -3.797602e-01  3.758493e-01
-3.396488e-01  1.429695e+00 -7.013725e-01  2.087386e-01
-8.104097e-01  8.023438e-01 -3.018888e-01  9.095998e-01
-1.078454e+00  9.340606e-01 -3.226953e-01  1.239961e+00
-9.306653e-01  8.650446e-01 -8.819718e-01  7.833398e-01
-9.450853e-01  8.660625e-01 -1.131079e+00  2.812881e-01
-8.305284e-01  8.156190e-01 -1.953230e-01  5.342167e-01
-7.498628e-01  8.144208e-01 -1.902738e-01  1.736465e-01
-1.354852e+00  9.785644e-01 -3.521563e-01  3.408469e-01
-8.460652e-01  8.436910e-01 -6.272665e-01  1.717988e-01
-1.145358e+00  2.628118e-01 -2.893758e-01  8.292376e-01
-1.420293e+00  3.392544e-01 -3.096052e-01  1.188906e+00
-1.294730e+00  3.275396e-01 -8.051842e-01  7.145621e-01
-1.303629e+00  3.185819e-01 -1.025229e+00  2.619024e-01
-1.120176e+00  2.918291e-01 -1.783456e-01  4.887952e-01
-1.039969e+00  2.515088e-01 -1.911030e-01  1.682488e-01
-1.644615e+00  3.536385e-01 -3.270445e-01  3.191315e-01
-1.146011e+00  2.901596e-01 -5.708295e-01  1.482298e-01
-2.112945e-01  4.668047e-01 -2.339131e-01  1.037538e+00
-2.363541e-01  3.237720e-01 -2.689561e-01  1.579892e+00
-2.480494e-01  3.651807e-01 -1.337891e+00  8.895066e-01
-2.529518e-01  3.549770e-01 -1.571622e+00  3.264601e-01
-1.884763e-01  5.150023e-01 -2.131628e-01  5.669031e-01
-1.817969e-01  5.382230e-01 -1.985398e-01  1.732457e-01
-2.076513e-01  5.357336e-01 -6.269724e-01  5.042185e-01
-2.030867e-01  5.482523e-01 -6.494099e-01  1.673740e-01
-1.971231e-01  1.574790e-01 -3.521508e-01  9.896385e-01
-2.653052e-01  2.098973e-01 -7.613761e-01  1.427098e+00
-2.225833e-01  1.844468e-01 -9.203841e-01  7.809637e-01
-2.279492e-01  1.909926e-01 -1.158111e+00  2.260360e-01
-1.741917e-01  1.569949e-01 -2.271933e-01  5.615178e-01
-1.690318e-01  1.561759e-01 -2.060415e-01  1.687639e-01
-1.917870e-01  1.972675e-01 -6.637123e-01  5.161270e-01
-1.835226e-01  1.816256e-01 -6.983868e-01  1.699761e-01
-6.069136e-01  4.408792e-01 -2.213741e-01  9.954060e-01
-7.432665e-01  3.428028e-01 -2.334397e-01  1.534546e+00
-7.901100e-01  3.549433e-01 -1.329229e+00  9.077813e-01
-8.014960e-01  3.572814e-01 -1.547180e+00  3.202055e-01
-5.456354e-01  4.776068e-01 -2.130385e-01  5.435316e-01
-5.310978e-01  5.011287e-01 -1.990061e-01  1.766672e-01
-5.497795e-01  4.865968e-01 -5.908957e-01  4.766712e-01
-5.802802e-01  5.163963e-01 -6.182204e-01  1.793858e-01
-6.855747e-01  1.702926e-01 -3.219859e-01  9.372632e-01
-8.549682e-01  2.616961e-01 -7.023739e-01  1.406058e+00
-7.258601e-01  1.936102e-01 -8.646631e-01  7.425516e-01
-7.306699e-01  1.945596e-01 -1.098731e+00  2.377876e-01
-5.969310e-01  1.705947e-01 -2.208026e-01  5.361865e-01
-5.915897e-01  1.704645e-01 -1.986273e-01  1.712719e-01
-5.992714e-01  2.031347e-01 -6.257194e-01  4.921156e-01
-6.441994e-01  1.958761e-01 -6.599476e-01  1.756178e-01
-2.564155e-01  8.867786e-01 -2.956922e-01 -1.001556e+00
-2.944901e-01  8.396038e-01 -7.188451e-01 -1.396664e+00
-2.918587e-01  8.581820e-01 -1.065902e+00 -8.035212e-01
-2.868106e-01  8.438912e-01 -1.274427e+00 -2.647304e-01
-2.364528e-01  9.310061e-01 -2.352492e-01 -5.956341e-01
-2.384964e-01  9.575374e-01 -2.133891e-01 -1.904796e-01
-2.149656e-01  8.751191e-01 -6.880502e-01 -5.601751e-01
-2.520859e-01  9.438432e-01 -7.197273e-01 -1.941836e-01
-3.272208e-01  1.392947e+00 -3.067910e-01 -1.049904e+00
-3.372607e-01  1.085795e+00 -2.934017e-01 -1.598804e+00
-3.690014e-01  1.416047e+00 -9.006575e-01 -8.694947e-01
-3.545306e-01  1.371362e+00 -1.252614e+00 -3.178795e-01
-3.526186e-01  1.388495e+00 -2.186870e-01 -5.910673e-01
-2.501248e-01  1.394655e+00 -2.333290e-01 -2.042355e-01
-8.628247e-01  1.598597e+00 -3.797602e-01 -3.758493e-01
-3.396488e-01  1.429695e+00 -7.013725e-01 -2.087386e-01
-8.104097e-01  8.023438e-01 -3.018888e-01 -9.095998e-01
-1.078454e+00  9.340606e-01 -3.226953e-01 -1.239961e+00
-9.306653e-01  8.650446e-01 -8.819718e-01 -7.833398e-01
-9.450853e-01  8.660625e-01 -1.131079e+00 -2.812881e-01
-8.305284e-01  8.156190e-01 -1.953230e-01 -5.342167e-01
-7.498628e-01  8.144208e-01 -1.902738e-01 -1.736465e-01
-1.354852e+00  9.785644e-01 -3.521563e-01 -3.408469e-01
-8.460652e-01  8.436910e-01 -6.272665e-01 -1.717988e-01
-1.145358e+00  2.628118e-01 -2.893758e-01 -8.292376e-01
-1.420293e+00  3.392544e-01 -3.096052e-01 -1.188906e+00
-1.294730e+00  3.275396e-01 -8.051842e-01 -7.145621e-01
-1.303629e+00  3.185819e-01 -1.025229e+00 -2.619024e-01
-1.120176e+00  2.918291e-01 -1.783456e-01 -4.887952e-01
-1.039969e+00  2.515088e-01 -1.911030e-01 -1.682488e-01
-1.644615e+00  3.536385e-01 -3.270445e-01 -3.191315e-01
-1.146011e+00  2.901596e-01 -5.708295e-01 -1.482298e-01
-2.112945e-01  4.668047e-01 -2.339131e-01 -1.037538e+00
-2.363541e-01  3.237720e-01 -2.689561e-01 -1.579892e+00
-2.480494e-01  3.651807e-01 -1.337891e+00 -8.895066e-01
-2.529518e-01  3.549770e-01 -1.571622e+00 -3.264601e-01
-1.884763e-01  5.150023e-01 -2.131628e-01 -5.669031e-01
-1.817969e-01  5.382230e-01 -1.985398e-01 -1.732457e-01
-2.076513e-01  5.357336e-01 -6.269724e-01 -5.042185e-01
-2.030867e-01  5.482523e-01 -6.494099e-01 -1.673740e-01
-1.971231e-01  1.574790e-01 -3.521508e-01 -9.896385e-01
-2.653052e-01  2.098973e-01 -7.613761e-01 -1.427098e+00
-2.225833e-01  1.844468e-01 -9.203841e-01 -7.809637e-01
-2.279492e-01  1.909926e-01 -1.158111e+00 -2.260360e-01
-1.741917e-01  1.569949e-01 -2.271933e-01 -5.615178e-01
-1.690318e-01  1.561759e-01 -2.060415e-01 -1.687639e-01
-1.917870e-01  1.972675e-01 -6.637123e-01 -5.161270e-01
-1.835226e-01  1.816256e-01 -6.983868e-01 -1.699761e-01
-6.069136e-01  4.408792e-01 -2.213741e-01 -9.954060e-01
-7.432665e-01  3.428028e-01 -2.334397e-01 -1.534546e+00
-7.901100e-01  3.549433e-01 -1.329229e+00 -9.077813e-01
-8.014960e-01  3.572814e-01 -1.547180e+00 -3.202055e-01
-5.456354e-01  4.776068e-01 -2.130385e-01 -5.435316e-01
-5.310978e-01  5.011287e-01 -1.990061e-01 -1.766672e-01
-5.497795e-01  4.865968e-01 -5.908957e-01 -4.766712e-01
-5.802802e-01  5.163963e-01 -6.182204e-01 -1.793858e-01
-6.855747e-01  1.702926e-01 -3.219859e-01 -9.372632e-01
-8.549682e-01  2.616961e-01 -7.023739e-01 -1.406058e+00
-7.258601e-01  1.936102e-01 -8.646631e-01 -7.425516e-01
-7.306699e-01  1.945596e-01 -1.098731e+00 -2.377876e-01
-5.969310e-01  1.705947e-01 -2.208026e-01 -5.361865e-01
-5.915897e-01  1.704645e-01 -1.986273e-01 -1.712719e-01
-5.992714e-01  2.031347e-01 -6.257194e-01 -4.921156e-01
-6.441994e-01  1.958761e-01 -6.599476e-01 -1.756178e-01
-2.564155e-01 -8.867786e-01  2.956922e-01  1.001556e+00
-2.944901e-01 -8.396038e-01  7.188451e-01  1.396664e+00
-2.918587e-01 -8.581820e-01  1.065902e+00  8.035212e-01
-2.868106e-01 -8.438912e-01  1.274427e+00  2.647304e-01
-2.364528e-01 -9.310061e-01  2.352492e-01  5.956341e-01
-2.384964e-01 -9.575374e-01  2.133891e-01  1.904796e-01
-2.149656e-01 -8.751191e-01  6.880502e-01  5.601751e-01
-2.520859e-01 -9.438432e-01  7.197273e-01  1.941836e-01
-3.272208e-01 -1.392947e+00  3.067910e-01  1.049904e+00
-3.372607e-01 -1.085795e+00  2.934017e-01  1.598804e+00
-3.690014e-01 -1.416047e+00  9.006575e-01  8.694947e-01
-3.545306e-01 -1.371362e+00  1.252614e+00  3.178795e-01
-3.526186e-01 -1.388495e+00  2.186870e-01  5.910673e-01
-2.501248e-01 -1.394655e+00  2.333290e-01  2.042355e-01
-8.628247e-01 -1.598597e+00  3.797602e-01  3.758493e-01
-3.396488e-01 -1.429695e+00  7.013725e-01  2.087386e-01
-8.104097e-01 -8.023438e-01  3.018888e-01  9.095998e-01
-1.078454e+00 -9.340606e-01  3.226953e-01  1.239961e+00
-9.306653e-01 -8.650446e-01  8.819718e-01  7.833398e-01
-9.450853e-01 -8.660625e-01  1.131079e+00  2.812881e-01
-8.305284e-01 -8.156190e-01  1.953230e-01  5.342167e-01
-7.498628e-01 -8.144208e-01  1.902738e-01  1.736465e-01
-1.354852e+00 -9.785644e-01  3.521563e-01  3.408469e-01
-8.460652e-01 -8.436910e-01  6.272665e-01  1.717988e-01
-1.145358e+00 -2.628118e-01  2.893758e-01  8.292376e-01
-1.420293e+00 -3.392544e-01  3.096052e-01  1.188906e+00
-1.294730e+00 -3.275396e-01  8.051842e-01  7.145621e-01
-1.303629e+00 -3.185819e-01  1.025229e+00  2.619024e-01
-1.120176e+00 -2.918291e-01  1.783456e-01  4.887952e-01
-1.039969e+00 -2.515088e-01  1.911030e-01  1.682488e-01
-1.644615e+00 -3.536385e-01  3.270445e-01  3.191315e-01
-1.146011e+00 -2.901596e-01  5.708295e-01  1.482298e-01
-2.112945e-01 -4.668047e-01  2.339131e-01  1.037538e+00
-2.363541e-01 -3.237720e-01  2.689561e-01  1.579892e+00
-2.480494e-01 -3.651807e-01  1.337891e+00  8.895066e-01
-2.529518e-01 -3.549770e-01  1.571622e+00  3.264601e-01
-1.884763e-01 -5.150023e-01  2.131628e-01  5.669031e-01
-1.817969e-01 -5.382230e-01  1.985398e-01  1.732457e-01
-2.076513e-01 -5.357336e-01  6.269724e-01  5.042185e-01
-2.030867e-01 -5.482523e-01  6.494099e-01  1.673740e-01
-1.971231e-01 -1.574790e-01  3.521508e-01  9.896385e-01
-2.653052e-01 -2.098973e-01  7.613761e-01  1.427098e+00
-2.225833e-01 -1.844468e-01  9.203841e-01  7.809637e-01
-2.279492e-01 -1.909926e-01  1.158111e+00  2.260360e-01
-1.741917e-01 -1.569949e-01  2.271933e-01  5.615178e-01
-1.690318e-01 -1.561759e-01  2.060415e-01  1.687639e-01
-1.917870e-01 -1.972675e-01  6.637123e-01  5.161270e-01
-1.835226e-01 -1.816256e-01  6.983868e-01  1.699761e-01
-6.069136e-01 -4.408792e-01  2.213741e-01  9.954060e-01
-7.432665e-01 -3.428028e-01  2.334397e-01  1.534546e+00
-7.901100e-01 -3.549433e-01  1.329229e+00  9.077813e-01
-8.014960e-01 -3.572814e-01  1.547180e+00  3.202055e-01
-5.456354e-01 -4.776068e-01  2.130385e-01  5.435316e-01
-5.310978e-01 -5.011287e-01  1.990061e-01  1.766672e-01
-5.497795e-01 -4.865968e-01  5.908957e-01  4.766712e-01
-5.802802e-01 -5.163963e-01  6.182204e-01  1.793858e-01
-6.855747e-01 -1.702926e-01  3.219859e-01  9.372632e-01
-8.549682e-01 -2.616961e-01  7.023739e-01  1.406058e+00
-7.258601e-01 -1.936102e-01  8.646631e-01  7.425516e-01
-7.306699e-01 -1.945596e-01  1.098731e+00  2.377876e-01
-5.969310e-01 -1.705947e-01  2.208026e-01  5.361865e-01
-5.915897e-01 -1.704645e-01  1.986273e-01  1.712719e-01
-5.992714e-01 -2.031347e-01  6.257194e-01  4.921156e-01
-6.441994e-01 -1.958761e-01  6.599476e-01  1.756178e-01
-2.564155e-01 -8.867786e-01  2.956922e-01 -1.001556e+00
-2.944901e-01 -8.396038e-01  7.188451e-01 -1.396664e+00
-2.918587e-01 -8.581820e-01  1.065902e+00 -8.035212e-01
-2.868106e-01 -8.438912e-01  1.274427e+00 -2.647304e-01
-2.364528e-01 -9.310061e-01  2.352492e-01 -5.956341e-01
-2.384964e-01 -9.575374e-01  2.133891e-01 -1.904796e-01
-2.149656e-01 -8.751191e-01  6.880502e-01 -5.601751e-01
-2.520859e-01 -9.438432e-01  7.197273e-01 -1.941836e-01
-3.272208e-01 -1.392947e+00  3.067910e-01 -1.049904e+00
-3.372607e-01 -1.085795e+00  2.934017e-01 -1.598804e+00
-3.690014e-01 -1.416047e+00  9.006575e-01 -8.694947e-01
-3.545306e-01 -1.371362e+00  1.252614e+00 -3.178795e-01
-3.526186e-01 -1.388495e+00  2.186870e-01 -5.910673e-01
-2.501248e-01 -1.394655e+00  2.333290e-01 -2.042355e-01
-8.628247e-01 -1.598597e+00  3.797602e-01 -3.758493e-01
-3.396488e-01 -1.429695e+00  7.013725e-01 -2.087386e-01
-8.104097e-01 -8.023438e-01  3.018888e-01 -9.095998e-01
-1.078454e+00 -9.340606e-01  3.226953e-01 -1.239961e+00
-9.306653e-01 -8.650446e-01  8.819718e-01 -7.833398e-01
-9.450853e-01 -8.660625e-01  1.131079e+00 -2.812881e-01
-8.305284e-01 -8.156190e-01  1.953230e-01 -5.342167e-01
-7.498628e-01 -8.144208e-01  1.902738e-01 -1.736465e-01
-1.354852e+00 -9.785644e-01  3.521563e-01 -3.408469e-01
-8.460652e-01 -8.436910e-01  6.272665e-01 -1.717988e-01
-1.145358e+00 -2.628118e-01  2.893758e-01 -8.292376e-01
-1.420293e+00 -3.392544e-01  3.096052e-01 -1.188906e+00
-1.294730e+00 -3.275396e-01  8.051842e-01 -7.145621e-01
-1.303629e+00 -3.185819e-01  1.025229e+00 -2.619024e-01
-1.120176e+00 -2.918291e-01  1.783456e-01 -4.887952e-01
-1.039969e+00 -2.515088e-01  1.911030e-01 -1.682488e-01
-1.644615e+00 -3.536385e-01  3.270445e-01 -3.191315e-01
-1.146011e+00 -2.901596e-01  5.708295e-01 -1.482298e-01
-2.112945e-01 -4.668047e-01  2.339131e-01 -1.037538e+00
-2.363541e-01 -3.237720e-01  2.689561e-01 -1.579892e+00
-2.480494e-01 -3.651807e-01  1.337891e+00 -8.895066e-01
-2.529518e-01 -3.549770e-01  1.571622e+00 -3.264601e-01
-1.884763e-01 -5.150023e-01  2.131628e-01 -5.669031e-01
-1.817969e-01 -5.382230e-01  1.985398e-01 -1.732457e-01
-2.076513e-01 -5.357336e-01  6.269724e-01 -5.042185e-01
-2.030867e-01 -5.482523e-01  6.494099e-01 -1.673740e-01
-1.971231e-01 -1.574790e-01  3.521508e-01 -9.896385e-01
-2.653052e-01 -2.098973e-01  7.613761e-01 -1.427098e+00
-2.225833e-01 -1.844468e-01  9.203841e-01 -7.809637e-01
-2.279492e-01 -1.909926e-01  1.158111e+00 -2.260360e-01
-1.741917e-01 -1.569949e-01  2.271933e-01 -5.615178e-01
-1.690318e-01 -1.561759e-01  2.060415e-01 -1.687639e-01
-1.917870e-01 -1.972675e-01  6.637123e-01 -5.161270e-01
-1.835226e-01 -1.816256e-01  6.983868e-01 -1.699761e-01
-6.069136e-01 -4.408792e-01  2.213741e-01 -9.954060e-01
-7.432665e-01 -3.428028e-01  2.334397e-01 -1.534546e+00
-7.901100e-01 -3.549433e-01  1.329229e+00 -9.077813e-01
-8.014960e-01 -3.572814e-01  1.547180e+00 -3.202055e-01
-5.456354e-01 -4.776068e-01  2.130385e-01 -5.435316e-01
-5.310978e-01 -5.011287e-01  1.990061e-01 -1.766672e-01
-5.497795e-01 -4.865968e-01  5.908957e-01 -4.766712e-01
-5.802802e-01 -5.163963e-01  6.182204e-01 -1.793858e-01
-6.855747e-01 -1.702926e-01  3.219859e-01 -9.372632e-01
-8.549682e-01 -2.616961e-01  7.023739e-01 -1.406058e+00
-7.258601e-01 -1.936102e-01  8.646631e-01 -7.425516e-01
-7.306699e-01 -1.945596e-01  1.098731e+00 -2.377876e-01
-5.969310e-01 -1.705947e-01  2.208026e-01 -5.361865e-01
-5.915897e-01 -1.704645e-01  1.986273e-01 -1.712719e-01
-5.992714e-01 -2.031347e-01  6.257194e-01 -4.921156e-01
-6.441994e-01 -1.958761e-01  6.599476e-01 -1.756178e-01
-2.564155e-01 -8.867786e-01 -2.956922e-01  1.001556e+00
-2.944901e-01 -8.396038e-01 -7.188451e-01  1.396664e+00
-2.918587e-01 -8.581820e-01 -1.065902e+00  8.035212e-01
-2.868106e-01 -8.438912e-01 -1.274427e+00  2.647304e-01
-2.364528e-01 -9.310061e-01 -2.352492e-01  5.956341e-01
-2.384964e-01 -9.575374e-01 -2.133891e-01  1.904796e-01
-2.149656e-01 -8.751191e-01 -6.880502e-01  5.601751e-01
-2.520859e-01 -9.438432e-01 -7.197273e-01  1.941836e-01
-3.272208e-01 -1.392947e+00 -3.067910e-01  1.049904e+00
-3.372607e-01 -1.085795e+00 -2.934017e-01  1.598804e+00
-3.690014e-01 -1.416047e+00 -9.006575e-01  8.694947e-01
-3.545306e-01 -1.371362e+00 -1.252614e+00  3.178795e-01
-3.526186e-01 -1.388495e+00 -2.186870e-01  5.910673e-01
-2.501248e-01 -1.394655e+00 -2.333290e-01  2.042355e-01
-8.628247e-01 -1.598597e+00 -3.797602e-01  3.758493e-01
-3.396488e-01 -1.429695e+00 -7.013725e-01  2.087386e-01
-8.104097e-01 -8.023438e-01 -3.018888e-01  9.095998e-01
-1.078454e+00 -9.340606e-01 -3.226953e-01  1.239961e+00
-9.306653e-01 -8.650446e-01 -8.819718e-01  7.833398e-01
-9.450853e-01 -8.660625e-01 -1.131079e+00  2.812881e-01
-8.305284e-01 -8.156190e-01 -1.953230e-01  5.342167e-01
-7.498628e-01 -8.144208e-01 -1.902738e-01  1.736465e-01
-1.354852e+00 -9.785644e-01 -3.521563e-01  3.408469e-01
-8.460652e-01 -8.436910e-01 -6.272665e-01  1.717988e-01
-1.145358e+00 -2.628118e-01 -2.893758e-01  8.292376e-01
-1.420293e+00 -3.392544e-01 -3.096052e-01  1.188906e+00
-1.294730e+00 -3.275396e-01 -8.051842e-01  7.145621e-01
-1.303629e+00 -3.185819e-01 -1.025229e+00  2.619024e-01
-1.120176e+00 -2.918291e-01 -1.783456e-01  4.887952e-01
-1.039969e+00 -2.515088e-01 -1.911030e-01  1.682488e-01
-1.644615e+00 -3.536385e-01 -3.270445e-01  3.191315e-01
-1.146011e+00 -2.901596e-01 -5.708295e-01  1.482298e-01
-2.112945e-01 -4.668047e-01 -2.339131e-01  1.037538e+00
-2.363541e-01 -3.237720e-01 -2.689561e-01  1.579892e+00
-2.480494e-01 -3.651807e-01 -1.337891e+00  8.895066e-01
-2.529518e-01 -3.549770e-01 -1.571622e+00  3.264601e-01
-1.884763e-01 -5.150023e-01 -2.131628e-01  5.669031e-01
-1.817969e-01 -5.382230e-01 -1.985398e-01  1.732457e-01
-2.076513e-01 -5.357336e-01 -6.269724e-01  5.042185e-01
-2.030867e-01 -5.482523e-01 -6.494099e-01  1.673740e-01
-1.971231e-01 -1.574790e-01 -3.521508e-01  9.896385e-01
-2.653052e-01 -2.098973e-01 -7.613761e-01  1.427098e+00
-2.225833e-01 -1.844468e-01 -9.203841e-01  7.809637e-01
-2.279492e-01 -1.909926e-01 -1.158111e+00  2.260360e-01
-1.741917e-01 -1.569949e-01 -2.271933e-01  5.615178e-01
-1.690318e-01 -1.561759e-01 -2.060415e-01  1.687639e-01
-1.917870e-01 -1.972675e-01 -6.637123e-01  5.161270e-01
-1.835226e-01 -1.816256e-01 -6.983868e-01  1.699761e-01
-6.069136e-01 -4.408792e-01 -2.213741e-01  9.954060e-01
-7.432665e-01 -3.428028e-01 -2.334397e-01  1.534546e+00
-7.901100e-01 -3.549433e-01 -1.329229e+00  9.077813e-01
-8.014960e-01 -3.572814e-01 -1.547180e+00  3.202055e-01
-5.456354e-01 -4.776068e-01 -2.130385e-01  5.435316e-01
-5.310978e-01 -5.011287e-01 -1.990061e-01  1.766672e-01
-5.497795e-01 -4.865968e-01 -5.908957e-01  4.766712e-01
-5.802802e-01 -5.163963e-01 -6.182204e-01  1.793858e-01
-6.855747e-01 -1.702926e-01 -3.219859e-01  9.372632e-01
-8.549682e-01 -2.616961e-01 -7.023739e-01  1.406058e+00
-7.258601e-01 -1.936102e-01 -8.646631e-01  7.425516e-01
-7.306699e-01 -1.945596e-01 -1.098731e+00  2.377876e-01
-5.969310e-01 -1.705947e-01 -2.208026e-01  5.361865e-01
-5.915897e-01 -1.704645e-01 -1.986273e-01  1.712719e-01
-5.992714e-01 -2.031347e-01 -6.257194e-01  4.921156e-01
-6.441994e-01 -1.958761e-01 -6.599476e-01  1.756178e-01
-2.564155e-01 -8.867786e-01 -2.956922e-01 -1.001556e+00
-2.944901e-01 -8.396038e-01 -7.188451e-01 -1.396664e+00
-2.918587e-01 -8.581820e-01 -1.065902e+00 -8.035212e-01
-2.868106e-01 -8.438912e-01 -1.274427e+00 -2.647304e-01
-2.364528e-01 -9.310061e-01 -2.352492e-01 -5.956341e-01
-2.384964e-01 -9.575374e-01 -2.133891e-01 -1.904796e-01
-2.149656e-01 -8.751191e-01 -6.880502e-01 -5.601751e-01
-2.520859e-01 -9.438432e-01 -7.197273e-01 -1.941836e-01
-3.272208e-01 -1.392947e+00 -3.067910e-01 -1.049904e+00
-3.372607e-01 -1.085795e+00 -2.934017e-01 -1.598804e+00
-3.690014e-01 -1.416047e+00 -9.006575e-01 -8.694947e-01
-3.545306e-01 -1.371362e+00 -1.252614e+00 -3.178795e-01
-3.526186e-01 -1.388495e+00 -2.186870e-01 -5.910673e-01
-2.501248e-01 -1.394655e+00 -2.333290e-01 -2.042355e-01
-8.628247e-01 -1.598597e+00 -3.797602e-01 -3.758493e-01
-3.396488e-01 -1.429695e+00 -7.013725e-01 -2.087386e-01
-8.104097e-01 -8.023438e-01 -3.018888e-01 -9.095998e-01
-1.078454e+00 -9.340606e-01 -3.226953e-01 -1.239961e+00
-9.306653e-01 -8.650446e-01 -8.819718e-01 -7.833398e-01
-9.450853e-01 -8.660625e-01 -1.131079e+00 -2.812881e-01
-8.305284e-01 -8.156190e-01 -1.953230e-01 -5.342167e-01
-7.498628e-01 -8.144208e-01 -1.902738e-01 -1.736465e-01
-1.354852e+00 -9.785644e-01 -3.521563e-01 -3.408469e-01
-8.460652e-01 -8.436910e-01 -6.272665e-01 -1.717988e-01
-1.145358e+00 -2.628118e-01 -2.893758e-01 -8.292376e-01
-1.420293e+00 -3.392544e-01 -3.096052e-01 -1.188906e+00
-1.294730e+00 -3.275396e-01 -8.051842e-01 -7.145621e-01
-1.303629e+00 -3.185819e-01 -1.025229e+00 -2.619024e-01
-1.120176e+00 -2.918291e-01 -1.783456e-01 -4.887952e-01
-1.039969e+00 -2.515088e-01 -1.911030e-01 -1.682488e-01
-1.644615e+00 -3.536385e-01 -3.270445e-01 -3.191315e-01
-1.146011e+00 -2.901596e-01 -5.708295e-01 -1.482298e-01
-2.112945e-01 -4.668047e-01 -2.339131e-01 -1.037538e+00
-2.363541e-01 -3.237720e-01 -2.689561e-01 -1.579892e+00
-2.480494e-01 -3.651807e-01 -1.337891e+00 -8.895066e-01
-2.529518e-01 -3.549770e-01 -1.571622e+00 -3.264601e-01
-1.884763e-01 -5.150023e-01 -2.131628e-01 -5.669031e-01
-1.817969e-01 -5.382230e-01 -1.985398e-01 -1.732457e-01
-2.076513e-01 -5.357336e-01 -6.269724e-01 -5.042185e-01
-2.030867e-01 -5.482523e-01 -6.494099e-01 -1.673740e-01
-1.971231e-01 -1.574790e-01 -3.521508e-01 -9.896385e-01
-2.653052e-01 -2.098973e-01 -7.613761e-01 -1.427098e+00
-2.225833e-01 -1.844468e-01 -9.203841e-01 -7.809637e-01
-2.279492e-01 -1.909926e-01 -1.158111e+00 -2.260360e-01
-1.741917e-01 -1.569949e-01 -2.271933e-01 -5.615178e-01
-1.690318e-01 -1.561759e-01 -2.060415e-01 -1.687639e-01
-1.917870e-01 -1.972675e-01 -6.637123e-01 -5.161270e-01
-1.835226e-01 -1.816256e-01 -6.983868e-01 -1.699761e-01
-6.069136e-01 -4.408792e-01 -2.213741e-01 -9.954060e-01
-7.432665e-01 -3.428028e-01 -2.334397e-01 -1.534546e+00
-7.901100e-01 -3.549433e-01 -1.329229e+00 -9.077813e-01
-8.014960e-01 -3.572814e-01 -1.547180e+00 -3.202055e-01
-5.456354e-01 -4.776068e-01 -2.130385e-01 -5.435316e-01
-5.310978e-01 -5.011287e-01 -1.990061e-01 -1.766672e-01
-5.497795e-01 -4.865968e-01 -5.908957e-01 -4.766712e-01
-5.802802e-01 -5.163963e-01 -6.182204e-01 -1.793858e-01
-6.855747e-01 -1.702926e-01 -3.219859e-01 -9.372632e-01
-8.549682e-01 -2.616961e-01 -7.023739e-01 -1.406058e+00
-7.258601e-01 -1.936102e-01 -8.646631e-01 -7.425516e-01
-7.306699e-01 -1.945596e-01 -1.098731e+00 -2.377876e-01
-5.969310e-01 -1.705947e-01 -2.208026e-01 -5.361865e-01
-5.915897e-01 -1.704645e-01 -1.986273e-01 -1.712719e-01
-5.992714e-01 -2.031347e-01 -6.257194e-01 -4.921156e-01
-6.441994e-01 -1.958761e-01 -6.599476e-01 -1.756178e-01
