 6.255513e-01  6.255777e-01  6.237797e-01  1.243666e+00
 6.217901e-01  6.221931e-01  6.231315e-01  3.456761e-01
 6.255513e-01  6.255777e-01  6.237797e-01 -1.243666e+00
 6.217901e-01  6.221931e-01  6.231315e-01 -3.456761e-01
 6.255513e-01  6.255777e-01 -6.237797e-01  1.243666e+00
 6.217901e-01  6.221931e-01 -6.231315e-01  3.456761e-01
 6.255513e-01  6.255777e-01 -6.237797e-01 -1.243666e+00
 6.217901e-01  6.221931e-01 -6.231315e-01 -3.456761e-01
 6.255513e-01 -6.255777e-01  6.237797e-01  1.243666e+00
 6.217901e-01 -6.221931e-01  6.231315e-01  3.456761e-01
 6.255513e-01 -6.255777e-01  6.237797e-01 -1.243666e+00
 6.217901e-01 -6.221931e-01  6.231315e-01 -3.456761e-01
 6.255513e-01 -6.255777e-01 -6.237797e-01  1.243666e+00
 6.217901e-01 -6.221931e-01 -6.231315e-01  3.456761e-01
 6.255513e-01 -6.255777e-01 -6.237797e-01 -1.243666e+00
 6.217901e-01 -6.221931e-01 -6.231315e-01 -3.456761e-01
-6.255513e-01  6.255777e-01  6.237797e-01  1.243666e+00
-6.217901e-01  6.221931e-01  6.231315e-01  3.456761e-01
-6.255513e-01  6.255777e-01  6.237797e-01 -1.243666e+00
-6.217901e-01  6.221931e-01  6.231315e-01 -3.456761e-01
-6.255513e-01  6.255777e-01 -6.237797e-01  1.243666e+00
-6.217901e-01  6.221931e-01 -6.231315e-01  3.456761e-01
-6.255513e-01  6.255777e-01 -6.237797e-01 -1.243666e+00
-6.217901e-01  6.221931e-01 -6.231315e-01 -3.456761e-01
-6.255513e-01 -6.255777e-01  6.237797e-01  1.243666e+00
-6.217901e-01 -6.221931e-01  6.231315e-01  3.456761e-01
-6.255513e-01 -6.255777e-01  6.237797e-01 -1.243666e+00
-6.217901e-01 -6.221931e-01  6.231315e-01 -3.456761e-01
-6.255513e-01 -6.255777e-01 -6.237797e-01  1.243666e+00
-6.217901e-01 -6.221931e-01 -6.231315e-01  3.456761e-01
-6.255513e-01 -6.255777e-01 -6.237797e-01 -1.243666e+00
-6.217901e-01 -6.221931e-01 -6.231315e-01 -3.456761e-01
