 1.337431e+00  5.320748e-01  5.314115e-01  5.524177e-01
 5.201612e-01  1.248802e+00  4.412089e-01  5.460548e-01
 5.229677e-01  4.471716e-01  1.255124e+00  5.496951e-01
 2.971156e-01  3.796975e-01  3.811522e-01  5.375980e-01
 1.337431e+00  5.320748e-01  5.314115e-01 -5.524177e-01
 5.201612e-01  1.248802e+00  4.412089e-01 -5.460548e-01
 5.229677e-01  4.471716e-01  1.255124e+00 -5.496951e-01
 2.971156e-01  3.796975e-01  3.811522e-01 -5.375980e-01
 1.337431e+00  5.320748e-01 -5.314115e-01  5.524177e-01
 5.201612e-01  1.248802e+00 -4.412089e-01  5.460548e-01
 5.229677e-01  4.471716e-01 -1.255124e+00  5.496951e-01
 2.971156e-01  3.796975e-01 -3.811522e-01  5.375980e-01
 1.337431e+00  5.320748e-01 -5.314115e-01 -5.524177e-01
 5.201612e-01  1.248802e+00 -4.412089e-01 -5.460548e-01
 5.229677e-01  4.471716e-01 -1.255124e+00 -5.496951e-01
 2.971156e-01  3.796975e-01 -3.811522e-01 -5.375980e-01
 1.337431e+00 -5.320748e-01  5.314115e-01  5.524177e-01
 5.201612e-01 -1.248802e+00  4.412089e-01  5.460548e-01
 5.229677e-01 -4.471716e-01  1.255124e+00  5.496951e-01
 2.971156e-01 -3.796975e-01  3.811522e-01  5.375980e-01
 1.337431e+00 -5.320748e-01  5.314115e-01 -5.524177e-01
 5.201612e-01 -1.248802e+00  4.412089e-01 -5.460548e-01
 5.229677e-01 -4.471716e-01  1.255124e+00 -5.496951e-01
 2.971156e-01 -3.796975e-01  3.811522e-01 -5.375980e-01
 1.337431e+00 -5.320748e-01 -5.314115e-01  5.524177e-01
 5.201612e-01 -1.248802e+00 -4.412089e-01  5.460548e-01
 5.229677e-01 -4.471716e-01 -1.255124e+00  5.496951e-01
 2.971156e-01 -3.796975e-01 -3.811522e-01  5.375980e-01
 1.337431e+00 -5.320748e-01 -5.314115e-01 -5.524177e-01
 5.201612e-01 -1.248802e+00 -4.412089e-01 -5.460548e-01
 5.229677e-01 -4.471716e-01 -1.255124e+00 -5.496951e-01
 2.971156e-01 -3.796975e-01 -3.811522e-01 -5.375980e-01
-1.337431e+00  5.320748e-01  5.314115e-01  5.524177e-01
-5.201612e-01  1.248802e+00  4.412089e-01  5.460548e-01
-5.229677e-01  4.471716e-01  1.255124e+00  5.496951e-01
-2.971156e-01  3.796975e-01  3.811522e-01  5.375980e-01
-1.337431e+00  5.320748e-01  5.314115e-01 -5.524177e-01
-5.201612e-01  1.248802e+00  4.412089e-01 -5.460548e-01
-5.229677e-01  4.471716e-01  1.255124e+00 -5.496951e-01
-2.971156e-01  3.796975e-01  3.811522e-01 -5.375980e-01
-1.337431e+00  5.320748e-01 -5.314115e-01  5.524177e-01
-5.201612e-01  1.248802e+00 -4.412089e-01  5.460548e-01
-5.229677e-01  4.471716e-01 -1.255124e+00  5.496951e-01
-2.971156e-01  3.796975e-01 -3.811522e-01  5.375980e-01
-1.337431e+00  5.320748e-01 -5.314115e-01 -5.524177e-01
-5.201612e-01  1.248802e+00 -4.412089e-01 -5.460548e-01
-5.229677e-01  4.471716e-01 -1.255124e+00 -5.496951e-01
-2.971156e-01  3.796975e-01 -3.811522e-01 -5.375980e-01
-1.337431e+00 -5.320748e-01  5.314115e-01  5.524177e-01
-5.201612e-01 -1.248802e+00  4.412089e-01  5.460548e-01
-5.229677e-01 -4.471716e-01  1.255124e+00  5.496951e-01
-2.971156e-01 -3.796975e-01  3.811522e-01  5.375980e-01
-1.337431e+00 -5.320748e-01  5.314115e-01 -5.524177e-01
-5.201612e-01 -1.248802e+00  4.412089e-01 -5.460548e-01
-5.229677e-01 -4.471716e-01  1.255124e+00 -5.496951e-01
-2.971156e-01 -3.796975e-01  3.811522e-01 -5.375980e-01
-1.337431e+00 -5.320748e-01 -5.314115e-01  5.524177e-01
-5.201612e-01 -1.248802e+00 -4.412089e-01  5.460548e-01
-5.229677e-01 -4.471716e-01 -1.255124e+00  5.496951e-01
-2.971156e-01 -3.796975e-01 -3.811522e-01  5.375980e-01
-1.337431e+00 -5.320748e-01 -5.314115e-01 -5.524177e-01
-5.201612e-01 -1.248802e+00 -4.412089e-01 -5.460548e-01
-5.229677e-01 -4.471716e-01 -1.255124e+00 -5.496951e-01
-2.971156e-01 -3.796975e-01 -3.811522e-01 -5.375980e-01
