 1.270971e+00  3.536783e-01  4.773324e-01  4.186280e-01
 1.125863e+00  1.124476e+00  5.391405e-01  5.365290e-01
 4.685829e-01  4.697243e-01  2.807445e-01  2.810767e-01
 3.545986e-01  1.272534e+00  4.188974e-01  4.787768e-01
 4.770084e-01  4.191638e-01  1.270810e+00  3.531676e-01
 5.375376e-01  5.354453e-01  1.125980e+00  1.123689e+00
 2.806808e-01  2.810822e-01  4.674189e-01  4.689570e-01
 4.197561e-01  4.781865e-01  3.550520e-01  1.273538e+00
 1.270971e+00  3.536783e-01  4.773324e-01 -4.186280e-01
 1.125863e+00  1.124476e+00  5.391405e-01 -5.365290e-01
 4.685829e-01  4.697243e-01  2.807445e-01 -2.810767e-01
 3.545986e-01  1.272534e+00  4.188974e-01 -4.787768e-01
 4.770084e-01  4.191638e-01  1.270810e+00 -3.531676e-01
 5.375376e-01  5.354453e-01  1.125980e+00 -1.123689e+00
 2.806808e-01  2.810822e-01  4.674189e-01 -4.689570e-01
 4.197561e-01  4.781865e-01  3.550520e-01 -1.273538e+00
 1.270971e+00  3.536783e-01 -4.773324e-01  4.186280e-01
 1.125863e+00  1.124476e+00 -5.391405e-01  5.365290e-01
 4.685829e-01  4.697243e-01 -2.807445e-01  2.810767e-01
 3.545986e-01  1.272534e+00 -4.188974e-01  4.787768e-01
 4.770084e-01  4.191638e-01 -1.270810e+00  3.531676e-01
 5.375376e-01  5.354453e-01 -1.125980e+00  1.123689e+00
 2.806808e-01  2.810822e-01 -4.674189e-01  4.689570e-01
 4.197561e-01  4.781865e-01 -3.550520e-01  1.273538e+00
 1.270971e+00  3.536783e-01 -4.773324e-01 -4.186280e-01
 1.125863e+00  1.124476e+00 -5.391405e-01 -5.365290e-01
 4.685829e-01  4.697243e-01 -2.807445e-01 -2.810767e-01
 3.545986e-01  1.272534e+00 -4.188974e-01 -4.787768e-01
 4.770084e-01  4.191638e-01 -1.270810e+00 -3.531676e-01
 5.375376e-01  5.354453e-01 -1.125980e+00 -1.123689e+00
 2.806808e-01  2.810822e-01 -4.674189e-01 -4.689570e-01
 4.197561e-01  4.781865e-01 -3.550520e-01 -1.273538e+00
 1.270971e+00 -3.536783e-01  4.773324e-01  4.186280e-01
 1.125863e+00 -1.124476e+00  5.391405e-01  5.365290e-01
 4.685829e-01 -4.697243e-01  2.807445e-01  2.810767e-01
 3.545986e-01 -1.272534e+00  4.188974e-01  4.787768e-01
 4.770084e-01 -4.191638e-01  1.270810e+00  3.531676e-01
 5.375376e-01 -5.354453e-01  1.125980e+00  1.123689e+00
 2.806808e-01 -2.810822e-01  4.674189e-01  4.689570e-01
 4.197561e-01 -4.781865e-01  3.550520e-01  1.273538e+00
 1.270971e+00 -3.536783e-01  4.773324e-01 -4.186280e-01
 1.125863e+00 -1.124476e+00  5.391405e-01 -5.365290e-01
 4.685829e-01 -4.697243e-01  2.807445e-01 -2.810767e-01
 3.545986e-01 -1.272534e+00  4.188974e-01 -4.787768e-01
 4.770084e-01 -4.191638e-01  1.270810e+00 -3.531676e-01
 5.375376e-01 -5.354453e-01  1.125980e+00 -1.123689e+00
 2.806808e-01 -2.810822e-01  4.674189e-01 -4.689570e-01
 4.197561e-01 -4.781865e-01  3.550520e-01 -1.273538e+00
 1.270971e+00 -3.536783e-01 -4.773324e-01  4.186280e-01
 1.125863e+00 -1.124476e+00 -5.391405e-01  5.365290e-01
 4.685829e-01 -4.697243e-01 -2.807445e-01  2.810767e-01
 3.545986e-01 -1.272534e+00 -4.188974e-01  4.787768e-01
 4.770084e-01 -4.191638e-01 -1.270810e+00  3.531676e-01
 5.375376e-01 -5.354453e-01 -1.125980e+00  1.123689e+00
 2.806808e-01 -2.810822e-01 -4.674189e-01  4.689570e-01
 4.197561e-01 -4.781865e-01 -3.550520e-01  1.273538e+00
 1.270971e+00 -3.536783e-01 -4.773324e-01 -4.186280e-01
 1.125863e+00 -1.124476e+00 -5.391405e-01 -5.365290e-01
 4.685829e-01 -4.697243e-01 -2.807445e-01 -2.810767e-01
 3.545986e-01 -1.272534e+00 -4.188974e-01 -4.787768e-01
 4.770084e-01 -4.191638e-01 -1.270810e+00 -3.531676e-01
 5.375376e-01 -5.354453e-01 -1.125980e+00 -1.123689e+00
 2.806808e-01 -2.810822e-01 -4.674189e-01 -4.689570e-01
 4.197561e-01 -4.781865e-01 -3.550520e-01 -1.273538e+00
-1.270971e+00  3.536783e-01  4.773324e-01  4.186280e-01
-1.125863e+00  1.124476e+00  5.391405e-01  5.365290e-01
-4.685829e-01  4.697243e-01  2.807445e-01  2.810767e-01
-3.545986e-01  1.272534e+00  4.188974e-01  4.787768e-01
-4.770084e-01  4.191638e-01  1.270810e+00  3.531676e-01
-5.375376e-01  5.354453e-01  1.125980e+00  1.123689e+00
-2.806808e-01  2.810822e-01  4.674189e-01  4.689570e-01
-4.197561e-01  4.781865e-01  3.550520e-01  1.273538e+00
-1.270971e+00  3.536783e-01  4.773324e-01 -4.186280e-01
-1.125863e+00  1.124476e+00  5.391405e-01 -5.365290e-01
-4.685829e-01  4.697243e-01  2.807445e-01 -2.810767e-01
-3.545986e-01  1.272534e+00  4.188974e-01 -4.787768e-01
-4.770084e-01  4.191638e-01  1.270810e+00 -3.531676e-01
-5.375376e-01  5.354453e-01  1.125980e+00 -1.123689e+00
-2.806808e-01  2.810822e-01  4.674189e-01 -4.689570e-01
-4.197561e-01  4.781865e-01  3.550520e-01 -1.273538e+00
-1.270971e+00  3.536783e-01 -4.773324e-01  4.186280e-01
-1.125863e+00  1.124476e+00 -5.391405e-01  5.365290e-01
-4.685829e-01  4.697243e-01 -2.807445e-01  2.810767e-01
-3.545986e-01  1.272534e+00 -4.188974e-01  4.787768e-01
-4.770084e-01  4.191638e-01 -1.270810e+00  3.531676e-01
-5.375376e-01  5.354453e-01 -1.125980e+00  1.123689e+00
-2.806808e-01  2.810822e-01 -4.674189e-01  4.689570e-01
-4.197561e-01  4.781865e-01 -3.550520e-01  1.273538e+00
-1.270971e+00  3.536783e-01 -4.773324e-01 -4.186280e-01
-1.125863e+00  1.124476e+00 -5.391405e-01 -5.365290e-01
-4.685829e-01  4.697243e-01 -2.807445e-01 -2.810767e-01
-3.545986e-01  1.272534e+00 -4.188974e-01 -4.787768e-01
-4.770084e-01  4.191638e-01 -1.270810e+00 -3.531676e-01
-5.375376e-01  5.354453e-01 -1.125980e+00 -1.123689e+00
-2.806808e-01  2.810822e-01 -4.674189e-01 -4.689570e-01
-4.197561e-01  4.781865e-01 -3.550520e-01 -1.273538e+00
-1.270971e+00 -3.536783e-01  4.773324e-01  4.186280e-01
-1.125863e+00 -1.124476e+00  5.391405e-01  5.365290e-01
-4.685829e-01 -4.697243e-01  2.807445e-01  2.810767e-01
-3.545986e-01 -1.272534e+00  4.188974e-01  4.787768e-01
-4.770084e-01 -4.191638e-01  1.270810e+00  3.531676e-01
-5.375376e-01 -5.354453e-01  1.125980e+00  1.123689e+00
-2.806808e-01 -2.810822e-01  4.674189e-01  4.689570e-01
-4.197561e-01 -4.781865e-01  3.550520e-01  1.273538e+00
-1.270971e+00 -3.536783e-01  4.773324e-01 -4.186280e-01
-1.125863e+00 -1.124476e+00  5.391405e-01 -5.365290e-01
-4.685829e-01 -4.697243e-01  2.807445e-01 -2.810767e-01
-3.545986e-01 -1.272534e+00  4.188974e-01 -4.787768e-01
-4.770084e-01 -4.191638e-01  1.270810e+00 -3.531676e-01
-5.375376e-01 -5.354453e-01  1.125980e+00 -1.123689e+00
-2.806808e-01 -2.810822e-01  4.674189e-01 -4.689570e-01
-4.197561e-01 -4.781865e-01  3.550520e-01 -1.273538e+00
-1.270971e+00 -3.536783e-01 -4.773324e-01  4.186280e-01
-1.125863e+00 -1.124476e+00 -5.391405e-01  5.365290e-01
-4.685829e-01 -4.697243e-01 -2.807445e-01  2.810767e-01
-3.545986e-01 -1.272534e+00 -4.188974e-01  4.787768e-01
-4.770084e-01 -4.191638e-01 -1.270810e+00  3.531676e-01
-5.375376e-01 -5.354453e-01 -1.125980e+00  1.123689e+00
-2.806808e-01 -2.810822e-01 -4.674189e-01  4.689570e-01
-4.197561e-01 -4.781865e-01 -3.550520e-01  1.273538e+00
-1.270971e+00 -3.536783e-01 -4.773324e-01 -4.186280e-01
-1.125863e+00 -1.124476e+00 -5.391405e-01 -5.365290e-01
-4.685829e-01 -4.697243e-01 -2.807445e-01 -2.810767e-01
-3.545986e-01 -1.272534e+00 -4.188974e-01 -4.787768e-01
-4.770084e-01 -4.191638e-01 -1.270810e+00 -3.531676e-01
-5.375376e-01 -5.354453e-01 -1.125980e+00 -1.123689e+00
-2.806808e-01 -2.810822e-01 -4.674189e-01 -4.689570e-01
-4.197561e-01 -4.781865e-01 -3.550520e-01 -1.273538e+00
