 1.157362e+00  1.208589e+00  4.908476e-01  5.001998e-01
 4.054704e-01  1.482938e+00  3.609715e-01  3.597473e-01
 1.137620e+00  4.621238e-01  3.350016e-01  1.074394e+00
 5.616848e-01  7.568159e-01  2.305037e-01  2.817492e-01
 1.215428e+00  4.606967e-01  1.105187e+00  4.719709e-01
 7.326641e-01  2.851369e-01  9.183128e-01  2.613404e-01
 1.390549e+00  3.334474e-01  3.394891e-01  3.692956e-01
 7.117522e-01  2.503218e-01  3.142672e-01  2.898399e-01
 4.436744e-01  1.049777e+00  8.826544e-01  1.036079e+00
 3.050334e-01  1.034659e+00  9.763268e-01  3.314373e-01
 3.873106e-01  7.626902e-01  2.905764e-01  1.171524e+00
 2.101776e-01  6.725082e-01  3.062220e-01  4.007419e-01
 4.111390e-01  3.442763e-01  1.163874e+00  1.047016e+00
 2.679653e-01  3.402283e-01  1.144382e+00  3.440892e-01
 3.001053e-01  2.164022e-01  3.891846e-01  1.112524e+00
 2.220040e-01  2.161433e-01  3.582253e-01  3.958523e-01
 1.157362e+00  1.208589e+00  4.908476e-01 -5.001998e-01
 4.054704e-01  1.482938e+00  3.609715e-01 -3.597473e-01
 1.137620e+00  4.621238e-01  3.350016e-01 -1.074394e+00
 5.616848e-01  7.568159e-01  2.305037e-01 -2.817492e-01
 1.215428e+00  4.606967e-01  1.105187e+00 -4.719709e-01
 7.326641e-01  2.851369e-01  9.183128e-01 -2.613404e-01
 1.390549e+00  3.334474e-01  3.394891e-01 -3.692956e-01
 7.117522e-01  2.503218e-01  3.142672e-01 -2.898399e-01
 4.436744e-01  1.049777e+00  8.826544e-01 -1.036079e+00
 3.050334e-01  1.034659e+00  9.763268e-01 -3.314373e-01
 3.873106e-01  7.626902e-01  2.905764e-01 -1.171524e+00
 2.101776e-01  6.725082e-01  3.062220e-01 -4.007419e-01
 4.111390e-01  3.442763e-01  1.163874e+00 -1.047016e+00
 2.679653e-01  3.402283e-01  1.144382e+00 -3.440892e-01
 3.001053e-01  2.164022e-01  3.891846e-01 -1.112524e+00
 2.220040e-01  2.161433e-01  3.582253e-01 -3.958523e-01
 1.157362e+00  1.208589e+00 -4.908476e-01  5.001998e-01
 4.054704e-01  1.482938e+00 -3.609715e-01  3.597473e-01
 1.137620e+00  4.621238e-01 -3.350016e-01  1.074394e+00
 5.616848e-01  7.568159e-01 -2.305037e-01  2.817492e-01
 1.215428e+00  4.606967e-01 -1.105187e+00  4.719709e-01
 7.326641e-01  2.851369e-01 -9.183128e-01  2.613404e-01
 1.390549e+00  3.334474e-01 -3.394891e-01  3.692956e-01
 7.117522e-01  2.503218e-01 -3.142672e-01  2.898399e-01
 4.436744e-01  1.049777e+00 -8.826544e-01  1.036079e+00
 3.050334e-01  1.034659e+00 -9.763268e-01  3.314373e-01
 3.873106e-01  7.626902e-01 -2.905764e-01  1.171524e+00
 2.101776e-01  6.725082e-01 -3.062220e-01  4.007419e-01
 4.111390e-01  3.442763e-01 -1.163874e+00  1.047016e+00
 2.679653e-01  3.402283e-01 -1.144382e+00  3.440892e-01
 3.001053e-01  2.164022e-01 -3.891846e-01  1.112524e+00
 2.220040e-01  2.161433e-01 -3.582253e-01  3.958523e-01
 1.157362e+00  1.208589e+00 -4.908476e-01 -5.001998e-01
 4.054704e-01  1.482938e+00 -3.609715e-01 -3.597473e-01
 1.137620e+00  4.621238e-01 -3.350016e-01 -1.074394e+00
 5.616848e-01  7.568159e-01 -2.305037e-01 -2.817492e-01
 1.215428e+00  4.606967e-01 -1.105187e+00 -4.719709e-01
 7.326641e-01  2.851369e-01 -9.183128e-01 -2.613404e-01
 1.390549e+00  3.334474e-01 -3.394891e-01 -3.692956e-01
 7.117522e-01  2.503218e-01 -3.142672e-01 -2.898399e-01
 4.436744e-01  1.049777e+00 -8.826544e-01 -1.036079e+00
 3.050334e-01  1.034659e+00 -9.763268e-01 -3.314373e-01
 3.873106e-01  7.626902e-01 -2.905764e-01 -1.171524e+00
 2.101776e-01  6.725082e-01 -3.062220e-01 -4.007419e-01
 4.111390e-01  3.442763e-01 -1.163874e+00 -1.047016e+00
 2.679653e-01  3.402283e-01 -1.144382e+00 -3.440892e-01
 3.001053e-01  2.164022e-01 -3.891846e-01 -1.112524e+00
 2.220040e-01  2.161433e-01 -3.582253e-01 -3.958523e-01
 1.157362e+00 -1.208589e+00  4.908476e-01  5.001998e-01
 4.054704e-01 -1.482938e+00  3.609715e-01  3.597473e-01
 1.137620e+00 -4.621238e-01  3.350016e-01  1.074394e+00
 5.616848e-01 -7.568159e-01  2.305037e-01  2.817492e-01
 1.215428e+00 -4.606967e-01  1.105187e+00  4.719709e-01
 7.326641e-01 -2.851369e-01  9.183128e-01  2.613404e-01
 1.390549e+00 -3.334474e-01  3.394891e-01  3.692956e-01
 7.117522e-01 -2.503218e-01  3.142672e-01  2.898399e-01
 4.436744e-01 -1.049777e+00  8.826544e-01  1.036079e+00
 3.050334e-01 -1.034659e+00  9.763268e-01  3.314373e-01
 3.873106e-01 -7.626902e-01  2.905764e-01  1.171524e+00
 2.101776e-01 -6.725082e-01  3.062220e-01  4.007419e-01
 4.111390e-01 -3.442763e-01  1.163874e+00  1.047016e+00
 2.679653e-01 -3.402283e-01  1.144382e+00  3.440892e-01
 3.001053e-01 -2.164022e-01  3.891846e-01  1.112524e+00
 2.220040e-01 -2.161433e-01  3.582253e-01  3.958523e-01
 1.157362e+00 -1.208589e+00  4.908476e-01 -5.001998e-01
 4.054704e-01 -1.482938e+00  3.609715e-01 -3.597473e-01
 1.137620e+00 -4.621238e-01  3.350016e-01 -1.074394e+00
 5.616848e-01 -7.568159e-01  2.305037e-01 -2.817492e-01
 1.215428e+00 -4.606967e-01  1.105187e+00 -4.719709e-01
 7.326641e-01 -2.851369e-01  9.183128e-01 -2.613404e-01
 1.390549e+00 -3.334474e-01  3.394891e-01 -3.692956e-01
 7.117522e-01 -2.503218e-01  3.142672e-01 -2.898399e-01
 4.436744e-01 -1.049777e+00  8.826544e-01 -1.036079e+00
 3.050334e-01 -1.034659e+00  9.763268e-01 -3.314373e-01
 3.873106e-01 -7.626902e-01  2.905764e-01 -1.171524e+00
 2.101776e-01 -6.725082e-01  3.062220e-01 -4.007419e-01
 4.111390e-01 -3.442763e-01  1.163874e+00 -1.047016e+00
 2.679653e-01 -3.402283e-01  1.144382e+00 -3.440892e-01
 3.001053e-01 -2.164022e-01  3.891846e-01 -1.112524e+00
 2.220040e-01 -2.161433e-01  3.582253e-01 -3.958523e-01
 1.157362e+00 -1.208589e+00 -4.908476e-01  5.001998e-01
 4.054704e-01 -1.482938e+00 -3.609715e-01  3.597473e-01
 1.137620e+00 -4.621238e-01 -3.350016e-01  1.074394e+00
 5.616848e-01 -7.568159e-01 -2.305037e-01  2.817492e-01
 1.215428e+00 -4.606967e-01 -1.105187e+00  4.719709e-01
 7.326641e-01 -2.851369e-01 -9.183128e-01  2.613404e-01
 1.390549e+00 -3.334474e-01 -3.394891e-01  3.692956e-01
 7.117522e-01 -2.503218e-01 -3.142672e-01  2.898399e-01
 4.436744e-01 -1.049777e+00 -8.826544e-01  1.036079e+00
 3.050334e-01 -1.034659e+00 -9.763268e-01  3.314373e-01
 3.873106e-01 -7.626902e-01 -2.905764e-01  1.171524e+00
 2.101776e-01 -6.725082e-01 -3.062220e-01  4.007419e-01
 4.111390e-01 -3.442763e-01 -1.163874e+00  1.047016e+00
 2.679653e-01 -3.402283e-01 -1.144382e+00  3.440892e-01
 3.001053e-01 -2.164022e-01 -3.891846e-01  1.112524e+00
 2.220040e-01 -2.161433e-01 -3.582253e-01  3.958523e-01
 1.157362e+00 -1.208589e+00 -4.908476e-01 -5.001998e-01
 4.054704e-01 -1.482938e+00 -3.609715e-01 -3.597473e-01
 1.137620e+00 -4.621238e-01 -3.350016e-01 -1.074394e+00
 5.616848e-01 -7.568159e-01 -2.305037e-01 -2.817492e-01
 1.215428e+00 -4.606967e-01 -1.105187e+00 -4.719709e-01
 7.326641e-01 -2.851369e-01 -9.183128e-01 -2.613404e-01
 1.390549e+00 -3.334474e-01 -3.394891e-01 -3.692956e-01
 7.117522e-01 -2.503218e-01 -3.142672e-01 -2.898399e-01
 4.436744e-01 -1.049777e+00 -8.826544e-01 -1.036079e+00
 3.050334e-01 -1.034659e+00 -9.763268e-01 -3.314373e-01
 3.873106e-01 -7.626902e-01 -2.905764e-01 -1.171524e+00
 2.101776e-01 -6.725082e-01 -3.062220e-01 -4.007419e-01
 4.111390e-01 -3.442763e-01 -1.163874e+00 -1.047016e+00
 2.679653e-01 -3.402283e-01 -1.144382e+00 -3.440892e-01
 3.001053e-01 -2.164022e-01 -3.891846e-01 -1.112524e+00
 2.220040e-01 -2.161433e-01 -3.582253e-01 -3.958523e-01
-1.157362e+00  1.208589e+00  4.908476e-01  5.001998e-01
-4.054704e-01  1.482938e+00  3.609715e-01  3.597473e-01
-1.137620e+00  4.621238e-01  3.350016e-01  1.074394e+00
-5.616848e-01  7.568159e-01  2.305037e-01  2.817492e-01
-1.215428e+00  4.606967e-01  1.105187e+00  4.719709e-01
-7.326641e-01  2.851369e-01  9.183128e-01  2.613404e-01
-1.390549e+00  3.334474e-01  3.394891e-01  3.692956e-01
-7.117522e-01  2.503218e-01  3.142672e-01  2.898399e-01
-4.436744e-01  1.049777e+00  8.826544e-01  1.036079e+00
-3.050334e-01  1.034659e+00  9.763268e-01  3.314373e-01
-3.873106e-01  7.626902e-01  2.905764e-01  1.171524e+00
-2.101776e-01  6.725082e-01  3.062220e-01  4.007419e-01
-4.111390e-01  3.442763e-01  1.163874e+00  1.047016e+00
-2.679653e-01  3.402283e-01  1.144382e+00  3.440892e-01
-3.001053e-01  2.164022e-01  3.891846e-01  1.112524e+00
-2.220040e-01  2.161433e-01  3.582253e-01  3.958523e-01
-1.157362e+00  1.208589e+00  4.908476e-01 -5.001998e-01
-4.054704e-01  1.482938e+00  3.609715e-01 -3.597473e-01
-1.137620e+00  4.621238e-01  3.350016e-01 -1.074394e+00
-5.616848e-01  7.568159e-01  2.305037e-01 -2.817492e-01
-1.215428e+00  4.606967e-01  1.105187e+00 -4.719709e-01
-7.326641e-01  2.851369e-01  9.183128e-01 -2.613404e-01
-1.390549e+00  3.334474e-01  3.394891e-01 -3.692956e-01
-7.117522e-01  2.503218e-01  3.142672e-01 -2.898399e-01
-4.436744e-01  1.049777e+00  8.826544e-01 -1.036079e+00
-3.050334e-01  1.034659e+00  9.763268e-01 -3.314373e-01
-3.873106e-01  7.626902e-01  2.905764e-01 -1.171524e+00
-2.101776e-01  6.725082e-01  3.062220e-01 -4.007419e-01
-4.111390e-01  3.442763e-01  1.163874e+00 -1.047016e+00
-2.679653e-01  3.402283e-01  1.144382e+00 -3.440892e-01
-3.001053e-01  2.164022e-01  3.891846e-01 -1.112524e+00
-2.220040e-01  2.161433e-01  3.582253e-01 -3.958523e-01
-1.157362e+00  1.208589e+00 -4.908476e-01  5.001998e-01
-4.054704e-01  1.482938e+00 -3.609715e-01  3.597473e-01
-1.137620e+00  4.621238e-01 -3.350016e-01  1.074394e+00
-5.616848e-01  7.568159e-01 -2.305037e-01  2.817492e-01
-1.215428e+00  4.606967e-01 -1.105187e+00  4.719709e-01
-7.326641e-01  2.851369e-01 -9.183128e-01  2.613404e-01
-1.390549e+00  3.334474e-01 -3.394891e-01  3.692956e-01
-7.117522e-01  2.503218e-01 -3.142672e-01  2.898399e-01
-4.436744e-01  1.049777e+00 -8.826544e-01  1.036079e+00
-3.050334e-01  1.034659e+00 -9.763268e-01  3.314373e-01
-3.873106e-01  7.626902e-01 -2.905764e-01  1.171524e+00
-2.101776e-01  6.725082e-01 -3.062220e-01  4.007419e-01
-4.111390e-01  3.442763e-01 -1.163874e+00  1.047016e+00
-2.679653e-01  3.402283e-01 -1.144382e+00  3.440892e-01
-3.001053e-01  2.164022e-01 -3.891846e-01  1.112524e+00
-2.220040e-01  2.161433e-01 -3.582253e-01  3.958523e-01
-1.157362e+00  1.208589e+00 -4.908476e-01 -5.001998e-01
-4.054704e-01  1.482938e+00 -3.609715e-01 -3.597473e-01
-1.137620e+00  4.621238e-01 -3.350016e-01 -1.074394e+00
-5.616848e-01  7.568159e-01 -2.305037e-01 -2.817492e-01
-1.215428e+00  4.606967e-01 -1.105187e+00 -4.719709e-01
-7.326641e-01  2.851369e-01 -9.183128e-01 -2.613404e-01
-1.390549e+00  3.334474e-01 -3.394891e-01 -3.692956e-01
-7.117522e-01  2.503218e-01 -3.142672e-01 -2.898399e-01
-4.436744e-01  1.049777e+00 -8.826544e-01 -1.036079e+00
-3.050334e-01  1.034659e+00 -9.763268e-01 -3.314373e-01
-3.873106e-01  7.626902e-01 -2.905764e-01 -1.171524e+00
-2.101776e-01  6.725082e-01 -3.062220e-01 -4.007419e-01
-4.111390e-01  3.442763e-01 -1.163874e+00 -1.047016e+00
-2.679653e-01  3.402283e-01 -1.144382e+00 -3.440892e-01
-3.001053e-01  2.164022e-01 -3.891846e-01 -1.112524e+00
-2.220040e-01  2.161433e-01 -3.582253e-01 -3.958523e-01
-1.157362e+00 -1.208589e+00  4.908476e-01  5.001998e-01
-4.054704e-01 -1.482938e+00  3.609715e-01  3.597473e-01
-1.137620e+00 -4.621238e-01  3.350016e-01  1.074394e+00
-5.616848e-01 -7.568159e-01  2.305037e-01  2.817492e-01
-1.215428e+00 -4.606967e-01  1.105187e+00  4.719709e-01
-7.326641e-01 -2.851369e-01  9.183128e-01  2.613404e-01
-1.390549e+00 -3.334474e-01  3.394891e-01  3.692956e-01
-7.117522e-01 -2.503218e-01  3.142672e-01  2.898399e-01
-4.436744e-01 -1.049777e+00  8.826544e-01  1.036079e+00
-3.050334e-01 -1.034659e+00  9.763268e-01  3.314373e-01
-3.873106e-01 -7.626902e-01  2.905764e-01  1.171524e+00
-2.101776e-01 -6.725082e-01  3.062220e-01  4.007419e-01
-4.111390e-01 -3.442763e-01  1.163874e+00  1.047016e+00
-2.679653e-01 -3.402283e-01  1.144382e+00  3.440892e-01
-3.001053e-01 -2.164022e-01  3.891846e-01  1.112524e+00
-2.220040e-01 -2.161433e-01  3.582253e-01  3.958523e-01
-1.157362e+00 -1.208589e+00  4.908476e-01 -5.001998e-01
-4.054704e-01 -1.482938e+00  3.609715e-01 -3.597473e-01
-1.137620e+00 -4.621238e-01  3.350016e-01 -1.074394e+00
-5.616848e-01 -7.568159e-01  2.305037e-01 -2.817492e-01
-1.215428e+00 -4.606967e-01  1.105187e+00 -4.719709e-01
-7.326641e-01 -2.851369e-01  9.183128e-01 -2.613404e-01
-1.390549e+00 -3.334474e-01  3.394891e-01 -3.692956e-01
-7.117522e-01 -2.503218e-01  3.142672e-01 -2.898399e-01
-4.436744e-01 -1.049777e+00  8.826544e-01 -1.036079e+00
-3.050334e-01 -1.034659e+00  9.763268e-01 -3.314373e-01
-3.873106e-01 -7.626902e-01  2.905764e-01 -1.171524e+00
-2.101776e-01 -6.725082e-01  3.062220e-01 -4.007419e-01
-4.111390e-01 -3.442763e-01  1.163874e+00 -1.047016e+00
-2.679653e-01 -3.402283e-01  1.144382e+00 -3.440892e-01
-3.001053e-01 -2.164022e-01  3.891846e-01 -1.112524e+00
-2.220040e-01 -2.161433e-01  3.582253e-01 -3.958523e-01
-1.157362e+00 -1.208589e+00 -4.908476e-01  5.001998e-01
-4.054704e-01 -1.482938e+00 -3.609715e-01  3.597473e-01
-1.137620e+00 -4.621238e-01 -3.350016e-01  1.074394e+00
-5.616848e-01 -7.568159e-01 -2.305037e-01  2.817492e-01
-1.215428e+00 -4.606967e-01 -1.105187e+00  4.719709e-01
-7.326641e-01 -2.851369e-01 -9.183128e-01  2.613404e-01
-1.390549e+00 -3.334474e-01 -3.394891e-01  3.692956e-01
-7.117522e-01 -2.503218e-01 -3.142672e-01  2.898399e-01
-4.436744e-01 -1.049777e+00 -8.826544e-01  1.036079e+00
-3.050334e-01 -1.034659e+00 -9.763268e-01  3.314373e-01
-3.873106e-01 -7.626902e-01 -2.905764e-01  1.171524e+00
-2.101776e-01 -6.725082e-01 -3.062220e-01  4.007419e-01
-4.111390e-01 -3.442763e-01 -1.163874e+00  1.047016e+00
-2.679653e-01 -3.402283e-01 -1.144382e+00  3.440892e-01
-3.001053e-01 -2.164022e-01 -3.891846e-01  1.112524e+00
-2.220040e-01 -2.161433e-01 -3.582253e-01  3.958523e-01
-1.157362e+00 -1.208589e+00 -4.908476e-01 -5.001998e-01
-4.054704e-01 -1.482938e+00 -3.609715e-01 -3.597473e-01
-1.137620e+00 -4.621238e-01 -3.350016e-01 -1.074394e+00
-5.616848e-01 -7.568159e-01 -2.305037e-01 -2.817492e-01
-1.215428e+00 -4.606967e-01 -1.105187e+00 -4.719709e-01
-7.326641e-01 -2.851369e-01 -9.183128e-01 -2.613404e-01
-1.390549e+00 -3.334474e-01 -3.394891e-01 -3.692956e-01
-7.117522e-01 -2.503218e-01 -3.142672e-01 -2.898399e-01
-4.436744e-01 -1.049777e+00 -8.826544e-01 -1.036079e+00
-3.050334e-01 -1.034659e+00 -9.763268e-01 -3.314373e-01
-3.873106e-01 -7.626902e-01 -2.905764e-01 -1.171524e+00
-2.101776e-01 -6.725082e-01 -3.062220e-01 -4.007419e-01
-4.111390e-01 -3.442763e-01 -1.163874e+00 -1.047016e+00
-2.679653e-01 -3.402283e-01 -1.144382e+00 -3.440892e-01
-3.001053e-01 -2.164022e-01 -3.891846e-01 -1.112524e+00
-2.220040e-01 -2.161433e-01 -3.582253e-01 -3.958523e-01
