 1.339612e+00  9.845712e-01  3.434599e-01  3.393429e-01
 9.332037e-01  1.040783e+00  3.037048e-01  9.074529e-01
 9.765905e-01  1.108001e+00  9.628564e-01  3.481866e-01
 4.427084e-01  1.608162e+00  4.535165e-01  5.408546e-01
 7.747892e-01  6.700312e-01  2.392516e-01  1.980004e-01
 6.228570e-01  8.075286e-01  1.839558e-01  5.025178e-01
 6.710117e-01  7.646965e-01  6.820033e-01  1.817753e-01
 3.093971e-01  1.238351e+00  3.082883e-01  2.390144e-01
 1.542582e+00  3.259475e-01  3.763834e-01  3.776098e-01
 1.129278e+00  3.615412e-01  3.085443e-01  1.116862e+00
 1.174714e+00  3.789391e-01  1.200625e+00  3.362781e-01
 1.011290e+00  3.911918e-01  9.891677e-01  1.009248e+00
 9.020802e-01  2.217759e-01  2.653627e-01  2.339437e-01
 7.940357e-01  2.417665e-01  2.504191e-01  6.818596e-01
 7.963194e-01  2.481205e-01  7.926365e-01  2.412724e-01
 7.372615e-01  2.274459e-01  7.291010e-01  6.762654e-01
 3.744723e-01  9.979582e-01  3.931835e-01  1.549754e+00
 2.863436e-01  8.546469e-01  2.772649e-01  1.063483e+00
 3.412132e-01  9.883152e-01  1.341328e+00  3.396759e-01
 3.152584e-01  1.046088e+00  9.338531e-01  9.072168e-01
 2.271821e-01  4.508245e-01  2.301866e-01  1.791360e-01
 2.244668e-01  6.392233e-01  2.244740e-01  5.813996e-01
 2.380214e-01  6.645927e-01  7.774938e-01  2.040050e-01
 1.897787e-01  7.945640e-01  6.302167e-01  5.211524e-01
 3.999074e-01  3.204238e-01  4.422101e-01  1.676606e+00
 2.992249e-01  2.783891e-01  2.707518e-01  1.193607e+00
 3.763483e-01  3.250743e-01  1.539245e+00  3.671532e-01
 3.197588e-01  3.665155e-01  1.171618e+00  1.092346e+00
 2.664668e-01  1.599959e-01  2.737413e-01  2.173810e-01
 2.706573e-01  2.088974e-01  2.657072e-01  7.100698e-01
 2.621100e-01  2.139067e-01  9.024049e-01  2.414958e-01
 2.575439e-01  2.391441e-01  7.836736e-01  7.037216e-01
 1.339612e+00  9.845712e-01  3.434599e-01 -3.393429e-01
 9.332037e-01  1.040783e+00  3.037048e-01 -9.074529e-01
 9.765905e-01  1.108001e+00  9.628564e-01 -3.481866e-01
 4.427084e-01  1.608162e+00  4.535165e-01 -5.408546e-01
 7.747892e-01  6.700312e-01  2.392516e-01 -1.980004e-01
 6.228570e-01  8.075286e-01  1.839558e-01 -5.025178e-01
 6.710117e-01  7.646965e-01  6.820033e-01 -1.817753e-01
 3.093971e-01  1.238351e+00  3.082883e-01 -2.390144e-01
 1.542582e+00  3.259475e-01  3.763834e-01 -3.776098e-01
 1.129278e+00  3.615412e-01  3.085443e-01 -1.116862e+00
 1.174714e+00  3.789391e-01  1.200625e+00 -3.362781e-01
 1.011290e+00  3.911918e-01  9.891677e-01 -1.009248e+00
 9.020802e-01  2.217759e-01  2.653627e-01 -2.339437e-01
 7.940357e-01  2.417665e-01  2.504191e-01 -6.818596e-01
 7.963194e-01  2.481205e-01  7.926365e-01 -2.412724e-01
 7.372615e-01  2.274459e-01  7.291010e-01 -6.762654e-01
 3.744723e-01  9.979582e-01  3.931835e-01 -1.549754e+00
 2.863436e-01  8.546469e-01  2.772649e-01 -1.063483e+00
 3.412132e-01  9.883152e-01  1.341328e+00 -3.396759e-01
 3.152584e-01  1.046088e+00  9.338531e-01 -9.072168e-01
 2.271821e-01  4.508245e-01  2.301866e-01 -1.791360e-01
 2.244668e-01  6.392233e-01  2.244740e-01 -5.813996e-01
 2.380214e-01  6.645927e-01  7.774938e-01 -2.040050e-01
 1.897787e-01  7.945640e-01  6.302167e-01 -5.211524e-01
 3.999074e-01  3.204238e-01  4.422101e-01 -1.676606e+00
 2.992249e-01  2.783891e-01  2.707518e-01 -1.193607e+00
 3.763483e-01  3.250743e-01  1.539245e+00 -3.671532e-01
 3.197588e-01  3.665155e-01  1.171618e+00 -1.092346e+00
 2.664668e-01  1.599959e-01  2.737413e-01 -2.173810e-01
 2.706573e-01  2.088974e-01  2.657072e-01 -7.100698e-01
 2.621100e-01  2.139067e-01  9.024049e-01 -2.414958e-01
 2.575439e-01  2.391441e-01  7.836736e-01 -7.037216e-01
 1.339612e+00  9.845712e-01 -3.434599e-01  3.393429e-01
 9.332037e-01  1.040783e+00 -3.037048e-01  9.074529e-01
 9.765905e-01  1.108001e+00 -9.628564e-01  3.481866e-01
 4.427084e-01  1.608162e+00 -4.535165e-01  5.408546e-01
 7.747892e-01  6.700312e-01 -2.392516e-01  1.980004e-01
 6.228570e-01  8.075286e-01 -1.839558e-01  5.025178e-01
 6.710117e-01  7.646965e-01 -6.820033e-01  1.817753e-01
 3.093971e-01  1.238351e+00 -3.082883e-01  2.390144e-01
 1.542582e+00  3.259475e-01 -3.763834e-01  3.776098e-01
 1.129278e+00  3.615412e-01 -3.085443e-01  1.116862e+00
 1.174714e+00  3.789391e-01 -1.200625e+00  3.362781e-01
 1.011290e+00  3.911918e-01 -9.891677e-01  1.009248e+00
 9.020802e-01  2.217759e-01 -2.653627e-01  2.339437e-01
 7.940357e-01  2.417665e-01 -2.504191e-01  6.818596e-01
 7.963194e-01  2.481205e-01 -7.926365e-01  2.412724e-01
 7.372615e-01  2.274459e-01 -7.291010e-01  6.762654e-01
 3.744723e-01  9.979582e-01 -3.931835e-01  1.549754e+00
 2.863436e-01  8.546469e-01 -2.772649e-01  1.063483e+00
 3.412132e-01  9.883152e-01 -1.341328e+00  3.396759e-01
 3.152584e-01  1.046088e+00 -9.338531e-01  9.072168e-01
 2.271821e-01  4.508245e-01 -2.301866e-01  1.791360e-01
 2.244668e-01  6.392233e-01 -2.244740e-01  5.813996e-01
 2.380214e-01  6.645927e-01 -7.774938e-01  2.040050e-01
 1.897787e-01  7.945640e-01 -6.302167e-01  5.211524e-01
 3.999074e-01  3.204238e-01 -4.422101e-01  1.676606e+00
 2.992249e-01  2.783891e-01 -2.707518e-01  1.193607e+00
 3.763483e-01  3.250743e-01 -1.539245e+00  3.671532e-01
 3.197588e-01  3.665155e-01 -1.171618e+00  1.092346e+00
 2.664668e-01  1.599959e-01 -2.737413e-01  2.173810e-01
 2.706573e-01  2.088974e-01 -2.657072e-01  7.100698e-01
 2.621100e-01  2.139067e-01 -9.024049e-01  2.414958e-01
 2.575439e-01  2.391441e-01 -7.836736e-01  7.037216e-01
 1.339612e+00  9.845712e-01 -3.434599e-01 -3.393429e-01
 9.332037e-01  1.040783e+00 -3.037048e-01 -9.074529e-01
 9.765905e-01  1.108001e+00 -9.628564e-01 -3.481866e-01
 4.427084e-01  1.608162e+00 -4.535165e-01 -5.408546e-01
 7.747892e-01  6.700312e-01 -2.392516e-01 -1.980004e-01
 6.228570e-01  8.075286e-01 -1.839558e-01 -5.025178e-01
 6.710117e-01  7.646965e-01 -6.820033e-01 -1.817753e-01
 3.093971e-01  1.238351e+00 -3.082883e-01 -2.390144e-01
 1.542582e+00  3.259475e-01 -3.763834e-01 -3.776098e-01
 1.129278e+00  3.615412e-01 -3.085443e-01 -1.116862e+00
 1.174714e+00  3.789391e-01 -1.200625e+00 -3.362781e-01
 1.011290e+00  3.911918e-01 -9.891677e-01 -1.009248e+00
 9.020802e-01  2.217759e-01 -2.653627e-01 -2.339437e-01
 7.940357e-01  2.417665e-01 -2.504191e-01 -6.818596e-01
 7.963194e-01  2.481205e-01 -7.926365e-01 -2.412724e-01
 7.372615e-01  2.274459e-01 -7.291010e-01 -6.762654e-01
 3.744723e-01  9.979582e-01 -3.931835e-01 -1.549754e+00
 2.863436e-01  8.546469e-01 -2.772649e-01 -1.063483e+00
 3.412132e-01  9.883152e-01 -1.341328e+00 -3.396759e-01
 3.152584e-01  1.046088e+00 -9.338531e-01 -9.072168e-01
 2.271821e-01  4.508245e-01 -2.301866e-01 -1.791360e-01
 2.244668e-01  6.392233e-01 -2.244740e-01 -5.813996e-01
 2.380214e-01  6.645927e-01 -7.774938e-01 -2.040050e-01
 1.897787e-01  7.945640e-01 -6.302167e-01 -5.211524e-01
 3.999074e-01  3.204238e-01 -4.422101e-01 -1.676606e+00
 2.992249e-01  2.783891e-01 -2.707518e-01 -1.193607e+00
 3.763483e-01  3.250743e-01 -1.539245e+00 -3.671532e-01
 3.197588e-01  3.665155e-01 -1.171618e+00 -1.092346e+00
 2.664668e-01  1.599959e-01 -2.737413e-01 -2.173810e-01
 2.706573e-01  2.088974e-01 -2.657072e-01 -7.100698e-01
 2.621100e-01  2.139067e-01 -9.024049e-01 -2.414958e-01
 2.575439e-01  2.391441e-01 -7.836736e-01 -7.037216e-01
 1.339612e+00 -9.845712e-01  3.434599e-01  3.393429e-01
 9.332037e-01 -1.040783e+00  3.037048e-01  9.074529e-01
 9.765905e-01 -1.108001e+00  9.628564e-01  3.481866e-01
 4.427084e-01 -1.608162e+00  4.535165e-01  5.408546e-01
 7.747892e-01 -6.700312e-01  2.392516e-01  1.980004e-01
 6.228570e-01 -8.075286e-01  1.839558e-01  5.025178e-01
 6.710117e-01 -7.646965e-01  6.820033e-01  1.817753e-01
 3.093971e-01 -1.238351e+00  3.082883e-01  2.390144e-01
 1.542582e+00 -3.259475e-01  3.763834e-01  3.776098e-01
 1.129278e+00 -3.615412e-01  3.085443e-01  1.116862e+00
 1.174714e+00 -3.789391e-01  1.200625e+00  3.362781e-01
 1.011290e+00 -3.911918e-01  9.891677e-01  1.009248e+00
 9.020802e-01 -2.217759e-01  2.653627e-01  2.339437e-01
 7.940357e-01 -2.417665e-01  2.504191e-01  6.818596e-01
 7.963194e-01 -2.481205e-01  7.926365e-01  2.412724e-01
 7.372615e-01 -2.274459e-01  7.291010e-01  6.762654e-01
 3.744723e-01 -9.979582e-01  3.931835e-01  1.549754e+00
 2.863436e-01 -8.546469e-01  2.772649e-01  1.063483e+00
 3.412132e-01 -9.883152e-01  1.341328e+00  3.396759e-01
 3.152584e-01 -1.046088e+00  9.338531e-01  9.072168e-01
 2.271821e-01 -4.508245e-01  2.301866e-01  1.791360e-01
 2.244668e-01 -6.392233e-01  2.244740e-01  5.813996e-01
 2.380214e-01 -6.645927e-01  7.774938e-01  2.040050e-01
 1.897787e-01 -7.945640e-01  6.302167e-01  5.211524e-01
 3.999074e-01 -3.204238e-01  4.422101e-01  1.676606e+00
 2.992249e-01 -2.783891e-01  2.707518e-01  1.193607e+00
 3.763483e-01 -3.250743e-01  1.539245e+00  3.671532e-01
 3.197588e-01 -3.665155e-01  1.171618e+00  1.092346e+00
 2.664668e-01 -1.599959e-01  2.737413e-01  2.173810e-01
 2.706573e-01 -2.088974e-01  2.657072e-01  7.100698e-01
 2.621100e-01 -2.139067e-01  9.024049e-01  2.414958e-01
 2.575439e-01 -2.391441e-01  7.836736e-01  7.037216e-01
 1.339612e+00 -9.845712e-01  3.434599e-01 -3.393429e-01
 9.332037e-01 -1.040783e+00  3.037048e-01 -9.074529e-01
 9.765905e-01 -1.108001e+00  9.628564e-01 -3.481866e-01
 4.427084e-01 -1.608162e+00  4.535165e-01 -5.408546e-01
 7.747892e-01 -6.700312e-01  2.392516e-01 -1.980004e-01
 6.228570e-01 -8.075286e-01  1.839558e-01 -5.025178e-01
 6.710117e-01 -7.646965e-01  6.820033e-01 -1.817753e-01
 3.093971e-01 -1.238351e+00  3.082883e-01 -2.390144e-01
 1.542582e+00 -3.259475e-01  3.763834e-01 -3.776098e-01
 1.129278e+00 -3.615412e-01  3.085443e-01 -1.116862e+00
 1.174714e+00 -3.789391e-01  1.200625e+00 -3.362781e-01
 1.011290e+00 -3.911918e-01  9.891677e-01 -1.009248e+00
 9.020802e-01 -2.217759e-01  2.653627e-01 -2.339437e-01
 7.940357e-01 -2.417665e-01  2.504191e-01 -6.818596e-01
 7.963194e-01 -2.481205e-01  7.926365e-01 -2.412724e-01
 7.372615e-01 -2.274459e-01  7.291010e-01 -6.762654e-01
 3.744723e-01 -9.979582e-01  3.931835e-01 -1.549754e+00
 2.863436e-01 -8.546469e-01  2.772649e-01 -1.063483e+00
 3.412132e-01 -9.883152e-01  1.341328e+00 -3.396759e-01
 3.152584e-01 -1.046088e+00  9.338531e-01 -9.072168e-01
 2.271821e-01 -4.508245e-01  2.301866e-01 -1.791360e-01
 2.244668e-01 -6.392233e-01  2.244740e-01 -5.813996e-01
 2.380214e-01 -6.645927e-01  7.774938e-01 -2.040050e-01
 1.897787e-01 -7.945640e-01  6.302167e-01 -5.211524e-01
 3.999074e-01 -3.204238e-01  4.422101e-01 -1.676606e+00
 2.992249e-01 -2.783891e-01  2.707518e-01 -1.193607e+00
 3.763483e-01 -3.250743e-01  1.539245e+00 -3.671532e-01
 3.197588e-01 -3.665155e-01  1.171618e+00 -1.092346e+00
 2.664668e-01 -1.599959e-01  2.737413e-01 -2.173810e-01
 2.706573e-01 -2.088974e-01  2.657072e-01 -7.100698e-01
 2.621100e-01 -2.139067e-01  9.024049e-01 -2.414958e-01
 2.575439e-01 -2.391441e-01  7.836736e-01 -7.037216e-01
 1.339612e+00 -9.845712e-01 -3.434599e-01  3.393429e-01
 9.332037e-01 -1.040783e+00 -3.037048e-01  9.074529e-01
 9.765905e-01 -1.108001e+00 -9.628564e-01  3.481866e-01
 4.427084e-01 -1.608162e+00 -4.535165e-01  5.408546e-01
 7.747892e-01 -6.700312e-01 -2.392516e-01  1.980004e-01
 6.228570e-01 -8.075286e-01 -1.839558e-01  5.025178e-01
 6.710117e-01 -7.646965e-01 -6.820033e-01  1.817753e-01
 3.093971e-01 -1.238351e+00 -3.082883e-01  2.390144e-01
 1.542582e+00 -3.259475e-01 -3.763834e-01  3.776098e-01
 1.129278e+00 -3.615412e-01 -3.085443e-01  1.116862e+00
 1.174714e+00 -3.789391e-01 -1.200625e+00  3.362781e-01
 1.011290e+00 -3.911918e-01 -9.891677e-01  1.009248e+00
 9.020802e-01 -2.217759e-01 -2.653627e-01  2.339437e-01
 7.940357e-01 -2.417665e-01 -2.504191e-01  6.818596e-01
 7.963194e-01 -2.481205e-01 -7.926365e-01  2.412724e-01
 7.372615e-01 -2.274459e-01 -7.291010e-01  6.762654e-01
 3.744723e-01 -9.979582e-01 -3.931835e-01  1.549754e+00
 2.863436e-01 -8.546469e-01 -2.772649e-01  1.063483e+00
 3.412132e-01 -9.883152e-01 -1.341328e+00  3.396759e-01
 3.152584e-01 -1.046088e+00 -9.338531e-01  9.072168e-01
 2.271821e-01 -4.508245e-01 -2.301866e-01  1.791360e-01
 2.244668e-01 -6.392233e-01 -2.244740e-01  5.813996e-01
 2.380214e-01 -6.645927e-01 -7.774938e-01  2.040050e-01
 1.897787e-01 -7.945640e-01 -6.302167e-01  5.211524e-01
 3.999074e-01 -3.204238e-01 -4.422101e-01  1.676606e+00
 2.992249e-01 -2.783891e-01 -2.707518e-01  1.193607e+00
 3.763483e-01 -3.250743e-01 -1.539245e+00  3.671532e-01
 3.197588e-01 -3.665155e-01 -1.171618e+00  1.092346e+00
 2.664668e-01 -1.599959e-01 -2.737413e-01  2.173810e-01
 2.706573e-01 -2.088974e-01 -2.657072e-01  7.100698e-01
 2.621100e-01 -2.139067e-01 -9.024049e-01  2.414958e-01
 2.575439e-01 -2.391441e-01 -7.836736e-01  7.037216e-01
 1.339612e+00 -9.845712e-01 -3.434599e-01 -3.393429e-01
 9.332037e-01 -1.040783e+00 -3.037048e-01 -9.074529e-01
 9.765905e-01 -1.108001e+00 -9.628564e-01 -3.481866e-01
 4.427084e-01 -1.608162e+00 -4.535165e-01 -5.408546e-01
 7.747892e-01 -6.700312e-01 -2.392516e-01 -1.980004e-01
 6.228570e-01 -8.075286e-01 -1.839558e-01 -5.025178e-01
 6.710117e-01 -7.646965e-01 -6.820033e-01 -1.817753e-01
 3.093971e-01 -1.238351e+00 -3.082883e-01 -2.390144e-01
 1.542582e+00 -3.259475e-01 -3.763834e-01 -3.776098e-01
 1.129278e+00 -3.615412e-01 -3.085443e-01 -1.116862e+00
 1.174714e+00 -3.789391e-01 -1.200625e+00 -3.362781e-01
 1.011290e+00 -3.911918e-01 -9.891677e-01 -1.009248e+00
 9.020802e-01 -2.217759e-01 -2.653627e-01 -2.339437e-01
 7.940357e-01 -2.417665e-01 -2.504191e-01 -6.818596e-01
 7.963194e-01 -2.481205e-01 -7.926365e-01 -2.412724e-01
 7.372615e-01 -2.274459e-01 -7.291010e-01 -6.762654e-01
 3.744723e-01 -9.979582e-01 -3.931835e-01 -1.549754e+00
 2.863436e-01 -8.546469e-01 -2.772649e-01 -1.063483e+00
 3.412132e-01 -9.883152e-01 -1.341328e+00 -3.396759e-01
 3.152584e-01 -1.046088e+00 -9.338531e-01 -9.072168e-01
 2.271821e-01 -4.508245e-01 -2.301866e-01 -1.791360e-01
 2.244668e-01 -6.392233e-01 -2.244740e-01 -5.813996e-01
 2.380214e-01 -6.645927e-01 -7.774938e-01 -2.040050e-01
 1.897787e-01 -7.945640e-01 -6.302167e-01 -5.211524e-01
 3.999074e-01 -3.204238e-01 -4.422101e-01 -1.676606e+00
 2.992249e-01 -2.783891e-01 -2.707518e-01 -1.193607e+00
 3.763483e-01 -3.250743e-01 -1.539245e+00 -3.671532e-01
 3.197588e-01 -3.665155e-01 -1.171618e+00 -1.092346e+00
 2.664668e-01 -1.599959e-01 -2.737413e-01 -2.173810e-01
 2.706573e-01 -2.088974e-01 -2.657072e-01 -7.100698e-01
 2.621100e-01 -2.139067e-01 -9.024049e-01 -2.414958e-01
 2.575439e-01 -2.391441e-01 -7.836736e-01 -7.037216e-01
-1.339612e+00  9.845712e-01  3.434599e-01  3.393429e-01
-9.332037e-01  1.040783e+00  3.037048e-01  9.074529e-01
-9.765905e-01  1.108001e+00  9.628564e-01  3.481866e-01
-4.427084e-01  1.608162e+00  4.535165e-01  5.408546e-01
-7.747892e-01  6.700312e-01  2.392516e-01  1.980004e-01
-6.228570e-01  8.075286e-01  1.839558e-01  5.025178e-01
-6.710117e-01  7.646965e-01  6.820033e-01  1.817753e-01
-3.093971e-01  1.238351e+00  3.082883e-01  2.390144e-01
-1.542582e+00  3.259475e-01  3.763834e-01  3.776098e-01
-1.129278e+00  3.615412e-01  3.085443e-01  1.116862e+00
-1.174714e+00  3.789391e-01  1.200625e+00  3.362781e-01
-1.011290e+00  3.911918e-01  9.891677e-01  1.009248e+00
-9.020802e-01  2.217759e-01  2.653627e-01  2.339437e-01
-7.940357e-01  2.417665e-01  2.504191e-01  6.818596e-01
-7.963194e-01  2.481205e-01  7.926365e-01  2.412724e-01
-7.372615e-01  2.274459e-01  7.291010e-01  6.762654e-01
-3.744723e-01  9.979582e-01  3.931835e-01  1.549754e+00
-2.863436e-01  8.546469e-01  2.772649e-01  1.063483e+00
-3.412132e-01  9.883152e-01  1.341328e+00  3.396759e-01
-3.152584e-01  1.046088e+00  9.338531e-01  9.072168e-01
-2.271821e-01  4.508245e-01  2.301866e-01  1.791360e-01
-2.244668e-01  6.392233e-01  2.244740e-01  5.813996e-01
-2.380214e-01  6.645927e-01  7.774938e-01  2.040050e-01
-1.897787e-01  7.945640e-01  6.302167e-01  5.211524e-01
-3.999074e-01  3.204238e-01  4.422101e-01  1.676606e+00
-2.992249e-01  2.783891e-01  2.707518e-01  1.193607e+00
-3.763483e-01  3.250743e-01  1.539245e+00  3.671532e-01
-3.197588e-01  3.665155e-01  1.171618e+00  1.092346e+00
-2.664668e-01  1.599959e-01  2.737413e-01  2.173810e-01
-2.706573e-01  2.088974e-01  2.657072e-01  7.100698e-01
-2.621100e-01  2.139067e-01  9.024049e-01  2.414958e-01
-2.575439e-01  2.391441e-01  7.836736e-01  7.037216e-01
-1.339612e+00  9.845712e-01  3.434599e-01 -3.393429e-01
-9.332037e-01  1.040783e+00  3.037048e-01 -9.074529e-01
-9.765905e-01  1.108001e+00  9.628564e-01 -3.481866e-01
-4.427084e-01  1.608162e+00  4.535165e-01 -5.408546e-01
-7.747892e-01  6.700312e-01  2.392516e-01 -1.980004e-01
-6.228570e-01  8.075286e-01  1.839558e-01 -5.025178e-01
-6.710117e-01  7.646965e-01  6.820033e-01 -1.817753e-01
-3.093971e-01  1.238351e+00  3.082883e-01 -2.390144e-01
-1.542582e+00  3.259475e-01  3.763834e-01 -3.776098e-01
-1.129278e+00  3.615412e-01  3.085443e-01 -1.116862e+00
-1.174714e+00  3.789391e-01  1.200625e+00 -3.362781e-01
-1.011290e+00  3.911918e-01  9.891677e-01 -1.009248e+00
-9.020802e-01  2.217759e-01  2.653627e-01 -2.339437e-01
-7.940357e-01  2.417665e-01  2.504191e-01 -6.818596e-01
-7.963194e-01  2.481205e-01  7.926365e-01 -2.412724e-01
-7.372615e-01  2.274459e-01  7.291010e-01 -6.762654e-01
-3.744723e-01  9.979582e-01  3.931835e-01 -1.549754e+00
-2.863436e-01  8.546469e-01  2.772649e-01 -1.063483e+00
-3.412132e-01  9.883152e-01  1.341328e+00 -3.396759e-01
-3.152584e-01  1.046088e+00  9.338531e-01 -9.072168e-01
-2.271821e-01  4.508245e-01  2.301866e-01 -1.791360e-01
-2.244668e-01  6.392233e-01  2.244740e-01 -5.813996e-01
-2.380214e-01  6.645927e-01  7.774938e-01 -2.040050e-01
-1.897787e-01  7.945640e-01  6.302167e-01 -5.211524e-01
-3.999074e-01  3.204238e-01  4.422101e-01 -1.676606e+00
-2.992249e-01  2.783891e-01  2.707518e-01 -1.193607e+00
-3.763483e-01  3.250743e-01  1.539245e+00 -3.671532e-01
-3.197588e-01  3.665155e-01  1.171618e+00 -1.092346e+00
-2.664668e-01  1.599959e-01  2.737413e-01 -2.173810e-01
-2.706573e-01  2.088974e-01  2.657072e-01 -7.100698e-01
-2.621100e-01  2.139067e-01  9.024049e-01 -2.414958e-01
-2.575439e-01  2.391441e-01  7.836736e-01 -7.037216e-01
-1.339612e+00  9.845712e-01 -3.434599e-01  3.393429e-01
-9.332037e-01  1.040783e+00 -3.037048e-01  9.074529e-01
-9.765905e-01  1.108001e+00 -9.628564e-01  3.481866e-01
-4.427084e-01  1.608162e+00 -4.535165e-01  5.408546e-01
-7.747892e-01  6.700312e-01 -2.392516e-01  1.980004e-01
-6.228570e-01  8.075286e-01 -1.839558e-01  5.025178e-01
-6.710117e-01  7.646965e-01 -6.820033e-01  1.817753e-01
-3.093971e-01  1.238351e+00 -3.082883e-01  2.390144e-01
-1.542582e+00  3.259475e-01 -3.763834e-01  3.776098e-01
-1.129278e+00  3.615412e-01 -3.085443e-01  1.116862e+00
-1.174714e+00  3.789391e-01 -1.200625e+00  3.362781e-01
-1.011290e+00  3.911918e-01 -9.891677e-01  1.009248e+00
-9.020802e-01  2.217759e-01 -2.653627e-01  2.339437e-01
-7.940357e-01  2.417665e-01 -2.504191e-01  6.818596e-01
-7.963194e-01  2.481205e-01 -7.926365e-01  2.412724e-01
-7.372615e-01  2.274459e-01 -7.291010e-01  6.762654e-01
-3.744723e-01  9.979582e-01 -3.931835e-01  1.549754e+00
-2.863436e-01  8.546469e-01 -2.772649e-01  1.063483e+00
-3.412132e-01  9.883152e-01 -1.341328e+00  3.396759e-01
-3.152584e-01  1.046088e+00 -9.338531e-01  9.072168e-01
-2.271821e-01  4.508245e-01 -2.301866e-01  1.791360e-01
-2.244668e-01  6.392233e-01 -2.244740e-01  5.813996e-01
-2.380214e-01  6.645927e-01 -7.774938e-01  2.040050e-01
-1.897787e-01  7.945640e-01 -6.302167e-01  5.211524e-01
-3.999074e-01  3.204238e-01 -4.422101e-01  1.676606e+00
-2.992249e-01  2.783891e-01 -2.707518e-01  1.193607e+00
-3.763483e-01  3.250743e-01 -1.539245e+00  3.671532e-01
-3.197588e-01  3.665155e-01 -1.171618e+00  1.092346e+00
-2.664668e-01  1.599959e-01 -2.737413e-01  2.173810e-01
-2.706573e-01  2.088974e-01 -2.657072e-01  7.100698e-01
-2.621100e-01  2.139067e-01 -9.024049e-01  2.414958e-01
-2.575439e-01  2.391441e-01 -7.836736e-01  7.037216e-01
-1.339612e+00  9.845712e-01 -3.434599e-01 -3.393429e-01
-9.332037e-01  1.040783e+00 -3.037048e-01 -9.074529e-01
-9.765905e-01  1.108001e+00 -9.628564e-01 -3.481866e-01
-4.427084e-01  1.608162e+00 -4.535165e-01 -5.408546e-01
-7.747892e-01  6.700312e-01 -2.392516e-01 -1.980004e-01
-6.228570e-01  8.075286e-01 -1.839558e-01 -5.025178e-01
-6.710117e-01  7.646965e-01 -6.820033e-01 -1.817753e-01
-3.093971e-01  1.238351e+00 -3.082883e-01 -2.390144e-01
-1.542582e+00  3.259475e-01 -3.763834e-01 -3.776098e-01
-1.129278e+00  3.615412e-01 -3.085443e-01 -1.116862e+00
-1.174714e+00  3.789391e-01 -1.200625e+00 -3.362781e-01
-1.011290e+00  3.911918e-01 -9.891677e-01 -1.009248e+00
-9.020802e-01  2.217759e-01 -2.653627e-01 -2.339437e-01
-7.940357e-01  2.417665e-01 -2.504191e-01 -6.818596e-01
-7.963194e-01  2.481205e-01 -7.926365e-01 -2.412724e-01
-7.372615e-01  2.274459e-01 -7.291010e-01 -6.762654e-01
-3.744723e-01  9.979582e-01 -3.931835e-01 -1.549754e+00
-2.863436e-01  8.546469e-01 -2.772649e-01 -1.063483e+00
-3.412132e-01  9.883152e-01 -1.341328e+00 -3.396759e-01
-3.152584e-01  1.046088e+00 -9.338531e-01 -9.072168e-01
-2.271821e-01  4.508245e-01 -2.301866e-01 -1.791360e-01
-2.244668e-01  6.392233e-01 -2.244740e-01 -5.813996e-01
-2.380214e-01  6.645927e-01 -7.774938e-01 -2.040050e-01
-1.897787e-01  7.945640e-01 -6.302167e-01 -5.211524e-01
-3.999074e-01  3.204238e-01 -4.422101e-01 -1.676606e+00
-2.992249e-01  2.783891e-01 -2.707518e-01 -1.193607e+00
-3.763483e-01  3.250743e-01 -1.539245e+00 -3.671532e-01
-3.197588e-01  3.665155e-01 -1.171618e+00 -1.092346e+00
-2.664668e-01  1.599959e-01 -2.737413e-01 -2.173810e-01
-2.706573e-01  2.088974e-01 -2.657072e-01 -7.100698e-01
-2.621100e-01  2.139067e-01 -9.024049e-01 -2.414958e-01
-2.575439e-01  2.391441e-01 -7.836736e-01 -7.037216e-01
-1.339612e+00 -9.845712e-01  3.434599e-01  3.393429e-01
-9.332037e-01 -1.040783e+00  3.037048e-01  9.074529e-01
-9.765905e-01 -1.108001e+00  9.628564e-01  3.481866e-01
-4.427084e-01 -1.608162e+00  4.535165e-01  5.408546e-01
-7.747892e-01 -6.700312e-01  2.392516e-01  1.980004e-01
-6.228570e-01 -8.075286e-01  1.839558e-01  5.025178e-01
-6.710117e-01 -7.646965e-01  6.820033e-01  1.817753e-01
-3.093971e-01 -1.238351e+00  3.082883e-01  2.390144e-01
-1.542582e+00 -3.259475e-01  3.763834e-01  3.776098e-01
-1.129278e+00 -3.615412e-01  3.085443e-01  1.116862e+00
-1.174714e+00 -3.789391e-01  1.200625e+00  3.362781e-01
-1.011290e+00 -3.911918e-01  9.891677e-01  1.009248e+00
-9.020802e-01 -2.217759e-01  2.653627e-01  2.339437e-01
-7.940357e-01 -2.417665e-01  2.504191e-01  6.818596e-01
-7.963194e-01 -2.481205e-01  7.926365e-01  2.412724e-01
-7.372615e-01 -2.274459e-01  7.291010e-01  6.762654e-01
-3.744723e-01 -9.979582e-01  3.931835e-01  1.549754e+00
-2.863436e-01 -8.546469e-01  2.772649e-01  1.063483e+00
-3.412132e-01 -9.883152e-01  1.341328e+00  3.396759e-01
-3.152584e-01 -1.046088e+00  9.338531e-01  9.072168e-01
-2.271821e-01 -4.508245e-01  2.301866e-01  1.791360e-01
-2.244668e-01 -6.392233e-01  2.244740e-01  5.813996e-01
-2.380214e-01 -6.645927e-01  7.774938e-01  2.040050e-01
-1.897787e-01 -7.945640e-01  6.302167e-01  5.211524e-01
-3.999074e-01 -3.204238e-01  4.422101e-01  1.676606e+00
-2.992249e-01 -2.783891e-01  2.707518e-01  1.193607e+00
-3.763483e-01 -3.250743e-01  1.539245e+00  3.671532e-01
-3.197588e-01 -3.665155e-01  1.171618e+00  1.092346e+00
-2.664668e-01 -1.599959e-01  2.737413e-01  2.173810e-01
-2.706573e-01 -2.088974e-01  2.657072e-01  7.100698e-01
-2.621100e-01 -2.139067e-01  9.024049e-01  2.414958e-01
-2.575439e-01 -2.391441e-01  7.836736e-01  7.037216e-01
-1.339612e+00 -9.845712e-01  3.434599e-01 -3.393429e-01
-9.332037e-01 -1.040783e+00  3.037048e-01 -9.074529e-01
-9.765905e-01 -1.108001e+00  9.628564e-01 -3.481866e-01
-4.427084e-01 -1.608162e+00  4.535165e-01 -5.408546e-01
-7.747892e-01 -6.700312e-01  2.392516e-01 -1.980004e-01
-6.228570e-01 -8.075286e-01  1.839558e-01 -5.025178e-01
-6.710117e-01 -7.646965e-01  6.820033e-01 -1.817753e-01
-3.093971e-01 -1.238351e+00  3.082883e-01 -2.390144e-01
-1.542582e+00 -3.259475e-01  3.763834e-01 -3.776098e-01
-1.129278e+00 -3.615412e-01  3.085443e-01 -1.116862e+00
-1.174714e+00 -3.789391e-01  1.200625e+00 -3.362781e-01
-1.011290e+00 -3.911918e-01  9.891677e-01 -1.009248e+00
-9.020802e-01 -2.217759e-01  2.653627e-01 -2.339437e-01
-7.940357e-01 -2.417665e-01  2.504191e-01 -6.818596e-01
-7.963194e-01 -2.481205e-01  7.926365e-01 -2.412724e-01
-7.372615e-01 -2.274459e-01  7.291010e-01 -6.762654e-01
-3.744723e-01 -9.979582e-01  3.931835e-01 -1.549754e+00
-2.863436e-01 -8.546469e-01  2.772649e-01 -1.063483e+00
-3.412132e-01 -9.883152e-01  1.341328e+00 -3.396759e-01
-3.152584e-01 -1.046088e+00  9.338531e-01 -9.072168e-01
-2.271821e-01 -4.508245e-01  2.301866e-01 -1.791360e-01
-2.244668e-01 -6.392233e-01  2.244740e-01 -5.813996e-01
-2.380214e-01 -6.645927e-01  7.774938e-01 -2.040050e-01
-1.897787e-01 -7.945640e-01  6.302167e-01 -5.211524e-01
-3.999074e-01 -3.204238e-01  4.422101e-01 -1.676606e+00
-2.992249e-01 -2.783891e-01  2.707518e-01 -1.193607e+00
-3.763483e-01 -3.250743e-01  1.539245e+00 -3.671532e-01
-3.197588e-01 -3.665155e-01  1.171618e+00 -1.092346e+00
-2.664668e-01 -1.599959e-01  2.737413e-01 -2.173810e-01
-2.706573e-01 -2.088974e-01  2.657072e-01 -7.100698e-01
-2.621100e-01 -2.139067e-01  9.024049e-01 -2.414958e-01
-2.575439e-01 -2.391441e-01  7.836736e-01 -7.037216e-01
-1.339612e+00 -9.845712e-01 -3.434599e-01  3.393429e-01
-9.332037e-01 -1.040783e+00 -3.037048e-01  9.074529e-01
-9.765905e-01 -1.108001e+00 -9.628564e-01  3.481866e-01
-4.427084e-01 -1.608162e+00 -4.535165e-01  5.408546e-01
-7.747892e-01 -6.700312e-01 -2.392516e-01  1.980004e-01
-6.228570e-01 -8.075286e-01 -1.839558e-01  5.025178e-01
-6.710117e-01 -7.646965e-01 -6.820033e-01  1.817753e-01
-3.093971e-01 -1.238351e+00 -3.082883e-01  2.390144e-01
-1.542582e+00 -3.259475e-01 -3.763834e-01  3.776098e-01
-1.129278e+00 -3.615412e-01 -3.085443e-01  1.116862e+00
-1.174714e+00 -3.789391e-01 -1.200625e+00  3.362781e-01
-1.011290e+00 -3.911918e-01 -9.891677e-01  1.009248e+00
-9.020802e-01 -2.217759e-01 -2.653627e-01  2.339437e-01
-7.940357e-01 -2.417665e-01 -2.504191e-01  6.818596e-01
-7.963194e-01 -2.481205e-01 -7.926365e-01  2.412724e-01
-7.372615e-01 -2.274459e-01 -7.291010e-01  6.762654e-01
-3.744723e-01 -9.979582e-01 -3.931835e-01  1.549754e+00
-2.863436e-01 -8.546469e-01 -2.772649e-01  1.063483e+00
-3.412132e-01 -9.883152e-01 -1.341328e+00  3.396759e-01
-3.152584e-01 -1.046088e+00 -9.338531e-01  9.072168e-01
-2.271821e-01 -4.508245e-01 -2.301866e-01  1.791360e-01
-2.244668e-01 -6.392233e-01 -2.244740e-01  5.813996e-01
-2.380214e-01 -6.645927e-01 -7.774938e-01  2.040050e-01
-1.897787e-01 -7.945640e-01 -6.302167e-01  5.211524e-01
-3.999074e-01 -3.204238e-01 -4.422101e-01  1.676606e+00
-2.992249e-01 -2.783891e-01 -2.707518e-01  1.193607e+00
-3.763483e-01 -3.250743e-01 -1.539245e+00  3.671532e-01
-3.197588e-01 -3.665155e-01 -1.171618e+00  1.092346e+00
-2.664668e-01 -1.599959e-01 -2.737413e-01  2.173810e-01
-2.706573e-01 -2.088974e-01 -2.657072e-01  7.100698e-01
-2.621100e-01 -2.139067e-01 -9.024049e-01  2.414958e-01
-2.575439e-01 -2.391441e-01 -7.836736e-01  7.037216e-01
-1.339612e+00 -9.845712e-01 -3.434599e-01 -3.393429e-01
-9.332037e-01 -1.040783e+00 -3.037048e-01 -9.074529e-01
-9.765905e-01 -1.108001e+00 -9.628564e-01 -3.481866e-01
-4.427084e-01 -1.608162e+00 -4.535165e-01 -5.408546e-01
-7.747892e-01 -6.700312e-01 -2.392516e-01 -1.980004e-01
-6.228570e-01 -8.075286e-01 -1.839558e-01 -5.025178e-01
-6.710117e-01 -7.646965e-01 -6.820033e-01 -1.817753e-01
-3.093971e-01 -1.238351e+00 -3.082883e-01 -2.390144e-01
-1.542582e+00 -3.259475e-01 -3.763834e-01 -3.776098e-01
-1.129278e+00 -3.615412e-01 -3.085443e-01 -1.116862e+00
-1.174714e+00 -3.789391e-01 -1.200625e+00 -3.362781e-01
-1.011290e+00 -3.911918e-01 -9.891677e-01 -1.009248e+00
-9.020802e-01 -2.217759e-01 -2.653627e-01 -2.339437e-01
-7.940357e-01 -2.417665e-01 -2.504191e-01 -6.818596e-01
-7.963194e-01 -2.481205e-01 -7.926365e-01 -2.412724e-01
-7.372615e-01 -2.274459e-01 -7.291010e-01 -6.762654e-01
-3.744723e-01 -9.979582e-01 -3.931835e-01 -1.549754e+00
-2.863436e-01 -8.546469e-01 -2.772649e-01 -1.063483e+00
-3.412132e-01 -9.883152e-01 -1.341328e+00 -3.396759e-01
-3.152584e-01 -1.046088e+00 -9.338531e-01 -9.072168e-01
-2.271821e-01 -4.508245e-01 -2.301866e-01 -1.791360e-01
-2.244668e-01 -6.392233e-01 -2.244740e-01 -5.813996e-01
-2.380214e-01 -6.645927e-01 -7.774938e-01 -2.040050e-01
-1.897787e-01 -7.945640e-01 -6.302167e-01 -5.211524e-01
-3.999074e-01 -3.204238e-01 -4.422101e-01 -1.676606e+00
-2.992249e-01 -2.783891e-01 -2.707518e-01 -1.193607e+00
-3.763483e-01 -3.250743e-01 -1.539245e+00 -3.671532e-01
-3.197588e-01 -3.665155e-01 -1.171618e+00 -1.092346e+00
-2.664668e-01 -1.599959e-01 -2.737413e-01 -2.173810e-01
-2.706573e-01 -2.088974e-01 -2.657072e-01 -7.100698e-01
-2.621100e-01 -2.139067e-01 -9.024049e-01 -2.414958e-01
-2.575439e-01 -2.391441e-01 -7.836736e-01 -7.037216e-01
